Supplemental results for CODEML (seqf: paml_alt_homininae_selected_removal_dna_aligned_combined_TAS1R3  treef: paml_alt_homininae_ML_tree_selected_removal_dna_aligned_combined_TAS1R3.txt)

I	J	ij	2Ns_IJ	pMut_IJ	pSub_IJ	2Ns_JI	pMut_JI	pSub_JI

TTC	TTT	CT	-0.54610	0.10116	0.07604	0.54610	0.05859	0.07604	0.07604	0.07604
TTA	TTT	AT	3.99889	0.00013	0.00053	-3.99889	0.00706	0.00053	0.00053	0.00053
TTA	TTC	AC	4.54499	0.00056	0.00258	-4.54499	0.05281	0.00258	0.00258	0.00258
TTG	TTT	GT	1.40606	0.00145	0.00270	-1.40606	0.00590	0.00270	0.00270	0.00270
TTG	TTC	GC	1.95217	0.00627	0.01427	-1.95217	0.04418	0.01427	0.01427	0.01427
TTG	TTA	GA	-2.59283	0.03802	0.00797	2.59283	0.00284	0.00797	0.00797	0.00797
TCT	TTT	CT	2.17256	0.00667	0.01636	-2.17256	0.05859	0.01636	0.01636	0.01636
TCC	TTC	CT	2.63477	0.03145	0.08926	-2.63477	0.43837	0.08926	0.08926	0.08926
TCC	TCT	CT	-0.08389	0.03145	0.03015	0.08389	0.02892	0.03015	0.03015	0.03015
TCA	TTA	CT	-1.28261	0.01435	0.00706	1.28261	0.00398	0.00706	0.00706	0.00706
TCA	TCT	AT	0.54372	0.00202	0.00262	-0.54372	0.00348	0.00262	0.00262	0.00262
TCA	TCC	AC	0.62761	0.00876	0.01180	-0.62761	0.01642	0.01180	0.01180	0.01180
TCG	TTG	CT	0.69945	0.02210	0.03073	-0.69945	0.04449	0.03073	0.03073	0.03073
TCG	TCT	GT	-0.06705	0.00312	0.00301	0.06705	0.00291	0.00301	0.00301	0.00301
TCG	TCC	GC	0.01684	0.01350	0.01362	-0.01684	0.01373	0.01362	0.01362	0.01362
TCG	TCA	GA	-0.61077	0.08186	0.05939	0.61077	0.04444	0.05939	0.05939	0.05939
TAT	TTT	AT	1.94310	0.00101	0.00229	-1.94310	0.00706	0.00229	0.00229	0.00229
TAT	TCT	AC	-0.22946	0.00438	0.00390	0.22946	0.00348	0.00390	0.00390	0.00390
TAC	TTC	AT	2.10909	0.00641	0.01538	-2.10909	0.05281	0.01538	0.01538	0.01538
TAC	TCC	AC	-0.52568	0.02777	0.02111	0.52568	0.01642	0.02111	0.02111	0.02111
TAC	TAT	CT	-0.38011	0.04546	0.03737	0.38011	0.03108	0.03737	0.03737	0.03737
TGT	TTT	GT	1.49152	0.00133	0.00256	-1.49152	0.00590	0.00256	0.00256	0.00256
TGT	TCT	GC	-0.68104	0.00576	0.00402	0.68104	0.00291	0.00402	0.00402	0.00402
TGT	TAT	GA	-0.45158	0.03490	0.02761	0.45158	0.02222	0.02761	0.02761	0.02761
TGC	TTC	GT	1.41461	0.01074	0.02006	-1.41461	0.04418	0.02006	0.02006	0.02006
TGC	TCC	GC	-1.22017	0.04652	0.02377	1.22017	0.01373	0.02377	0.02377	0.02377
TGC	TAC	GA	-0.69449	0.28202	0.19533	0.69449	0.14082	0.19533	0.19533	0.19533
TGC	TGT	CT	-0.62302	0.07616	0.05488	0.62302	0.04084	0.05488	0.05488	0.05488
TGG	TTG	GT	-0.56527	0.00789	0.00587	0.56527	0.00448	0.00587	0.00587	0.00587
TGG	TCG	GC	-1.26472	0.03419	0.01701	1.26472	0.00965	0.01701	0.01701	0.01701
TGG	TGT	GT	-0.65073	0.00789	0.00560	0.65073	0.00412	0.00560	0.00560	0.00560
TGG	TGC	GC	-0.02771	0.03419	0.03372	0.02771	0.03326	0.03372	0.03372	0.03372
CTT	TTT	CT	1.41879	0.01418	0.02654	-1.41879	0.05859	0.02654	0.02654	0.02654
CTC	TTC	CT	1.72114	0.07841	0.16434	-1.72114	0.43837	0.16434	0.16434	0.16434
CTC	CTT	CT	-0.24375	0.07841	0.06924	0.24375	0.06145	0.06924	0.06924	0.06924
CTA	TTA	CT	-1.06959	0.01159	0.00648	1.06959	0.00398	0.00648	0.00648	0.00648
CTA	CTT	AT	1.51051	0.00163	0.00317	-1.51051	0.00740	0.00317	0.00317	0.00317
CTA	CTC	AC	1.75427	0.00708	0.01502	-1.75427	0.04093	0.01502	0.01502	0.01502
CTG	TTG	CT	-1.67274	0.23697	0.09162	1.67274	0.04449	0.09162	0.09162	0.09162
CTG	CTT	GT	-1.68546	0.03341	0.01281	1.68546	0.00619	0.01281	0.01281	0.01281
CTG	CTC	GC	-1.44171	0.14476	0.06466	1.44171	0.03424	0.06466	0.06466	0.06466
CTG	CTA	GA	-3.19598	0.87755	0.11968	3.19598	0.03592	0.11968	0.11968	0.11968
CCT	TCT	CT	0.45019	0.01843	0.02289	-0.45019	0.02892	0.02289	0.02289	0.02289
CCT	CTT	CT	1.20396	0.01843	0.03171	-1.20396	0.06145	0.03171	0.03171	0.03171
CCC	TCC	CT	0.69293	0.06815	0.09446	-0.69293	0.13627	0.09446	0.09446	0.09446
CCC	CTC	CT	1.60657	0.06815	0.13695	-1.60657	0.33976	0.13695	0.13695	0.13695
CCC	CCT	CT	0.15885	0.06815	0.07370	-0.15885	0.07988	0.07370	0.07370	0.07370
CCA	TCA	CT	1.16709	0.01935	0.03279	-1.16709	0.06217	0.03279	0.03279	0.03279
CCA	CTA	CT	0.95406	0.01935	0.03003	-0.95406	0.05024	0.03003	0.03003	0.03003
CCA	CCT	AT	1.26062	0.00273	0.00480	-1.26062	0.00962	0.00480	0.00480	0.00480
CCA	CCC	AC	1.10176	0.01182	0.01951	-1.10176	0.03558	0.01951	0.01951	0.01951
CCG	TCG	CT	1.28716	0.02644	0.04701	-1.28716	0.09578	0.04701	0.04701	0.04701
CCG	CTG	CT	3.65934	0.02644	0.09932	-3.65934	1.02687	0.09932	0.09932	0.09932
CCG	CCT	GT	0.76991	0.00373	0.00534	-0.76991	0.00805	0.00534	0.00534	0.00534
CCG	CCC	GC	0.61106	0.01615	0.02159	-0.61106	0.02976	0.02159	0.02159	0.02159
CCG	CCA	GA	-0.49070	0.09792	0.07585	0.49070	0.05994	0.07585	0.07585	0.07585
CAT	TAT	CT	1.79354	0.00517	0.01113	-1.79354	0.03108	0.01113	0.01113	0.01113
CAT	CTT	AT	2.31785	0.00073	0.00187	-2.31785	0.00740	0.00187	0.00187	0.00187
CAT	CCT	AC	1.11389	0.00316	0.00524	-1.11389	0.00962	0.00524	0.00524	0.00524
CAC	TAC	CT	1.28860	0.05430	0.09660	-1.28860	0.19699	0.09660	0.09660	0.09660
CAC	CTC	AT	1.67656	0.00765	0.01579	-1.67656	0.04093	0.01579	0.01579	0.01579
CAC	CCC	AC	0.06999	0.03317	0.03435	-0.06999	0.03558	0.03435	0.03435	0.03435
CAC	CAT	CT	-0.88505	0.05430	0.03377	0.88505	0.02241	0.03377	0.03377	0.03377
CAA	CTA	AT	2.29242	0.00061	0.00156	-2.29242	0.00605	0.00156	0.00156	0.00156
CAA	CCA	AC	1.33836	0.00265	0.00481	-1.33836	0.01010	0.00481	0.00481	0.00481
CAA	CAT	AT	1.48508	0.00061	0.00117	-1.48508	0.00270	0.00117	0.00117	0.00117
CAA	CAC	AC	2.37013	0.00265	0.00693	-2.37013	0.02835	0.00693	0.00693	0.00693
CAG	CTG	AT	2.09021	0.01530	0.03649	-2.09021	0.12371	0.03649	0.03649	0.03649
CAG	CCG	AC	-1.56912	0.06629	0.02736	1.56912	0.01380	0.02736	0.02736	0.02736
CAG	CAT	GT	-1.91310	0.01530	0.00507	1.91310	0.00226	0.00507	0.00507	0.00507
CAG	CAC	GC	-1.02806	0.06629	0.03795	1.02806	0.02371	0.03795	0.03795	0.03795
CAG	CAA	GA	-3.39818	0.40186	0.04724	3.39818	0.01344	0.04724	0.04724	0.04724
CGT	TGT	CT	1.21011	0.01218	0.02100	-1.21011	0.04084	0.02100	0.02100	0.02100
CGT	CTT	GT	1.28284	0.00172	0.00305	-1.28284	0.00619	0.00305	0.00305	0.00305
CGT	CCT	GC	0.07888	0.00744	0.00774	-0.07888	0.00805	0.00774	0.00774	0.00774
CGT	CAT	GA	-1.03501	0.04510	0.02572	1.03501	0.01602	0.02572	0.02572	0.02572
CGC	TGC	CT	1.87125	0.05080	0.11235	-1.87125	0.33000	0.11235	0.11235	0.11235
CGC	CTC	GT	1.56471	0.00716	0.01417	-1.56471	0.03424	0.01417	0.01417	0.01417
CGC	CCC	GC	-0.04186	0.03103	0.03039	0.04186	0.02976	0.03039	0.03039	0.03039
CGC	CAC	GA	-0.11185	0.18811	0.17779	0.11185	0.16821	0.17779	0.17779	0.17779
CGC	CGT	CT	0.03812	0.05080	0.05177	-0.03812	0.05277	0.05177	0.05177	0.05177
CGA	CTA	GT	2.48161	0.00042	0.00115	-2.48161	0.00506	0.00115	0.00115	0.00115
CGA	CCA	GC	1.52754	0.00183	0.00358	-1.52754	0.00845	0.00358	0.00358	0.00358
CGA	CAA	GA	0.18919	0.01112	0.01221	-0.18919	0.01344	0.01221	0.01221	0.01221
CGA	CGT	AT	2.70928	0.00042	0.00123	-2.70928	0.00636	0.00123	0.00123	0.00123
CGA	CGC	AC	2.67116	0.00183	0.00526	-2.67116	0.02652	0.00526	0.00526	0.00526
CGG	TGG	CT	1.83521	0.03870	0.08452	-1.83521	0.24253	0.08452	0.08452	0.08452
CGG	CTG	GT	2.94268	0.00546	0.01695	-2.94268	0.10348	0.01695	0.01695	0.01695
CGG	CCG	GC	-0.71666	0.02364	0.01617	0.71666	0.01155	0.01617	0.01617	0.01617
CGG	CAG	GA	0.85247	0.14332	0.21299	-0.85247	0.33616	0.21299	0.21299	0.21299
CGG	CGT	GT	-0.02563	0.00546	0.00539	0.02563	0.00532	0.00539	0.00539	0.00539
CGG	CGC	GC	-0.06374	0.02364	0.02290	0.06374	0.02218	0.02290	0.02290	0.02290
CGG	CGA	GA	-2.73490	0.14332	0.02721	2.73490	0.00930	0.02721	0.02721	0.02721
ATT	TTT	AT	2.22306	0.00076	0.00191	-2.22306	0.00706	0.00191	0.00191	0.00191
ATT	CTT	AC	0.80427	0.00331	0.00482	-0.80427	0.00740	0.00482	0.00482	0.00482
ATC	TTC	AT	2.44117	0.00460	0.01229	-2.44117	0.05281	0.01229	0.01229	0.01229
ATC	CTC	AC	0.72003	0.01992	0.02795	-0.72003	0.04093	0.02795	0.02795	0.02795
ATC	ATT	CT	-0.32799	0.03261	0.02756	0.32799	0.02349	0.02756	0.02756	0.02756
ATA	TTA	AT	0.44965	0.00031	0.00038	-0.44965	0.00048	0.00038	0.00038	0.00038
ATA	CTA	AC	1.51924	0.00132	0.00258	-1.51924	0.00605	0.00258	0.00258	0.00258
ATA	ATT	AT	2.22548	0.00031	0.00076	-2.22548	0.00283	0.00076	0.00076	0.00076
ATA	ATC	AC	2.55347	0.00132	0.00367	-2.55347	0.01703	0.00367	0.00367	0.00367
ATG	TTG	AT	-0.22535	0.00671	0.00599	0.22535	0.00536	0.00599	0.00599	0.00599
ATG	CTG	AC	1.44738	0.02909	0.05506	-1.44738	0.12371	0.05506	0.05506	0.05506
ATG	ATT	GT	-1.04235	0.00671	0.00381	1.04235	0.00237	0.00381	0.00381	0.00381
ATG	ATC	GC	-0.71436	0.02909	0.01993	0.71436	0.01424	0.01993	0.01993	0.01993
ATG	ATA	GA	-3.26783	0.17638	0.02282	3.26783	0.00672	0.02282	0.02282	0.02282
ACT	TCT	AT	1.82002	0.00056	0.00123	-1.82002	0.00348	0.00123	0.00123	0.00123
ACT	CCT	AC	1.36982	0.00245	0.00449	-1.36982	0.00962	0.00449	0.00449	0.00449
ACT	ATT	CT	1.76951	0.00400	0.00854	-1.76951	0.02349	0.00854	0.00854	0.00854
ACC	TCC	AT	1.04703	0.00576	0.00930	-1.04703	0.01642	0.00930	0.00930	0.00930
ACC	CCC	AC	0.35410	0.02497	0.02965	-0.35410	0.03558	0.02965	0.02965	0.02965
ACC	ATC	CT	1.24063	0.04087	0.07134	-1.24063	0.14133	0.07134	0.07134	0.07134
ACC	ACT	CT	-0.85688	0.04087	0.02583	0.85688	0.01735	0.02583	0.02583	0.02583
ACA	TCA	AT	0.95952	0.00287	0.00446	-0.95952	0.00749	0.00446	0.00446	0.00446
ACA	CCA	AC	-0.20757	0.01243	0.01119	0.20757	0.01010	0.01119	0.01119	0.01119
ACA	ATA	CT	-0.77274	0.02035	0.01349	0.77274	0.00940	0.01349	0.01349	0.01349
ACA	ACT	AT	-0.31678	0.00287	0.00244	0.31678	0.00209	0.00244	0.00244	0.00244
ACA	ACC	AC	0.54010	0.01243	0.01609	-0.54010	0.02134	0.01609	0.01609	0.01609
ACG	TCG	AT	1.03385	0.00410	0.00658	-1.03385	0.01154	0.00658	0.00658	0.00658
ACG	CCG	AC	-0.25331	0.01778	0.01563	0.25331	0.01380	0.01563	0.01563	0.01563
ACG	ATG	CT	1.95865	0.02911	0.06638	-1.95865	0.20639	0.06638	0.06638	0.06638
ACG	ACT	GT	-0.85322	0.00410	0.00260	0.85322	0.00175	0.00260	0.00260	0.00260
ACG	ACC	GC	0.00366	0.01778	0.01782	-0.00366	0.01785	0.01782	0.01782	0.01782
ACG	ACA	GA	-0.53644	0.10780	0.08146	0.53644	0.06305	0.08146	0.08146	0.08146
AAT	TAT	AT	1.45947	0.00087	0.00165	-1.45947	0.00374	0.00165	0.00165	0.00165
AAT	CAT	AC	-0.33407	0.00377	0.00318	0.33407	0.00270	0.00318	0.00318	0.00318
AAT	ATT	AT	1.17951	0.00087	0.00148	-1.17951	0.00283	0.00148	0.00148	0.00148
AAT	ACT	AC	-0.59000	0.00377	0.00277	0.59000	0.00209	0.00277	0.00277	0.00277
AAC	TAC	AT	1.12687	0.00769	0.01282	-1.12687	0.02373	0.01282	0.01282	0.01282
AAC	CAC	AC	-0.16174	0.03332	0.03070	0.16174	0.02835	0.03070	0.03070	0.03070
AAC	ATC	AT	0.79479	0.00769	0.01115	-0.79479	0.01703	0.01115	0.01115	0.01115
AAC	ACC	AC	-0.44584	0.03332	0.02645	0.44584	0.02134	0.02645	0.02645	0.02645
AAC	AAT	CT	-0.71271	0.05455	0.03740	0.71271	0.02675	0.03740	0.03740	0.03740
AAA	CAA	AC	0.21059	0.00183	0.00203	-0.21059	0.00226	0.00203	0.00203	0.00203
AAA	ATA	AT	0.98377	0.00042	0.00067	-0.98377	0.00113	0.00067	0.00067	0.00067
AAA	ACA	AC	1.75651	0.00183	0.00389	-1.75651	0.01062	0.00389	0.00389	0.00389
AAA	AAT	AT	2.02974	0.00042	0.00099	-2.02974	0.00322	0.00099	0.00099	0.00099
AAA	AAC	AC	2.74245	0.00183	0.00538	-2.74245	0.02848	0.00538	0.00538	0.00538
AAG	CAG	AC	0.83788	0.02451	0.03619	-0.83788	0.05665	0.03619	0.03619	0.03619
AAG	ATG	AT	1.48071	0.00566	0.01084	-1.48071	0.02486	0.01084	0.01084	0.01084
AAG	ACG	AC	-0.47793	0.02451	0.01912	0.47793	0.01520	0.01912	0.01912	0.01912
AAG	AAT	GT	-0.74115	0.00566	0.00382	0.74115	0.00270	0.00382	0.00382	0.00382
AAG	AAC	GC	-0.02844	0.02451	0.02416	0.02844	0.02382	0.02416	0.02416	0.02416
AAG	AAA	GA	-2.77089	0.14858	0.02750	2.77089	0.00930	0.02750	0.02750	0.02750
AGT	TGT	AT	1.35445	0.00127	0.00232	-1.35445	0.00492	0.00232	0.00232	0.00232
AGT	CGT	AC	0.14434	0.00550	0.00591	-0.14434	0.00636	0.00591	0.00591	0.00591
AGT	ATT	GT	0.62291	0.00127	0.00171	-0.62291	0.00237	0.00171	0.00171	0.00171
AGT	ACT	GC	-1.14661	0.00550	0.00294	1.14661	0.00175	0.00294	0.00294	0.00294
AGT	AAT	GA	-0.55660	0.03336	0.02493	0.55660	0.01912	0.02493	0.02493	0.02493
AGC	TGC	AT	1.16179	0.01244	0.02104	-1.16179	0.03976	0.02104	0.02104	0.02104
AGC	CGC	AC	-0.70946	0.05391	0.03703	0.70946	0.02652	0.03703	0.03703	0.03703
AGC	ATC	GT	0.13522	0.01244	0.01330	-0.13522	0.01424	0.01330	0.01330	0.01330
AGC	ACC	GC	-1.10541	0.05391	0.02949	1.10541	0.01785	0.02949	0.02949	0.02949
AGC	AAC	GA	-0.65957	0.32680	0.23079	0.65957	0.16898	0.23079	0.23079	0.23079
AGC	AGT	CT	-0.81568	0.08825	0.05710	0.81568	0.03904	0.05710	0.05710	0.05710
AGA	CGA	AC	1.02849	0.00056	0.00090	-1.02849	0.00157	0.00090	0.00090	0.00090
AGA	ATA	GT	1.99085	0.00013	0.00030	-1.99085	0.00095	0.00030	0.00030	0.00030
AGA	ACA	GC	2.76360	0.00056	0.00165	-2.76360	0.00889	0.00165	0.00165	0.00165
AGA	AAA	GA	1.00709	0.00340	0.00539	-1.00709	0.00930	0.00539	0.00539	0.00539
AGA	AGT	AT	3.59343	0.00013	0.00048	-3.59343	0.00470	0.00048	0.00048	0.00048
AGA	AGC	AC	4.40910	0.00056	0.00250	-4.40910	0.04607	0.00250	0.00250	0.00250
AGG	TGG	AT	2.13438	0.00346	0.00837	-2.13438	0.02922	0.00837	0.00837	0.00837
AGG	CGG	AC	0.29917	0.01498	0.01733	-0.29917	0.02020	0.01733	0.01733	0.01733
AGG	ATG	GT	1.79446	0.00346	0.00744	-1.79446	0.02080	0.00744	0.00744	0.00744
AGG	ACG	GC	-0.16418	0.01498	0.01378	0.16418	0.01271	0.01378	0.01378	0.01378
AGG	AAG	GA	0.31375	0.09081	0.10580	-0.31375	0.12428	0.10580	0.10580	0.10580
AGG	AGT	GT	0.12920	0.00346	0.00369	-0.12920	0.00393	0.00369	0.00369	0.00369
AGG	AGC	GC	0.94488	0.01498	0.02316	-0.94488	0.03854	0.02316	0.02316	0.02316
AGG	AGA	GA	-3.46422	0.09081	0.01016	3.46422	0.00284	0.01016	0.01016	0.01016
GTT	TTT	GT	2.45771	0.00051	0.00136	-2.45771	0.00590	0.00136	0.00136	0.00136
GTT	CTT	GC	1.03892	0.00219	0.00352	-1.03892	0.00619	0.00352	0.00352	0.00352
GTT	ATT	GA	0.23465	0.01328	0.01490	-0.23465	0.01679	0.01490	0.01490	0.01490
GTC	TTC	GT	2.16060	0.00509	0.01243	-2.16060	0.04418	0.01243	0.01243	0.01243
GTC	CTC	GC	0.43947	0.02206	0.02726	-0.43947	0.03424	0.02726	0.02726	0.02726
GTC	ATC	GA	-0.28057	0.13375	0.11586	0.28057	0.10103	0.11586	0.11586	0.11586
GTC	GTT	CT	-0.84321	0.03612	0.02301	0.84321	0.01554	0.02301	0.02301	0.02301
GTA	TTA	GT	-0.02614	0.00041	0.00041	0.02614	0.00040	0.00041	0.00041	0.00041
GTA	CTA	GC	1.04345	0.00178	0.00287	-1.04345	0.00506	0.00287	0.00287	0.00287
GTA	ATA	GA	-0.47579	0.01081	0.00844	0.47579	0.00672	0.00844	0.00844	0.00844
GTA	GTT	AT	1.51504	0.00041	0.00080	-1.51504	0.00187	0.00080	0.00080	0.00080
GTA	GTC	AC	2.35825	0.00178	0.00465	-2.35825	0.01885	0.00465	0.00465	0.00465
GTG	TTG	GT	-1.50017	0.02010	0.00866	1.50017	0.00448	0.00866	0.00866	0.00866
GTG	CTG	GC	0.17257	0.08708	0.09481	-0.17257	0.10348	0.09481	0.09481	0.09481
GTG	ATG	GA	-1.27481	0.52789	0.26104	1.27481	0.14754	0.26104	0.26104	0.26104
GTG	GTT	GT	-2.55181	0.02010	0.00433	2.55181	0.00157	0.00433	0.00433	0.00433
GTG	GTC	GC	-1.70860	0.08708	0.03291	1.70860	0.01577	0.03291	0.03291	0.03291
GTG	GTA	GA	-4.06685	0.52789	0.03742	4.06685	0.00904	0.03742	0.03742	0.03742
GCT	TCT	GT	-0.32796	0.00404	0.00342	0.32796	0.00291	0.00342	0.00342	0.00342
GCT	CCT	GC	-0.77816	0.01753	0.01158	0.77816	0.00805	0.01158	0.01158	0.01158
GCT	ACT	GA	-2.14798	0.10626	0.03016	2.14798	0.01240	0.03016	0.03016	0.03016
GCT	GTT	CT	-0.61311	0.02869	0.02079	0.61311	0.01554	0.02079	0.02079	0.02079
GCC	TCC	GT	-0.38544	0.02019	0.01655	0.38544	0.01373	0.01655	0.01655	0.01655
GCC	CCC	GC	-1.07837	0.08749	0.04863	1.07837	0.02976	0.04863	0.04863	0.04863
GCC	ACC	GA	-1.43247	0.53036	0.23823	1.43247	0.12661	0.23823	0.23823	0.23823
GCC	GTC	CT	0.08873	0.14322	0.14967	-0.08873	0.15651	0.14967	0.14967	0.14967
GCC	GCT	CT	-0.14136	0.14322	0.13333	0.14136	0.12434	0.13333	0.13333	0.13333
GCA	TCA	GT	0.81009	0.00279	0.00407	-0.81009	0.00627	0.00407	0.00407	0.00407
GCA	CCA	GC	-0.35700	0.01208	0.01005	0.35700	0.00845	0.01005	0.01005	0.01005
GCA	ACA	GA	-0.14943	0.07321	0.06787	0.14943	0.06305	0.06787	0.06787	0.06787
GCA	GTA	CT	-0.44638	0.01977	0.01568	0.44638	0.01265	0.01568	0.01568	0.01568
GCA	GCT	AT	1.68177	0.00279	0.00576	-1.68177	0.01498	0.00576	0.00576	0.00576
GCA	GCC	AC	1.82314	0.01208	0.02626	-1.82314	0.07477	0.02626	0.02626	0.02626
GCG	TCG	GT	0.95148	0.00373	0.00578	-0.95148	0.00965	0.00578	0.00578	0.00578
GCG	CCG	GC	-0.33568	0.01615	0.01359	0.33568	0.01155	0.01359	0.01359	0.01359
GCG	ACG	GA	-0.08237	0.09792	0.09394	0.08237	0.09018	0.09394	0.09394	0.09394
GCG	GTG	CT	3.15109	0.02644	0.08705	-3.15109	0.61771	0.08705	0.08705	0.08705
GCG	GCT	GT	1.21239	0.00373	0.00643	-1.21239	0.01253	0.00643	0.00643	0.00643
GCG	GCC	GC	1.35376	0.01615	0.02948	-1.35376	0.06254	0.02948	0.02948	0.02948
GCG	GCA	GA	-0.46938	0.09792	0.07673	0.46938	0.06124	0.07673	0.07673	0.07673
GAT	TAT	GT	0.95027	0.00121	0.00188	-0.95027	0.00313	0.00188	0.00188	0.00188
GAT	CAT	GC	-0.84327	0.00525	0.00334	0.84327	0.00226	0.00334	0.00334	0.00334
GAT	AAT	GA	-0.50920	0.03182	0.02440	0.50920	0.01912	0.02440	0.02440	0.02440
GAT	GTT	AT	0.43566	0.00121	0.00149	-0.43566	0.00187	0.00149	0.00149	0.00149
GAT	GCT	AC	1.04877	0.00525	0.00847	-1.04877	0.01498	0.00847	0.00847	0.00847
GAC	TAC	GT	0.76830	0.00921	0.01319	-0.76830	0.01985	0.01319	0.01319	0.01319
GAC	CAC	GC	-0.52030	0.03990	0.03041	0.52030	0.02371	0.03041	0.03041	0.03041
GAC	AAC	GA	-0.35856	0.24186	0.20108	0.35856	0.16898	0.20108	0.20108	0.20108
GAC	GTC	AT	0.71679	0.00921	0.01290	-0.71679	0.01885	0.01290	0.01290	0.01290
GAC	GCC	AC	0.62806	0.03990	0.05373	-0.62806	0.07477	0.05373	0.05373	0.05373
GAC	GAT	CT	-0.56208	0.06531	0.04867	0.56208	0.03723	0.04867	0.04867	0.04867
GAA	CAA	GC	-0.25563	0.00245	0.00215	0.25563	0.00189	0.00215	0.00215	0.00215
GAA	AAA	GA	-0.46622	0.01483	0.01164	0.46622	0.00930	0.01164	0.01164	0.01164
GAA	GTA	AT	0.99334	0.00056	0.00089	-0.99334	0.00152	0.00089	0.00089	0.00089
GAA	GCA	AC	1.43972	0.00245	0.00461	-1.43972	0.01032	0.00461	0.00461	0.00461
GAA	GAT	AT	2.07272	0.00056	0.00134	-2.07272	0.00449	0.00134	0.00134	0.00134
GAA	GAC	AC	2.63479	0.00245	0.00694	-2.63479	0.03410	0.00694	0.00694	0.00694
GAG	CAG	GC	-0.10598	0.05269	0.04994	0.10598	0.04739	0.04994	0.04994	0.04994
GAG	AAG	GA	-0.94386	0.31939	0.19203	0.94386	0.12428	0.19203	0.19203	0.19203
GAG	GTG	AT	1.81166	0.01216	0.02633	-1.81166	0.07442	0.02633	0.02633	0.02633
GAG	GCG	AC	-1.33943	0.05269	0.02505	1.33943	0.01380	0.02505	0.02505	0.02505
GAG	GAT	GT	-1.17581	0.01216	0.00638	1.17581	0.00375	0.00638	0.00638	0.00638
GAG	GAC	GC	-0.61373	0.05269	0.03816	0.61373	0.02852	0.03816	0.03816	0.03816
GAG	GAA	GA	-3.24853	0.31939	0.04192	3.24853	0.01240	0.04192	0.04192	0.04192
GGT	TGT	GT	1.16669	0.00128	0.00217	-1.16669	0.00412	0.00217	0.00217	0.00217
GGT	CGT	GC	-0.04342	0.00555	0.00543	0.04342	0.00532	0.00543	0.00543	0.00543
GGT	AGT	GA	-0.18776	0.03367	0.03061	0.18776	0.02791	0.03061	0.03061	0.03061
GGT	GTT	GT	0.20050	0.00128	0.00141	-0.20050	0.00157	0.00141	0.00141	0.00141
GGT	GCT	GC	0.81362	0.00555	0.00812	-0.81362	0.01253	0.00812	0.00812	0.00812
GGT	GAT	GA	-0.23516	0.03367	0.02987	0.23516	0.02661	0.02987	0.02987	0.02987
GGC	TGC	GT	0.77037	0.01539	0.02207	-0.77037	0.03326	0.02207	0.02207	0.02207
GGC	CGC	GC	-1.10088	0.06670	0.03659	1.10088	0.02218	0.03659	0.03659	0.03659
GGC	AGC	GA	-0.39142	0.40433	0.33035	0.39142	0.27337	0.33035	0.33035	0.33035
GGC	GTC	GT	0.02437	0.01539	0.01558	-0.02437	0.01577	0.01558	0.01558	0.01558
GGC	GCC	GC	-0.06436	0.06670	0.06458	0.06436	0.06254	0.06458	0.06458	0.06458
GGC	GAC	GA	-0.69242	0.40433	0.28038	0.69242	0.20231	0.28038	0.28038	0.28038
GGC	GGT	CT	-1.01934	0.10919	0.06283	1.01934	0.03940	0.06283	0.06283	0.06283
GGA	CGA	GC	-0.82970	0.00301	0.00193	0.82970	0.00131	0.00193	0.00193	0.00193
GGA	AGA	GA	-1.85818	0.01822	0.00626	1.85818	0.00284	0.00626	0.00626	0.00626
GGA	GTA	GT	0.60846	0.00069	0.00093	-0.60846	0.00127	0.00093	0.00093	0.00093
GGA	GCA	GC	1.05485	0.00301	0.00487	-1.05485	0.00863	0.00487	0.00487	0.00487
GGA	GAA	GA	-0.38487	0.01822	0.01494	0.38487	0.01240	0.01494	0.01494	0.01494
GGA	GGT	AT	1.92300	0.00069	0.00156	-1.92300	0.00475	0.00156	0.00156	0.00156
GGA	GGC	AC	2.94234	0.00301	0.00934	-2.94234	0.05700	0.00934	0.00934	0.00934
GGG	TGG	GT	1.33863	0.00641	0.01163	-1.33863	0.02444	0.01163	0.01163	0.01163
GGG	CGG	GC	-0.49658	0.02777	0.02144	0.49658	0.01690	0.02144	0.02144	0.02144
GGG	AGG	GA	-0.79574	0.16834	0.11016	0.79574	0.07596	0.11016	0.11016	0.11016
GGG	GTG	GT	2.27353	0.00641	0.01624	-2.27353	0.06225	0.01624	0.01624	0.01624
GGG	GCG	GC	-0.87756	0.02777	0.01734	0.87756	0.01155	0.01734	0.01734	0.01734
GGG	GAG	GA	0.46187	0.16834	0.21020	-0.46187	0.26717	0.21020	0.21020	0.21020
GGG	GGT	GT	-0.47879	0.00641	0.00500	0.47879	0.00397	0.00500	0.00500	0.00500
GGG	GGC	GC	0.54056	0.02777	0.03595	-0.54056	0.04768	0.03595	0.03595	0.03595
GGG	GGA	GA	-2.40179	0.16834	0.04026	2.40179	0.01524	0.04026	0.04026	0.04026


Histograms
2Ns	FMut	FSub(CodonUsage)	FSubw(after w)

-4.32857	0.00403	0.00029	0.00029
-3.89571	0.02180	0.00217	0.00217
-3.46285	0.08230	0.01268	0.01268
-3.03000	0.06746	0.01331	0.01331
-2.59714	0.04652	0.01345	0.01345
-2.16428	0.03287	0.01351	0.01351
-1.73143	0.08987	0.04688	0.04688
-1.29857	0.10799	0.07307	0.07307
-0.86571	0.13154	0.12003	0.12003
-0.43286	0.11537	0.12880	0.12880
0.00000	0.10837	0.15162	0.15162
0.43286	0.07458	0.12880	0.12880
0.86571	0.05904	0.12003	0.12003
1.29857	0.02907	0.07307	0.07307
1.73143	0.01592	0.04688	0.04688
2.16428	0.00404	0.01351	0.01351
2.59714	0.00341	0.01345	0.01345
3.03000	0.00289	0.01331	0.01331
3.46285	0.00252	0.01268	0.01268
3.89571	0.00037	0.00217	0.00217
4.32857	0.00005	0.00029	0.00029

Proportion of advantageous (S > 0) mutations:
 0.24317

Proportions of good & bad mutations (|S| > 2.0000) among mutations:
0.01183  0.24473

mean |Ns| = 1.44728	mean Ns+ = 0.76786	mean Ns- = -1.66557

