

TREE # 1

  0  0.0000  13688.130245  x:  0.24563   0.00945   0.23122   0.04579   0.12611   0.06551   0.06047   0.05645   0.08661   0.02525   0.02646   0.00256   0.10337   0.07854   0.11389   0.08760   0.00818   0.00455   0.05419   0.03408   0.01581   0.01017   0.04348   0.04664   0.04553   0.05701   0.00788   0.02222   0.00974   0.00000   0.01199   0.01013   0.00706   0.00721   0.00932   0.00782   0.00699   0.01095   0.01394   0.01041   0.00475   0.00715   0.01069   0.00560   0.01247   0.01572   0.00931   0.00604   0.01082   0.02299   0.01921   0.02809   0.03429   0.09033   0.02056   0.01406   0.01034   0.02769   0.00156   0.00700   0.01782   0.01933   0.00502   0.01415   0.01119   0.00704   0.00343   1.17658   1.16959   1.05374   0.98310   1.12692   0.93588  
  1 99.0000  13684.996347  x:  0.24563   0.00964   0.23124   0.04586   0.12611   0.06550   0.06046   0.05647   0.08661   0.02526   0.02643   0.00296   0.10337   0.07858   0.11394   0.08761   0.00810   0.00459   0.05420   0.03404   0.01573   0.01011   0.04350   0.04664   0.04556   0.05701   0.00784   0.02223   0.00956   0.00379   0.01195   0.01012   0.00688   0.00717   0.00924   0.00777   0.00689   0.01088   0.01383   0.01027   0.00475   0.00711   0.01065   0.00555   0.01248   0.01565   0.00917   0.00591   0.01075   0.02296   0.01918   0.02807   0.03427   0.09034   0.02049   0.01399   0.01030   0.02767   0.00151   0.00697   0.01784   0.01928   0.00488   0.01406   0.01112   0.00695   0.00334   1.17671   1.16958   1.05376   0.98310   1.12680   0.93588  
  2 14812.4682  13650.035257  x:  0.24575   0.01522   0.23194   0.04788   0.12618   0.06526   0.06013   0.05709   0.08676   0.02544   0.02542   0.01386   0.10333   0.07968   0.11538   0.08790   0.00582   0.00599   0.05463   0.03283   0.01317   0.00816   0.04424   0.04673   0.04647   0.05728   0.00684   0.02212   0.00341   0.00367   0.01075   0.00974   0.00136   0.00602   0.00688   0.00620   0.00367   0.00859   0.01059   0.00592   0.00473   0.00604   0.00928   0.00425   0.01281   0.01331   0.00509   0.00191   0.00858   0.02196   0.01831   0.02758   0.03365   0.09063   0.01842   0.01161   0.00903   0.02702   0.00012   0.00602   0.01837   0.01777   0.00036   0.01158   0.00879   0.00416   0.00063   1.18083   1.16919   1.05431   0.98307   1.12300   0.93583  
  3 2755.6740  13648.012929  x:  0.24576   0.01578   0.23201   0.04809   0.12619   0.06523   0.06010   0.05715   0.08677   0.02546   0.02532   0.01490   0.10332   0.07979   0.11553   0.08793   0.00559   0.00612   0.05468   0.03270   0.01290   0.00797   0.04432   0.04674   0.04657   0.05731   0.00674   0.02211   0.00275   0.00366   0.01063   0.00970   0.00082   0.00591   0.00664   0.00605   0.00337   0.00836   0.01025   0.00547   0.00472   0.00594   0.00915   0.00413   0.01284   0.01307   0.00468   0.00155   0.00836   0.02186   0.01822   0.02753   0.03358   0.09066   0.01820   0.01137   0.00890   0.02695   0.00066   0.00593   0.01843   0.01762   0.00007   0.01133   0.00855   0.00390   0.00048   1.18127   1.16915   1.05437   0.98307   1.12259   0.93583  
  4 22749.8391  13645.139057  x:  0.24577   0.01658   0.23212   0.04839   0.12620   0.06519   0.06005   0.05724   0.08678   0.02550   0.02516   0.01626   0.10331   0.07996   0.11575   0.08798   0.00526   0.00628   0.05474   0.03252   0.01252   0.00770   0.04443   0.04675   0.04671   0.05735   0.00661   0.02209   0.00177   0.00365   0.01046   0.00965   0.00020   0.00577   0.00632   0.00585   0.00297   0.00804   0.00978   0.00484   0.00472   0.00580   0.00896   0.00397   0.01289   0.01273   0.00410   0.00115   0.00805   0.02171   0.01809   0.02745   0.03349   0.09071   0.01789   0.01102   0.00872   0.02685   0.00101   0.00581   0.01852   0.01741   0.00078   0.01096   0.00823   0.00358   0.00058   1.18192   1.16909   1.05446   0.98307   1.12198   0.93582  
  5 13310.9963  13640.188633  x:  0.24580   0.01790   0.23232   0.04893   0.12622   0.06513   0.05995   0.05738   0.08680   0.02556   0.02488   0.01828   0.10329   0.08025   0.11615   0.08806   0.00471   0.00651   0.05486   0.03219   0.01188   0.00727   0.04463   0.04678   0.04696   0.05742   0.00642   0.02208   0.00000   0.00363   0.01019   0.00956   0.00127   0.00556   0.00582   0.00555   0.00245   0.00752   0.00897   0.00381   0.00472   0.00561   0.00865   0.00378   0.01296   0.01215   0.00321   0.00095   0.00756   0.02145   0.01787   0.02732   0.03333   0.09079   0.01735   0.01043   0.00844   0.02667   0.00140   0.00565   0.01866   0.01704   0.00133   0.01034   0.00769   0.00318   0.00119   1.18311   1.16898   1.05462   0.98306   1.12088   0.93580  
  6 8961.7945  13635.433544  x:  0.24586   0.02092   0.23293   0.05042   0.12626   0.06496   0.05963   0.05772   0.08679   0.02577   0.02406   0.02082   0.10316   0.08106   0.11732   0.08829   0.00351   0.00657   0.05518   0.03128   0.01028   0.00657   0.04523   0.04690   0.04771   0.05765   0.00625   0.02212   0.00000   0.00361   0.00966   0.00943   0.00091   0.00548   0.00515   0.00534   0.00323   0.00657   0.00706   0.00208   0.00473   0.00552   0.00810   0.00399   0.01313   0.01074   0.00229   0.00568   0.00665   0.02075   0.01732   0.02694   0.03288   0.09105   0.01591   0.00906   0.00790   0.02617   0.00156   0.00558   0.01899   0.01611   0.00120   0.00894   0.00668   0.00363   0.00320   1.18695   1.16862   1.05513   0.98304   1.11731   0.93576  
  7 2960.0346  13625.053777  x:  0.24598   0.02839   0.23506   0.05500   0.12638   0.06444   0.05852   0.05858   0.08661   0.02651   0.02152   0.02231   0.10264   0.08366   0.12118   0.08906   0.00200   0.00555   0.05616   0.02854   0.00679   0.00637   0.04720   0.04739   0.05009   0.05847   0.00675   0.02241   0.00000   0.00362   0.00896   0.00933   0.00145   0.00632   0.00583   0.00629   0.00569   0.00596   0.00387   0.00753   0.00479   0.00629   0.00755   0.00573   0.01345   0.00764   0.00721   0.00648   0.00600   0.01885   0.01593   0.02575   0.03150   0.09194   0.01211   0.00641   0.00717   0.02479   0.00193   0.00627   0.01981   0.01360   0.00177   0.00661   0.00585   0.00512   0.00213   1.20066   1.16732   1.05697   0.98299   1.10447   0.93560  
  8 1801.6308  13586.861462  x:  0.24628   0.05279   0.24434   0.07267   0.12677   0.06240   0.05389   0.06160   0.08556   0.02945   0.01284   0.01642   0.10019   0.09431   0.13739   0.09229   0.00851   0.00293   0.05991   0.01911   0.00665   0.00902   0.05501   0.04975   0.05959   0.06186   0.00852   0.02368   0.00000   0.00376   0.00895   0.00962   0.00115   0.00753   0.00826   0.00788   0.00581   0.00921   0.01674   0.00571   0.00466   0.00747   0.00833   0.00827   0.01399   0.00489   0.00641   0.00500   0.00898   0.01355   0.01240   0.02130   0.02684   0.09574   0.00403   0.00782   0.00798   0.02005   0.00170   0.00730   0.02197   0.00835   0.00142   0.00746   0.00922   0.00713   0.00308   1.26336   1.16134   1.06536   0.98274   1.04533   0.93487  
  9 2853.8044  13534.441778  x:  0.24650   0.08889   0.25990   0.09999   0.12733   0.05939   0.04693   0.06605   0.08389   0.03362   0.00682   0.00370   0.09612   0.11129   0.16386   0.09718   0.01053   0.00842   0.06588   0.00902   0.00899   0.00976   0.06616   0.05293   0.07416   0.06710   0.00904   0.02533   0.00000   0.00402   0.00922   0.00986   0.00146   0.00760   0.00888   0.00817   0.00622   0.00985   0.02134   0.00480   0.00485   0.00748   0.00882   0.01006   0.01426   0.01113   0.00603   0.00467   0.00966   0.01101   0.01090   0.01574   0.02130   0.10191   0.02573   0.00920   0.00900   0.01566   0.00162   0.00728   0.02401   0.01029   0.00164   0.00892   0.00983   0.00748   0.00069   1.37350   1.15077   1.08014   0.98235   0.94045   0.93357  
 10 9155.2975  13496.051475  x:  0.24637   0.10284   0.26746   0.11167   0.12753   0.05838   0.04457   0.06775   0.08334   0.03495   0.01493   0.00000   0.09436   0.11889   0.17623   0.09914   0.01079   0.00695   0.06833   0.01505   0.01072   0.00986   0.07010   0.05402   0.08017   0.06929   0.00871   0.02573   0.00000   0.00412   0.00984   0.00997   0.00006   0.00726   0.00892   0.00790   0.00593   0.01001   0.02204   0.00677   0.00476   0.00716   0.00929   0.00934   0.01390   0.01231   0.00693   0.00265   0.00988   0.01445   0.01305   0.01526   0.02130   0.10464   0.02891   0.01036   0.00989   0.01687   0.00099   0.00699   0.02385   0.01329   0.00012   0.01014   0.01005   0.00721   0.00683   1.43188   1.14509   1.08799   0.98218   0.88386   0.93287  
 11 10577.8780  13434.032368  x:  0.24583   0.12748   0.28313   0.13429   0.12790   0.05677   0.04065   0.07094   0.08246   0.03679   0.03319   0.00264   0.09104   0.13414   0.20145   0.10280   0.01292   0.00167   0.07281   0.03067   0.01664   0.01088   0.07699   0.05594   0.09156   0.07352   0.00799   0.02633   0.00000   0.00424   0.01191   0.01033   0.00213   0.00662   0.00965   0.00741   0.00772   0.01163   0.02666   0.00935   0.00450   0.00652   0.01102   0.00690   0.01271   0.01542   0.00870   0.00793   0.01159   0.02346   0.01890   0.01605   0.02329   0.11007   0.03260   0.01498   0.01237   0.02174   0.00218   0.00640   0.02242   0.02032   0.00233   0.01512   0.01194   0.00659   0.00000   1.55798   1.13274   1.10496   0.98186   0.76065   0.93136  
 12 32165.8118  13422.988718  x:  0.24554   0.13609   0.28946   0.14297   0.12804   0.05626   0.03934   0.07216   0.08219   0.03721   0.03846   0.00843   0.08982   0.14018   0.21151   0.10415   0.01448   0.00000   0.07442   0.03565   0.01993   0.01183   0.07946   0.05664   0.09584   0.07517   0.00788   0.02655   0.00000   0.00424   0.01304   0.01055   0.00252   0.00655   0.01060   0.00751   0.00930   0.01300   0.02971   0.01208   0.00444   0.00644   0.01207   0.00588   0.01213   0.01777   0.01114   0.01018   0.01294   0.02689   0.02127   0.01674   0.02441   0.11220   0.03565   0.01768   0.01357   0.02411   0.00267   0.00630   0.02154   0.02320   0.00281   0.01825   0.01345   0.00582   0.00044   1.61042   1.12759   1.11203   0.98173   0.70914   0.93073  
 13 70388.5967  13405.619770  x:  0.24471   0.14725   0.30048   0.15654   0.12820   0.05610   0.03858   0.07364   0.08183   0.03668   0.04703   0.01639   0.08796   0.14983   0.22862   0.10592   0.01730   0.01688   0.07650   0.04526   0.02491   0.01340   0.08238   0.05734   0.10210   0.07746   0.00782   0.02647   0.00000   0.00426   0.01465   0.01079   0.00325   0.00691   0.01228   0.00797   0.01193   0.01539   0.03536   0.01707   0.00453   0.00681   0.01360   0.00405   0.01120   0.02010   0.01566   0.01421   0.01526   0.03246   0.02500   0.01942   0.02791   0.11553   0.03511   0.02198   0.01519   0.02897   0.00350   0.00663   0.01925   0.02685   0.00368   0.02326   0.01611   0.00537   0.00092   1.70887   1.11779   1.12527   0.98158   0.61104   0.92953  
 14 29369.4562  13191.114976  x:  0.23839   0.11837   0.32402   0.16330   0.12722   0.06670   0.05883   0.06769   0.08250   0.01721   0.03247   0.01168   0.08805   0.15755   0.25964   0.10048   0.00879   0.01440   0.06793   0.04612   0.02769   0.00644   0.06570   0.04950   0.09692   0.07333   0.00562   0.01946   0.00000   0.00473   0.00934   0.00770   0.00290   0.00707   0.00553   0.00503   0.00591   0.01004   0.03559   0.01706   0.00713   0.00761   0.00776   0.00850   0.01470   0.02288   0.01653   0.01405   0.00988   0.03099   0.02221   0.03737   0.04727   0.11672   0.02950   0.02220   0.00691   0.04120   0.00308   0.00748   0.00839   0.02280   0.00330   0.02647   0.01156   0.00409   0.00083   2.03076   1.08394   1.16813   0.98257   0.27000   0.92544  
 15 7183.8905  13173.452995  x:  0.23788   0.11076   0.32607   0.16158   0.12732   0.06686   0.05861   0.06714   0.08311   0.02099   0.03179   0.01214   0.08881   0.15673   0.26171   0.09945   0.00737   0.01418   0.06672   0.04568   0.02630   0.00978   0.06306   0.04922   0.09469   0.07217   0.00854   0.02115   0.00000   0.00477   0.01199   0.01075   0.00280   0.00647   0.00941   0.00857   0.00676   0.01025   0.03236   0.01514   0.00355   0.00636   0.01036   0.00386   0.01283   0.02183   0.01469   0.01291   0.01016   0.03041   0.02208   0.03632   0.04643   0.11625   0.02931   0.02056   0.00979   0.04053   0.00297   0.00621   0.01998   0.02246   0.00312   0.02500   0.01111   0.00548   0.00081   2.07159   1.07925   1.17310   0.98327   0.23146   0.92489  
 16 4645.3605  13161.230135  x:  0.23854   0.09853   0.32726   0.15710   0.12810   0.06412   0.05168   0.06788   0.08447   0.03107   0.03381   0.01357   0.09062   0.15382   0.26172   0.09877   0.00948   0.01421   0.06649   0.04446   0.02305   0.01201   0.06181   0.05137   0.09115   0.07083   0.00617   0.02530   0.00000   0.00479   0.01509   0.00971   0.00273   0.00771   0.01023   0.00510   0.01020   0.01366   0.02676   0.01255   0.01310   0.00825   0.01240   0.00483   0.00996   0.01927   0.01199   0.01131   0.01365   0.02947   0.02312   0.02854   0.03844   0.11521   0.02900   0.01789   0.01277   0.03524   0.00286   0.00782   0.01701   0.02289   0.00301   0.02175   0.01363   0.00345   0.00080   2.11324   1.07363   1.17701   0.98536   0.21384   0.92428  
 17 1395.6434  13147.428124  x:  0.24008   0.08442   0.32898   0.15213   0.12930   0.06075   0.04302   0.06945   0.08583   0.03626   0.03587   0.01601   0.09257   0.15058   0.26190   0.09872   0.01282   0.01436   0.06724   0.04314   0.02060   0.01067   0.06192   0.05417   0.08777   0.07018   0.00655   0.02687   0.00000   0.00480   0.01416   0.00847   0.00262   0.00637   0.00802   0.00922   0.01074   0.01523   0.02229   0.01083   0.00686   0.00632   0.01199   0.00497   0.01311   0.01762   0.01025   0.00959   0.01533   0.02903   0.02420   0.02022   0.02911   0.11425   0.02876   0.01695   0.01257   0.02957   0.00277   0.00636   0.00849   0.02360   0.00290   0.01959   0.01565   0.00940   0.00079   2.16382   1.06646   1.18121   0.98847   0.20765   0.92352  
 18 1925.0599  13130.777095  x:  0.24229   0.07019   0.33138   0.14758   0.13071   0.05814   0.03615   0.07143   0.08685   0.03633   0.03722   0.01673   0.09418   0.14759   0.26270   0.09936   0.01608   0.01457   0.06873   0.04182   0.01925   0.00756   0.06313   0.05673   0.08525   0.07046   0.00603   0.02596   0.00000   0.00483   0.01084   0.00833   0.00258   0.00734   0.00562   0.00552   0.00989   0.01514   0.01975   0.01090   0.00125   0.00762   0.00966   0.00701   0.01459   0.01693   0.01056   0.01008   0.01529   0.02891   0.02465   0.01614   0.02316   0.11357   0.02738   0.01758   0.01046   0.02572   0.00273   0.00749   0.01233   0.02400   0.00284   0.01851   0.01664   0.00584   0.00080   2.22204   1.05803   1.18578   0.99235   0.21050   0.92263  
 19 2749.7829  13110.285509  x:  0.24648   0.04670   0.33586   0.14023   0.13321   0.05443   0.02646   0.07501   0.08834   0.03332   0.03880   0.01810   0.09666   0.14274   0.26446   0.10082   0.02049   0.01457   0.07165   0.03935   0.01739   0.00357   0.06574   0.06066   0.08156   0.07151   0.00893   0.02311   0.00000   0.00488   0.00513   0.01005   0.00246   0.00648   0.00440   0.00720   0.00641   0.01299   0.01585   0.01082   0.00693   0.00653   0.00625   0.00631   0.01841   0.01613   0.01084   0.01064   0.01317   0.02882   0.02471   0.01219   0.01600   0.11260   0.02508   0.01900   0.00695   0.02068   0.00263   0.00621   0.01920   0.02426   0.00269   0.01714   0.01658   0.00464   0.00080   2.32602   1.04288   1.19382   0.99941   0.21980   0.92104  
 20 10149.0206  13067.431533  x:  0.25501   0.00797   0.34442   0.12775   0.13791   0.05036   0.01865   0.08171   0.09057   0.02786   0.03924   0.01932   0.10060   0.13410   0.26804   0.10407   0.02400   0.01376   0.07721   0.03240   0.01193   0.01597   0.07107   0.06673   0.07605   0.07410   0.00864   0.01989   0.00000   0.00499   0.01230   0.00972   0.00208   0.00591   0.01006   0.00564   0.00136   0.00718   0.00559   0.00745   0.00764   0.00588   0.00720   0.00570   0.02017   0.01314   0.00821   0.00985   0.00740   0.02700   0.02254   0.01360   0.01649   0.11100   0.02149   0.01760   0.00784   0.01570   0.00228   0.00605   0.01887   0.02256   0.00229   0.01208   0.01288   0.00280   0.00075   2.52442   1.01358   1.20878   1.01334   0.24492   0.91799  
 21 9142.3792  13055.697043  x:  0.25714   0.00000   0.34627   0.12458   0.13899   0.05006   0.01944   0.08313   0.09105   0.02751   0.03937   0.01960   0.10149   0.13184   0.26857   0.10476   0.02394   0.01353   0.07830   0.03088   0.01074   0.01623   0.07201   0.06786   0.07462   0.07454   0.00823   0.01986   0.00000   0.00502   0.01265   0.00975   0.00202   0.00590   0.00986   0.00550   0.00592   0.00674   0.00461   0.00586   0.00773   0.00592   0.00754   0.00503   0.01965   0.01242   0.00657   0.00790   0.00686   0.02643   0.02199   0.01412   0.01737   0.11053   0.02102   0.01658   0.00851   0.01577   0.00217   0.00603   0.01917   0.02208   0.00216   0.01079   0.01171   0.00360   0.00074   2.57172   1.00648   1.21226   1.01678   0.25161   0.91726  
 22 13628.6044  13055.697043  x:  0.25714   0.00000   0.34627   0.12458   0.13899   0.05006   0.01944   0.08313   0.09105   0.02751   0.03937   0.01960   0.10149   0.13184   0.26857   0.10476   0.02394   0.01353   0.07830   0.03088   0.01074   0.01623   0.07201   0.06786   0.07462   0.07454   0.00823   0.01986   0.00000   0.00502   0.01265   0.00975   0.00202   0.00590   0.00986   0.00550   0.00592   0.00674   0.00461   0.00586   0.00773   0.00592   0.00754   0.00503   0.01965   0.01242   0.00657   0.00790   0.00686   0.02643   0.02199   0.01412   0.01737   0.11053   0.02102   0.01658   0.00851   0.01577   0.00217   0.00603   0.01917   0.02208   0.00216   0.01079   0.01171   0.00360   0.00074   2.57172   1.00648   1.21226   1.01678   0.25161   0.91726  
 23 7835.3593  13031.272943  x:  0.25729   0.00209   0.34555   0.12324   0.13883   0.05208   0.02575   0.08237   0.09089   0.02718   0.03760   0.01820   0.10147   0.13076   0.26723   0.10428   0.02095   0.01121   0.07733   0.03023   0.01024   0.01378   0.07052   0.06659   0.07376   0.07394   0.00764   0.02043   0.00000   0.00197   0.01174   0.00965   0.00016   0.00592   0.00808   0.00586   0.00412   0.00704   0.00706   0.00411   0.00596   0.00597   0.00766   0.00468   0.01832   0.01160   0.00449   0.00473   0.00704   0.02532   0.02093   0.01644   0.02081   0.11010   0.01954   0.01456   0.00876   0.01834   0.00018   0.00599   0.01929   0.02065   0.00054   0.01001   0.01002   0.00446   0.00680   2.57211   1.00612   1.21210   1.01710   0.25321   0.91723  
 24 2757.2669  13021.785952  x:  0.25739   0.00336   0.34510   0.12238   0.13873   0.05333   0.02958   0.08189   0.09079   0.02697   0.03649   0.01732   0.10145   0.13008   0.26638   0.10398   0.01905   0.00975   0.07672   0.02983   0.00995   0.01225   0.06957   0.06579   0.07321   0.07356   0.00728   0.02078   0.00000   0.00017   0.01118   0.00959   0.00157   0.00594   0.00699   0.00606   0.00307   0.00721   0.00840   0.00309   0.00490   0.00600   0.00774   0.00448   0.01749   0.01109   0.00326   0.00279   0.00714   0.02463   0.02026   0.01786   0.02290   0.10982   0.01861   0.01330   0.00890   0.01991   0.00112   0.00598   0.01937   0.01974   0.00000   0.00955   0.00899   0.00485   0.00987   2.57237   1.00588   1.21200   1.01730   0.25422   0.91721  
 25 18137.2011  13013.985847  x:  0.25749   0.00478   0.34456   0.12138   0.13861   0.05474   0.03379   0.08133   0.09067   0.02674   0.03520   0.01631   0.10144   0.12928   0.26539   0.10363   0.01686   0.00810   0.07600   0.02937   0.00963   0.01052   0.06848   0.06486   0.07257   0.07312   0.00690   0.02117   0.00000   0.00100   0.01057   0.00952   0.00257   0.00596   0.00582   0.00626   0.00207   0.00738   0.00973   0.00211   0.00379   0.00603   0.00783   0.00428   0.01654   0.01055   0.00204   0.00074   0.00724   0.02384   0.01951   0.01943   0.02517   0.10950   0.01756   0.01187   0.00902   0.02162   0.00183   0.00596   0.01948   0.01874   0.00188   0.00909   0.00787   0.00516   0.01277   2.57266   1.00562   1.21189   1.01754   0.25539   0.91719  
 26 15210.4645  12998.757108  x:  0.25783   0.00864   0.34266   0.11781   0.13814   0.05879   0.04480   0.07940   0.09030   0.02608   0.03094   0.01307   0.10141   0.12654   0.26185   0.10241   0.00946   0.00328   0.07358   0.02802   0.00899   0.00551   0.06483   0.06176   0.07033   0.07156   0.00619   0.02225   0.00000   0.00203   0.00909   0.00941   0.00342   0.00597   0.00366   0.00637   0.00399   0.00757   0.01087   0.00390   0.00293   0.00605   0.00814   0.00427   0.01374   0.00928   0.00375   0.00850   0.00741   0.02140   0.01729   0.02354   0.03082   0.10839   0.01444   0.00779   0.00895   0.02589   0.00281   0.00596   0.01972   0.01558   0.00315   0.00818   0.00529   0.00381   0.01423   2.57371   1.00467   1.21148   1.01837   0.25936   0.91711  
 27 3800.0743  12983.303618  x:  0.25819   0.01179   0.34008   0.11300   0.13746   0.06246   0.05339   0.07697   0.08991   0.02558   0.02613   0.00985   0.10142   0.12302   0.25707   0.10090   0.00115   0.00292   0.07061   0.02704   0.00924   0.00486   0.06050   0.05812   0.06742   0.06953   0.00658   0.02305   0.00000   0.00130   0.00889   0.00945   0.00265   0.00594   0.00759   0.00585   0.00412   0.00724   0.00849   0.00419   0.00743   0.00600   0.00848   0.00503   0.01165   0.00919   0.00412   0.00631   0.00731   0.01920   0.01560   0.02645   0.03448   0.10701   0.01224   0.00629   0.00820   0.02846   0.00226   0.00597   0.01986   0.01298   0.00302   0.00829   0.00681   0.00090   0.00777   2.57512   1.00340   1.21094   1.01948   0.26430   0.91701  
 28 2241.4173  12979.890688  x:  0.25829   0.01256   0.33931   0.11157   0.13725   0.06339   0.05549   0.07627   0.08981   0.02548   0.02488   0.00912   0.10144   0.12200   0.25563   0.10048   0.00000   0.00328   0.06975   0.02687   0.00932   0.00509   0.05930   0.05715   0.06658   0.06894   0.00666   0.02323   0.00000   0.00130   0.00891   0.00946   0.00245   0.00593   0.00786   0.00577   0.00421   0.00717   0.00782   0.00429   0.00770   0.00599   0.00854   0.00511   0.01129   0.00923   0.00424   0.00590   0.00728   0.01871   0.01527   0.02710   0.03528   0.10661   0.01188   0.00632   0.00801   0.02899   0.00216   0.00598   0.01988   0.01250   0.00278   0.00833   0.00704   0.00275   0.00567   2.57554   1.00302   1.21079   1.01981   0.26572   0.91698  
 29 3594.6074  12973.154382  x:  0.25852   0.01431   0.33746   0.10817   0.13677   0.06546   0.06024   0.07465   0.08958   0.02531   0.02212   0.00768   0.10148   0.11960   0.25222   0.09955   0.00222   0.00403   0.06775   0.02658   0.00946   0.00558   0.05658   0.05504   0.06462   0.06758   0.00676   0.02359   0.00000   0.00150   0.00897   0.00948   0.00200   0.00592   0.00769   0.00571   0.00429   0.00708   0.00666   0.00433   0.00742   0.00596   0.00861   0.00514   0.01068   0.00929   0.00432   0.00492   0.00725   0.01773   0.01465   0.02854   0.03705   0.10567   0.01129   0.00662   0.00767   0.03012   0.00191   0.00598   0.01992   0.01166   0.00200   0.00851   0.00719   0.00369   0.00114   2.57655   1.00211   1.21041   1.02059   0.26903   0.91690  
 30 4379.5544  12965.649836  x:  0.25897   0.01612   0.33282   0.09978   0.13559   0.06809   0.06471   0.07106   0.08927   0.02565   0.01846   0.00795   0.10171   0.11407   0.24364   0.09748   0.00111   0.00699   0.06348   0.02679   0.01009   0.00910   0.05110   0.05086   0.06024   0.06450   0.00723   0.02353   0.00000   0.00297   0.01031   0.00961   0.00209   0.00592   0.00604   0.00578   0.00516   0.00691   0.00432   0.00504   0.00468   0.00593   0.00838   0.00478   0.01251   0.01044   0.00530   0.00469   0.00712   0.01777   0.01555   0.02894   0.03698   0.10356   0.01349   0.01064   0.00727   0.02914   0.00234   0.00602   0.01978   0.01387   0.00054   0.00986   0.00802   0.00219   0.00215   2.57912   0.99981   1.20948   1.02254   0.27642   0.91672  
 31 1375.9462  12961.482611  x:  0.25926   0.01688   0.32951   0.09389   0.13478   0.06932   0.06630   0.06870   0.08910   0.02605   0.01715   0.00884   0.10190   0.11031   0.23751   0.09612   0.00123   0.00763   0.06075   0.02706   0.01031   0.00993   0.04777   0.04839   0.05738   0.06250   0.00739   0.02330   0.00000   0.00061   0.01095   0.00966   0.00201   0.00593   0.00589   0.00579   0.00534   0.00691   0.00524   0.00521   0.00431   0.00597   0.00819   0.00463   0.01371   0.01100   0.00556   0.00529   0.00709   0.01822   0.01638   0.02863   0.03608   0.10214   0.01481   0.01196   0.00725   0.02786   0.00206   0.00602   0.01966   0.01535   0.00322   0.01055   0.00840   0.00203   0.00224   2.58097   0.99816   1.20883   1.02394   0.28137   0.91658  
 32 2744.8504  12952.738895  x:  0.26000   0.01794   0.32038   0.07807   0.13263   0.07128   0.06739   0.06280   0.08878   0.02741   0.01712   0.01215   0.10245   0.10057   0.22061   0.09277   0.00247   0.00566   0.05428   0.02795   0.01018   0.00785   0.04045   0.04311   0.05037   0.05774   0.00729   0.02233   0.00000   0.00239   0.01149   0.00965   0.00295   0.00594   0.00811   0.00574   0.00406   0.00721   0.01036   0.00420   0.00770   0.00613   0.00778   0.00459   0.01587   0.01144   0.00444   0.00646   0.00717   0.02005   0.01845   0.02676   0.03219   0.09854   0.01690   0.01123   0.00790   0.02366   0.00169   0.00595   0.01934   0.01792   0.00167   0.01077   0.00853   0.00334   0.00274   2.58617   0.99354   1.20704   1.02781   0.29404   0.91621  
 33 2777.9156  12947.036108  x:  0.26049   0.01805   0.31393   0.06794   0.13133   0.07111   0.06515   0.05976   0.08865   0.02814   0.02009   0.01363   0.10280   0.09476   0.20863   0.09108   0.00139   0.00429   0.05180   0.02845   0.00958   0.00548   0.03883   0.04187   0.04723   0.05577   0.00676   0.02178   0.00000   0.00200   0.01038   0.00952   0.00131   0.00592   0.00612   0.00598   0.00410   0.00718   0.00797   0.00397   0.00524   0.00588   0.00806   0.00447   0.01544   0.01045   0.00368   0.00502   0.00724   0.02087   0.01864   0.02523   0.02928   0.09649   0.01624   0.00838   0.00835   0.02178   0.00277   0.00602   0.01934   0.01753   0.00132   0.00945   0.00689   0.00262   0.00102   2.59004   0.99011   1.20577   1.03061   0.30162   0.91593  
 34 1594.5309  12944.082333  x:  0.26084   0.01832   0.30933   0.06140   0.13051   0.07076   0.06322   0.05813   0.08857   0.02829   0.02184   0.01352   0.10300   0.09112   0.20008   0.09018   0.00233   0.00460   0.05090   0.02863   0.00939   0.00540   0.03904   0.04190   0.04585   0.05496   0.00669   0.02172   0.00000   0.00163   0.00948   0.00947   0.00202   0.00592   0.00637   0.00580   0.00466   0.00702   0.00503   0.00459   0.00539   0.00584   0.00844   0.00486   0.01405   0.00971   0.00452   0.00444   0.00720   0.02074   0.01793   0.02465   0.02803   0.09525   0.01465   0.00641   0.00833   0.02159   0.00202   0.00602   0.01945   0.01597   0.00177   0.00857   0.00677   0.00310   0.00286   2.59293   0.98756   1.20485   1.03267   0.30656   0.91572  
 35 2131.6519  12940.123658  x:  0.26143   0.01927   0.30180   0.05284   0.12952   0.06943   0.05942   0.05699   0.08852   0.02781   0.02402   0.01234   0.10326   0.08670   0.18610   0.08949   0.00169   0.00561   0.05165   0.02853   0.00946   0.00791   0.04232   0.04397   0.04583   0.05517   0.00668   0.02222   0.00000   0.00183   0.00870   0.00949   0.00285   0.00596   0.00552   0.00585   0.00420   0.00719   0.00792   0.00433   0.00443   0.00619   0.00882   0.00487   0.01148   0.00908   0.00467   0.00483   0.00721   0.01985   0.01611   0.02480   0.02810   0.09384   0.01207   0.00816   0.00814   0.02367   0.00109   0.00595   0.01973   0.01295   0.00168   0.00846   0.00696   0.00245   0.00275   2.59801   0.98311   1.20332   1.03621   0.31327   0.91535  
 36 1276.3376  12938.304798  x:  0.26178   0.02030   0.29753   0.04944   0.12913   0.06867   0.05771   0.05707   0.08854   0.02725   0.02406   0.01156   0.10339   0.08502   0.17822   0.08942   0.00205   0.00540   0.05271   0.02834   0.00963   0.00762   0.04454   0.04548   0.04670   0.05580   0.00677   0.02266   0.00000   0.00179   0.00923   0.00953   0.00106   0.00595   0.00594   0.00589   0.00417   0.00722   0.00807   0.00421   0.00513   0.00611   0.00872   0.00479   0.01137   0.00956   0.00434   0.00511   0.00723   0.01930   0.01553   0.02541   0.02914   0.09333   0.01214   0.00919   0.00803   0.02520   0.00337   0.00600   0.01981   0.01267   0.00176   0.00920   0.00726   0.00273   0.00342   2.60112   0.98038   1.20241   1.03833   0.31652   0.91513  
 37 1332.4368  12935.359967  x:  0.26240   0.02264   0.29004   0.04576   0.12871   0.06731   0.05532   0.05818   0.08866   0.02616   0.02292   0.01079   0.10358   0.08331   0.16450   0.08968   0.00196   0.00418   0.05514   0.02794   0.00982   0.00516   0.04830   0.04817   0.04916   0.05743   0.00682   0.02331   0.00000   0.00176   0.01064   0.00960   0.00223   0.00591   0.00610   0.00603   0.00424   0.00719   0.00688   0.00398   0.00523   0.00574   0.00818   0.00445   0.01317   0.01082   0.00347   0.00512   0.00729   0.01875   0.01569   0.02674   0.03161   0.09284   0.01429   0.00983   0.00802   0.02744   0.00179   0.00600   0.01980   0.01444   0.00171   0.01043   0.00715   0.00290   0.00297   2.60698   0.97528   1.20076   1.04226   0.32139   0.91471  
 38 1483.0046  12933.442686  x:  0.26289   0.02499   0.28409   0.04611   0.12869   0.06661   0.05500   0.05994   0.08885   0.02580   0.02137   0.01165   0.10371   0.08352   0.15393   0.09020   0.00180   0.00466   0.05693   0.02783   0.00951   0.00679   0.04972   0.04936   0.05149   0.05881   0.00663   0.02314   0.00000   0.00186   0.01023   0.00949   0.00204   0.00596   0.00613   0.00576   0.00382   0.00722   0.00767   0.00430   0.00529   0.00624   0.00800   0.00471   0.01451   0.01042   0.00545   0.00457   0.00728   0.01925   0.01703   0.02749   0.03317   0.09293   0.01540   0.00683   0.00819   0.02743   0.00202   0.00598   0.01959   0.01612   0.00155   0.00941   0.00650   0.00282   0.00254   2.61230   0.97068   1.19934   1.04574   0.32427   0.91432  
 39 847.4321  12931.262660  x:  0.26346   0.02784   0.27644   0.05008   0.12896   0.06618   0.05599   0.06268   0.08912   0.02641   0.02013   0.01333   0.10382   0.08551   0.14108   0.09108   0.00186   0.00531   0.05833   0.02800   0.00928   0.00667   0.04914   0.04931   0.05418   0.06019   0.00687   0.02221   0.00000   0.00186   0.00861   0.00944   0.00202   0.00593   0.00630   0.00592   0.00533   0.00713   0.00750   0.00426   0.00538   0.00593   0.00867   0.00486   0.01392   0.00886   0.00329   0.00502   0.00713   0.02038   0.01823   0.02728   0.03332   0.09358   0.01434   0.00770   0.00788   0.02502   0.00212   0.00598   0.01935   0.01599   0.00164   0.00770   0.00771   0.00281   0.00262   2.62022   0.96385   1.19731   1.05080   0.32668   0.91375  
 40 755.0510  12929.774366  x:  0.26385   0.02937   0.27059   0.05409   0.12926   0.06600   0.05695   0.06456   0.08926   0.02723   0.02041   0.01380   0.10382   0.08764   0.13197   0.09177   0.00191   0.00444   0.05876   0.02821   0.00958   0.00593   0.04777   0.04862   0.05575   0.06081   0.00678   0.02177   0.00000   0.00180   0.00915   0.00953   0.00204   0.00593   0.00617   0.00592   0.00368   0.00716   0.00698   0.00398   0.00524   0.00588   0.00878   0.00486   0.01277   0.00937   0.00510   0.00487   0.00719   0.02079   0.01797   0.02642   0.03234   0.09430   0.01317   0.00917   0.00785   0.02304   0.00206   0.00599   0.01935   0.01484   0.00167   0.00909   0.00737   0.00287   0.00269   2.62711   0.95793   1.19560   1.05513   0.32775   0.91325  
 41 976.8870  12928.832660  x:  0.26404   0.02946   0.26665   0.05691   0.12948   0.06597   0.05750   0.06524   0.08924   0.02766   0.02166   0.01273   0.10372   0.08937   0.12702   0.09215   0.00189   0.00469   0.05836   0.02833   0.00983   0.00667   0.04650   0.04777   0.05610   0.06072   0.00658   0.02214   0.00000   0.00182   0.01060   0.00958   0.00208   0.00596   0.00608   0.00579   0.00459   0.00723   0.00729   0.00462   0.00528   0.00620   0.00810   0.00461   0.01258   0.01077   0.00392   0.00479   0.00730   0.02020   0.01666   0.02549   0.03103   0.09492   0.01346   0.00812   0.00821   0.02316   0.00201   0.00598   0.01956   0.01412   0.00164   0.01030   0.00637   0.00283   0.00279   2.63290   0.95297   1.19422   1.05869   0.32762   0.91283  
 42 602.1976  12927.867321  x:  0.26418   0.02837   0.26243   0.05931   0.12969   0.06599   0.05767   0.06505   0.08910   0.02749   0.02313   0.01066   0.10350   0.09123   0.12360   0.09242   0.00190   0.00529   0.05723   0.02834   0.00955   0.00636   0.04541   0.04683   0.05555   0.06009   0.00705   0.02289   0.00000   0.00185   0.01039   0.00950   0.00206   0.00591   0.00599   0.00606   0.00400   0.00715   0.00749   0.00358   0.00486   0.00578   0.00787   0.00457   0.01343   0.01061   0.00424   0.00528   0.00719   0.01900   0.01541   0.02470   0.02962   0.09566   0.01470   0.00760   0.00824   0.02516   0.00209   0.00599   0.01982   0.01449   0.00168   0.00929   0.00800   0.00277   0.00286   2.64089   0.94614   1.19238   1.06351   0.32644   0.91224  
 43 508.9352  12926.812440  x:  0.26428   0.02650   0.25772   0.06099   0.12991   0.06601   0.05747   0.06413   0.08894   0.02670   0.02388   0.00949   0.10321   0.09305   0.12166   0.09258   0.00199   0.00420   0.05574   0.02819   0.00940   0.00645   0.04498   0.04618   0.05433   0.05916   0.00690   0.02347   0.00000   0.00178   0.00918   0.00948   0.00203   0.00597   0.00602   0.00575   0.00390   0.00721   0.00758   0.00545   0.00541   0.00624   0.00840   0.00491   0.01411   0.00948   0.00451   0.00458   0.00725   0.01839   0.01570   0.02458   0.02902   0.09642   0.01525   0.00902   0.00804   0.02747   0.00208   0.00598   0.01989   0.01538   0.00167   0.00838   0.00707   0.00286   0.00284   2.65173   0.93686   1.18992   1.06999   0.32433   0.91145  
 44 704.3189  12924.322117  x:  0.26449   0.02257   0.24795   0.06257   0.13033   0.06615   0.05670   0.06139   0.08868   0.02470   0.02330   0.01064   0.10263   0.09600   0.12070   0.09275   0.00191   0.00532   0.05303   0.02790   0.00979   0.00624   0.04566   0.04578   0.05135   0.05714   0.00601   0.02384   0.00000   0.00178   0.00852   0.00960   0.00205   0.00593   0.00665   0.00583   0.00495   0.00726   0.00722   0.00304   0.00571   0.00607   0.00936   0.00503   0.01373   0.00889   0.00473   0.00488   0.00738   0.01909   0.01800   0.02581   0.03007   0.09772   0.01388   0.00915   0.00796   0.03021   0.00203   0.00598   0.01962   0.01605   0.00169   0.01005   0.00506   0.00285   0.00280   2.67803   0.91434   1.18399   1.08563   0.31902   0.90951  
 45 1074.7330  12921.364708  x:  0.26481   0.01873   0.23588   0.06344   0.13085   0.06642   0.05580   0.05788   0.08843   0.02311   0.02180   0.01303   0.10194   0.09885   0.12123   0.09290   0.00193   0.00497   0.05047   0.02764   0.01002   0.00618   0.04712   0.04590   0.04794   0.05493   0.00618   0.02370   0.00000   0.00187   0.00968   0.00964   0.00202   0.00592   0.00606   0.00604   0.00381   0.00721   0.00726   0.00505   0.00480   0.00580   0.00948   0.00462   0.01265   0.01000   0.00390   0.00491   0.00730   0.02049   0.01993   0.02779   0.03218   0.09905   0.01215   0.00757   0.00813   0.03135   0.00205   0.00598   0.01923   0.01569   0.00156   0.01138   0.00818   0.00285   0.00275   2.71383   0.88365   1.17593   1.10687   0.31219   0.90687  
 46 2939.7242  12916.295281  x:  0.26551   0.01867   0.21995   0.06231   0.13157   0.06721   0.05535   0.05378   0.08822   0.02539   0.01997   0.01410   0.10110   0.10013   0.12597   0.09304   0.00193   0.00302   0.05011   0.02798   0.00894   0.00692   0.04931   0.04708   0.04524   0.05344   0.00861   0.02228   0.00000   0.00176   0.01128   0.00929   0.00205   0.00604   0.00503   0.00543   0.00516   0.00703   0.00701   0.00346   0.00570   0.00669   0.00673   0.00426   0.01227   0.01160   0.00480   0.00451   0.00685   0.02087   0.01731   0.03009   0.03474   0.09992   0.01458   0.00851   0.00781   0.02730   0.00199   0.00598   0.01928   0.01304   0.00168   0.00739   0.00757   0.00281   0.00271   2.77290   0.83292   1.16265   1.14179   0.30308   0.90248  
 47 2152.3552  12912.092412  x:  0.26621   0.02123   0.20797   0.06052   0.13217   0.06806   0.05574   0.05151   0.08815   0.02820   0.01975   0.01321   0.10055   0.09972   0.13144   0.09317   0.00176   0.00664   0.05140   0.02852   0.00887   0.00508   0.05053   0.04810   0.04449   0.05330   0.00817   0.02124   0.00000   0.00182   0.01066   0.00932   0.00204   0.00592   0.00674   0.00617   0.00328   0.00726   0.00755   0.00534   0.00505   0.00600   0.00679   0.00477   0.01303   0.01082   0.00446   0.00495   0.00730   0.02007   0.01440   0.03113   0.03579   0.10006   0.01619   0.00874   0.00771   0.02316   0.00211   0.00599   0.01960   0.01274   0.00172   0.00707   0.00565   0.00265   0.00275   2.82680   0.78659   1.15056   1.17356   0.29633   0.89846  
 48 4522.5985  12906.624434  x:  0.26714   0.02649   0.19648   0.05779   0.13288   0.06910   0.05694   0.05100   0.08827   0.03124   0.02129   0.01053   0.10023   0.09745   0.13919   0.09329   0.00188   0.00416   0.05429   0.02899   0.01005   0.00711   0.05038   0.04887   0.04572   0.05455   0.00550   0.02109   0.00000   0.00185   0.00851   0.00970   0.00209   0.00588   0.00663   0.00604   0.00444   0.00736   0.00753   0.00449   0.00488   0.00542   0.00955   0.00494   0.01432   0.00843   0.00432   0.00489   0.00772   0.01837   0.01325   0.03053   0.03486   0.09946   0.01615   0.00794   0.00795   0.01983   0.00204   0.00599   0.02010   0.01521   0.00162   0.01118   0.00772   0.00286   0.00264   2.89665   0.72654   1.13493   1.21458   0.29010   0.89323  
 49 4640.8015  12899.716808  x:  0.26820   0.03324   0.18974   0.05483   0.13368   0.06987   0.05864   0.05487   0.08895   0.03140   0.02347   0.00936   0.10071   0.09252   0.14865   0.09337   0.00187   0.00562   0.05834   0.02910   0.00995   0.00629   0.04733   0.04831   0.04994   0.05762   0.00837   0.02337   0.00000   0.00181   0.00978   0.00958   0.00211   0.00616   0.00448   0.00515   0.00361   0.00676   0.00707   0.00414   0.00651   0.00822   0.01016   0.00492   0.01379   0.01080   0.00382   0.00537   0.00656   0.01833   0.01930   0.02648   0.03017   0.09759   0.01226   0.00818   0.00821   0.02356   0.00203   0.00597   0.02014   0.01732   0.00172   0.01022   0.00754   0.00277   0.00264   2.98775   0.64836   1.11470   1.26771   0.28694   0.88635  
 50 3519.4350  12895.763988  x:  0.26862   0.03523   0.18990   0.05397   0.13403   0.06979   0.05910   0.05830   0.08950   0.02932   0.02365   0.01092   0.10135   0.08973   0.15286   0.09330   0.00205   0.00442   0.05963   0.02868   0.00950   0.00665   0.04521   0.04753   0.05240   0.05930   0.00736   0.02436   0.00000   0.00186   0.01065   0.00946   0.00208   0.00580   0.00809   0.00687   0.00485   0.00735   0.00739   0.00460   0.00406   0.00577   0.00802   0.00407   0.01284   0.01143   0.00480   0.00481   0.00737   0.01941   0.02078   0.02406   0.02786   0.09636   0.01203   0.00882   0.00832   0.02684   0.00210   0.00600   0.01980   0.01639   0.00168   0.00874   0.00738   0.00289   0.00265   3.04040   0.60347   1.10316   1.29815   0.28720   0.88234  
 51 4371.0115  12891.479322  x:  0.26872   0.03389   0.19575   0.05452   0.13416   0.06887   0.05839   0.06253   0.09011   0.02526   0.02241   0.01366   0.10239   0.08751   0.15497   0.09303   0.00200   0.00486   0.05911   0.02791   0.00954   0.00700   0.04343   0.04638   0.05420   0.06048   0.00489   0.02383   0.00000   0.00178   0.01006   0.00958   0.00210   0.00596   0.00567   0.00551   0.00352   0.00743   0.00674   0.00461   0.00591   0.00408   0.00666   0.00553   0.01243   0.00984   0.00409   0.00520   0.00782   0.02090   0.01829   0.02276   0.02747   0.09512   0.01503   0.00881   0.00835   0.02882   0.00200   0.00598   0.01925   0.01362   0.00178   0.00939   0.00740   0.00281   0.00269   3.09590   0.55686   1.09127   1.32977   0.29008   0.87807  
 52 3079.3602  12888.223140  x:  0.26862   0.03103   0.20354   0.05570   0.13411   0.06778   0.05731   0.06582   0.09051   0.02246   0.02130   0.01497   0.10335   0.08628   0.15541   0.09268   0.00205   0.00494   0.05774   0.02732   0.00988   0.00610   0.04263   0.04552   0.05506   0.06104   0.00691   0.02279   0.00000   0.00182   0.00938   0.00970   0.00206   0.00591   0.00610   0.00596   0.00415   0.00724   0.00704   0.00456   0.00505   0.00781   0.00868   0.00528   0.01277   0.00865   0.00436   0.00482   0.00762   0.02151   0.01484   0.02279   0.02843   0.09424   0.01657   0.00834   0.00833   0.02879   0.00201   0.00599   0.01902   0.01246   0.00166   0.01080   0.00766   0.00285   0.00274   3.14355   0.51748   1.08129   1.35660   0.29359   0.87437  
 53 4443.2952  12884.350783  x:  0.26820   0.02580   0.21637   0.05779   0.13369   0.06659   0.05627   0.06775   0.09050   0.02417   0.02141   0.01243   0.10428   0.08651   0.15344   0.09216   0.00206   0.00458   0.05526   0.02730   0.00973   0.00667   0.04386   0.04539   0.05451   0.06060   0.00795   0.02193   0.00000   0.00182   0.00904   0.00945   0.00205   0.00607   0.00598   0.00571   0.00394   0.00682   0.00744   0.00455   0.00524   0.00493   0.00995   0.00435   0.01341   0.01103   0.00423   0.00485   0.00629   0.01992   0.01385   0.02522   0.03150   0.09384   0.01357   0.00818   0.00808   0.02575   0.00203   0.00597   0.01962   0.01548   0.00164   0.00950   0.00656   0.00283   0.00279   3.19630   0.47570   1.07079   1.38555   0.29850   0.87021  
 54 2362.0800  12883.055388  x:  0.26799   0.02422   0.22196   0.05847   0.13340   0.06643   0.05641   0.06739   0.09031   0.02615   0.02190   0.01090   0.10447   0.08727   0.15204   0.09202   0.00203   0.00487   0.05466   0.02765   0.00955   0.00629   0.04503   0.04585   0.05381   0.06004   0.00618   0.02228   0.00000   0.00181   0.00969   0.00951   0.00204   0.00587   0.00600   0.00600   0.00413   0.00742   0.00739   0.00435   0.00511   0.00661   0.00834   0.00518   0.01338   0.01075   0.00431   0.00488   0.00793   0.01910   0.01560   0.02629   0.03243   0.09400   0.01307   0.00844   0.00818   0.02450   0.00206   0.00600   0.01987   0.01573   0.00166   0.00902   0.00727   0.00280   0.00280   3.21543   0.46174   1.06728   1.39566   0.30006   0.86868  
 55 1751.9550  12882.336026  x:  0.26783   0.02454   0.22612   0.05849   0.13307   0.06681   0.05727   0.06562   0.08997   0.02791   0.02238   0.01073   0.10432   0.08862   0.15045   0.09208   0.00199   0.00488   0.05516   0.02824   0.00972   0.00642   0.04632   0.04673   0.05289   0.05933   0.00717   0.02312   0.00000   0.00182   0.01007   0.00966   0.00206   0.00606   0.00625   0.00580   0.00398   0.00710   0.00733   0.00455   0.00510   0.00617   0.00784   0.00431   0.01312   0.00899   0.00425   0.00496   0.00720   0.01909   0.01750   0.02653   0.03202   0.09453   0.01435   0.00828   0.00830   0.02454   0.00205   0.00598   0.01982   0.01458   0.00167   0.00990   0.00720   0.00281   0.00277   3.22705   0.45540   1.06567   1.40115   0.30023   0.86770  
 56 615.1300  12881.738719  x:  0.26765   0.02604   0.23050   0.05804   0.13264   0.06745   0.05834   0.06273   0.08950   0.02876   0.02241   0.01172   0.10395   0.09050   0.14843   0.09231   0.00198   0.00475   0.05636   0.02878   0.00980   0.00641   0.04754   0.04782   0.05182   0.05856   0.00730   0.02354   0.00000   0.00184   0.00971   0.00956   0.00208   0.00574   0.00622   0.00624   0.00431   0.00716   0.00745   0.00460   0.00504   0.00585   0.00902   0.00603   0.01325   0.01006   0.00438   0.00484   0.00691   0.01956   0.01765   0.02619   0.03073   0.09537   0.01502   0.00828   0.00815   0.02525   0.00204   0.00601   0.01961   0.01412   0.00165   0.01000   0.00731   0.00283   0.00270   3.23857   0.45138   1.06461   1.40593   0.29943   0.86668  
 57 516.6182  12881.171224  x:  0.26748   0.02783   0.23455   0.05730   0.13222   0.06804   0.05901   0.05976   0.08905   0.02856   0.02201   0.01271   0.10348   0.09229   0.14638   0.09264   0.00196   0.00482   0.05763   0.02898   0.00974   0.00652   0.04824   0.04862   0.05101   0.05799   0.00652   0.02354   0.00000   0.00183   0.00927   0.00949   0.00209   0.00609   0.00633   0.00575   0.00398   0.00723   0.00713   0.00450   0.00530   0.00639   0.00924   0.00447   0.01347   0.01070   0.00429   0.00505   0.00745   0.02010   0.01665   0.02551   0.02945   0.09625   0.01454   0.00841   0.00815   0.02582   0.00203   0.00598   0.01945   0.01476   0.00170   0.00960   0.00740   0.00283   0.00264   3.24978   0.44897   1.06392   1.41017   0.29806   0.86565  
 58 668.7373  12880.699227  x:  0.26732   0.02935   0.23777   0.05622   0.13191   0.06828   0.05859   0.05756   0.08872   0.02705   0.02147   0.01252   0.10292   0.09341   0.14456   0.09307   0.00197   0.00486   0.05844   0.02854   0.00970   0.00632   0.04767   0.04856   0.05096   0.05797   0.00706   0.02293   0.00000   0.00183   0.01011   0.00972   0.00207   0.00567   0.00599   0.00605   0.00431   0.00704   0.00734   0.00458   0.00542   0.00619   0.00794   0.00502   0.01351   0.00951   0.00445   0.00480   0.00727   0.01998   0.01595   0.02482   0.02912   0.09696   0.01330   0.00843   0.00852   0.02546   0.00205   0.00600   0.01958   0.01583   0.00164   0.00975   0.00735   0.00284   0.00266   3.26093   0.44890   1.06375   1.41375   0.29598   0.86459  
 59 376.4907  12880.127314  x:  0.26713   0.03066   0.24115   0.05463   0.13169   0.06834   0.05739   0.05614   0.08854   0.02545   0.02146   0.01151   0.10224   0.09394   0.14251   0.09359   0.00201   0.00452   0.05865   0.02773   0.00969   0.00673   0.04599   0.04769   0.05158   0.05853   0.00722   0.02223   0.00000   0.00182   0.01014   0.00949   0.00204   0.00669   0.00657   0.00558   0.00368   0.00749   0.00714   0.00431   0.00473   0.00629   0.00807   0.00556   0.01316   0.00974   0.00388   0.00524   0.00718   0.01944   0.01690   0.02460   0.02998   0.09756   0.01362   0.00830   0.00827   0.02462   0.00206   0.00597   0.01982   0.01540   0.00169   0.00957   0.00713   0.00283   0.00274   3.27634   0.45099   1.06402   1.41812   0.29288   0.86307  
 60 447.6455  12879.431278  x:  0.26693   0.03179   0.24477   0.05279   0.13156   0.06837   0.05608   0.05547   0.08851   0.02469   0.02199   0.01083   0.10152   0.09402   0.14029   0.09413   0.00203   0.00500   0.05843   0.02706   0.00966   0.00626   0.04401   0.04649   0.05250   0.05935   0.00673   0.02196   0.00000   0.00182   0.00967   0.00935   0.00205   0.00589   0.00593   0.00615   0.00433   0.00733   0.00757   0.00458   0.00518   0.00601   0.00877   0.00444   0.01287   0.01052   0.00446   0.00475   0.00730   0.01906   0.01802   0.02486   0.03132   0.09803   0.01442   0.00831   0.00804   0.02398   0.00206   0.00599   0.01996   0.01442   0.00165   0.00946   0.00737   0.00280   0.00281   3.29601   0.45469   1.06460   1.42342   0.28921   0.86110  
 61 1028.8653  12878.002900  x:  0.26668   0.03236   0.25026   0.05010   0.13178   0.06861   0.05516   0.05753   0.08910   0.02776   0.02317   0.01272   0.10076   0.09253   0.13706   0.09457   0.00208   0.00485   0.05660   0.02753   0.00965   0.00688   0.04210   0.04474   0.05385   0.06060   0.00679   0.02363   0.00000   0.00180   0.00955   0.01021   0.00208   0.00463   0.00650   0.00570   0.00374   0.00597   0.00699   0.00445   0.00499   0.00643   0.00854   0.00488   0.01364   0.01027   0.00408   0.00519   0.00738   0.01978   0.01702   0.02665   0.03306   0.09804   0.01395   0.00860   0.00868   0.02521   0.00203   0.00603   0.01954   0.01456   0.00173   0.00941   0.00734   0.00283   0.00269   3.33868   0.46539   1.06649   1.43422   0.28334   0.85676  
 62 764.2977  12877.001835  x:  0.26657   0.03235   0.25387   0.04863   0.13203   0.06884   0.05502   0.05956   0.08960   0.02990   0.02335   0.01380   0.10043   0.09108   0.13512   0.09465   0.00208   0.00520   0.05520   0.02819   0.00972   0.00649   0.04171   0.04399   0.05448   0.06112   0.00704   0.02455   0.00000   0.00180   0.00976   0.01008   0.00208   0.00706   0.00614   0.00606   0.00441   0.00747   0.00710   0.00465   0.00533   0.00622   0.00835   0.00512   0.01388   0.00981   0.00457   0.00477   0.00727   0.02029   0.01614   0.02752   0.03339   0.09780   0.01353   0.00869   0.00851   0.02600   0.00201   0.00599   0.01928   0.01498   0.00168   0.00968   0.00763   0.00284   0.00261   3.37207   0.47433   1.06812   1.44252   0.27981   0.85333  
 63 2384.9777  12874.378412  x:  0.26672   0.03086   0.25972   0.04809   0.13277   0.06950   0.05666   0.06446   0.09052   0.03077   0.02002   0.01243   0.10068   0.08711   0.13307   0.09380   0.00199   0.00489   0.05294   0.02969   0.00996   0.00643   0.04499   0.04505   0.05401   0.06024   0.00716   0.02355   0.00000   0.00182   0.01017   0.00741   0.00205   0.00505   0.00604   0.00565   0.00404   0.00908   0.00720   0.00453   0.00517   0.00630   0.00850   0.00487   0.01246   0.00934   0.00418   0.00493   0.00719   0.02006   0.01614   0.02645   0.03012   0.09641   0.01388   0.00805   0.00606   0.02572   0.00203   0.00593   0.01958   0.01577   0.00163   0.00999   0.00731   0.00280   0.00268   3.45175   0.49755   1.07261   1.46177   0.27666   0.84505  
 64 1512.8700  12871.665758  x:  0.26712   0.02913   0.26509   0.04880   0.13350   0.07012   0.05914   0.06877   0.09127   0.02967   0.01747   0.01044   0.10146   0.08332   0.13213   0.09257   0.00190   0.00471   0.05172   0.03052   0.00974   0.00624   0.04898   0.04697   0.05281   0.05868   0.00665   0.02168   0.00000   0.00185   0.00960   0.01032   0.00203   0.00635   0.00609   0.00630   0.00411   0.00667   0.00750   0.00451   0.00507   0.00628   0.00892   0.00486   0.01194   0.01018   0.00423   0.00490   0.00736   0.01937   0.01702   0.02486   0.02711   0.09476   0.01442   0.00806   0.00908   0.02457   0.00208   0.00607   0.02005   0.01541   0.00161   0.00965   0.00722   0.00276   0.00273   3.54094   0.52413   1.07792   1.48311   0.27615   0.83573  
 65 3948.9096  12867.595554  x:  0.26838   0.02792   0.27032   0.05284   0.13393   0.07022   0.06350   0.06996   0.09144   0.02479   0.02450   0.01167   0.10394   0.08168   0.13486   0.09054   0.00194   0.00526   0.05472   0.02860   0.00936   0.00652   0.05169   0.04975   0.05028   0.05593   0.00739   0.02120   0.00000   0.00185   0.00968   0.01023   0.00213   0.00553   0.00673   0.00460   0.00459   0.00833   0.00724   0.00462   0.00520   0.00605   0.00822   0.00480   0.01672   0.01062   0.00469   0.00498   0.00713   0.01885   0.01775   0.02399   0.02956   0.09272   0.01324   0.00899   0.00958   0.02226   0.00208   0.00554   0.01995   0.01404   0.00173   0.00967   0.00780   0.00283   0.00249   3.67761   0.56592   1.08694   1.51525   0.28489   0.82123  
 66 2243.1056  12865.752951  x:  0.26908   0.02740   0.27215   0.05496   0.13384   0.06951   0.06366   0.06889   0.09119   0.02399   0.02651   0.01203   0.10517   0.08249   0.13721   0.08994   0.00198   0.00490   0.05682   0.02772   0.00984   0.00754   0.05138   0.05037   0.04967   0.05538   0.00716   0.02192   0.00000   0.00181   0.01016   0.00922   0.00220   0.00649   0.00645   0.00810   0.00369   0.00667   0.00666   0.00453   0.00607   0.00652   0.00811   0.00468   0.01618   0.01032   0.00415   0.00551   0.00726   0.01919   0.01757   0.02425   0.03076   0.09223   0.01355   0.00894   0.00794   0.02193   0.00199   0.00659   0.01978   0.01480   0.00184   0.00936   0.00739   0.00288   0.00242   3.74228   0.58580   1.09154   1.53028   0.29131   0.81430  
 67 3606.1494  12862.344782  x:  0.27033   0.02649   0.27426   0.05847   0.13320   0.06709   0.06029   0.06461   0.09021   0.02594   0.02582   0.01157   0.10708   0.08645   0.14274   0.08977   0.00207   0.00520   0.06077   0.02711   0.01030   0.00630   0.04846   0.05014   0.05002   0.05613   0.00664   0.02367   0.00000   0.00186   0.01064   0.00974   0.00211   0.00695   0.00656   0.00564   0.00457   0.00533   0.00758   0.00462   0.00514   0.00642   0.00862   0.00521   0.01129   0.01011   0.00468   0.00483   0.00752   0.02025   0.01675   0.02562   0.03178   0.09242   0.01496   0.00862   0.00698   0.02303   0.00207   0.00577   0.01953   0.01725   0.00164   0.00911   0.00767   0.00290   0.00255   3.85013   0.61898   1.09987   1.55502   0.30533   0.80258  
 68 3411.0075  12860.981547  x:  0.27084   0.02603   0.27497   0.05974   0.13276   0.06587   0.05789   0.06223   0.08964   0.02763   0.02376   0.01106   0.10767   0.08898   0.14556   0.09013   0.00205   0.00486   0.06203   0.02742   0.00984   0.00660   0.04689   0.04964   0.05083   0.05715   0.00702   0.02400   0.00000   0.00181   0.00987   0.01047   0.00209   0.00581   0.00627   0.00641   0.00399   0.00815   0.00717   0.00450   0.00533   0.00643   0.00876   0.00487   0.01107   0.01013   0.00427   0.00502   0.00726   0.02025   0.01668   0.02628   0.03163   0.09297   0.01477   0.00842   0.00895   0.02402   0.00203   0.00623   0.01960   0.01686   0.00166   0.00930   0.00736   0.00289   0.00263   3.89759   0.63349   1.10389   1.56574   0.31228   0.79734  
 69 3278.0047  12860.277174  x:  0.27100   0.02579   0.27516   0.05992   0.13241   0.06544   0.05638   0.06090   0.08927   0.02880   0.02183   0.01087   0.10756   0.09088   0.14723   0.09082   0.00203   0.00467   0.06180   0.02813   0.00947   0.00634   0.04638   0.04910   0.05192   0.05824   0.00682   0.02356   0.00000   0.00182   0.00942   0.00946   0.00204   0.00622   0.00616   0.00634   0.00410   0.00728   0.00742   0.00454   0.00504   0.00634   0.00845   0.00488   0.01363   0.01013   0.00426   0.00484   0.00737   0.01957   0.01694   0.02635   0.03097   0.09380   0.01349   0.00822   0.00865   0.02472   0.00205   0.00598   0.01980   0.01503   0.00161   0.00979   0.00728   0.00286   0.00278   3.92094   0.64045   1.10637   1.57078   0.31620   0.79466  
 70 1274.5876  12860.068956  x:  0.27083   0.02587   0.27506   0.05918   0.13213   0.06604   0.05662   0.06074   0.08911   0.02875   0.02211   0.01133   0.10676   0.09224   0.14798   0.09179   0.00202   0.00466   0.06016   0.02859   0.01009   0.00633   0.04720   0.04873   0.05310   0.05923   0.00667   0.02285   0.00000   0.00183   0.01017   0.01028   0.00204   0.00616   0.00615   0.00623   0.00409   0.00743   0.00745   0.00451   0.00506   0.00628   0.00887   0.00480   0.01382   0.00991   0.00428   0.00485   0.00742   0.01891   0.01702   0.02601   0.03083   0.09491   0.01348   0.00817   0.00808   0.02479   0.00205   0.00645   0.01986   0.01494   0.00161   0.00936   0.00726   0.00286   0.00277   3.92800   0.64212   1.10815   1.57184   0.31787   0.79362  
 71 211.8921  12859.906578  x:  0.27056   0.02599   0.27493   0.05834   0.13185   0.06676   0.05706   0.06081   0.08896   0.02851   0.02264   0.01152   0.10579   0.09350   0.14861   0.09277   0.00200   0.00471   0.05848   0.02884   0.00976   0.00642   0.04809   0.04847   0.05414   0.06011   0.00678   0.02250   0.00000   0.00182   0.00988   0.00988   0.00205   0.00619   0.00620   0.00644   0.00406   0.00735   0.00735   0.00453   0.00515   0.00637   0.00860   0.00484   0.01340   0.01004   0.00427   0.00490   0.00733   0.01884   0.01701   0.02568   0.03084   0.09609   0.01373   0.00826   0.00846   0.02465   0.00205   0.00566   0.01985   0.01527   0.00162   0.00954   0.00731   0.00286   0.00272   3.93348   0.64317   1.11013   1.57239   0.31928   0.79269  
 72 296.1064  12859.859297  x:  0.27041   0.02603   0.27488   0.05805   0.13175   0.06699   0.05718   0.06096   0.08891   0.02838   0.02275   0.01138   0.10538   0.09387   0.14879   0.09310   0.00199   0.00475   0.05803   0.02879   0.00957   0.00638   0.04832   0.04846   0.05436   0.06028   0.00687   0.02267   0.00000   0.00183   0.00965   0.00964   0.00206   0.00621   0.00623   0.00629   0.00412   0.00727   0.00738   0.00455   0.00512   0.00636   0.00844   0.00488   0.01331   0.01014   0.00430   0.00487   0.00736   0.01914   0.01698   0.02558   0.03083   0.09650   0.01377   0.00830   0.00862   0.02449   0.00204   0.00628   0.01981   0.01535   0.00162   0.00967   0.00734   0.00287   0.00272   3.93518   0.64335   1.11110   1.57240   0.31969   0.79232  
 73 173.0872  12859.778103  x:  0.26989   0.02606   0.27477   0.05756   0.13154   0.06727   0.05717   0.06161   0.08887   0.02815   0.02259   0.01076   0.10436   0.09436   0.14901   0.09360   0.00198   0.00472   0.05775   0.02837   0.00976   0.00640   0.04838   0.04869   0.05425   0.06016   0.00687   0.02364   0.00000   0.00183   0.00968   0.00990   0.00205   0.00618   0.00619   0.00632   0.00408   0.00735   0.00741   0.00452   0.00511   0.00631   0.00856   0.00489   0.01359   0.01012   0.00427   0.00488   0.00744   0.02018   0.01688   0.02545   0.03074   0.09726   0.01366   0.00825   0.00845   0.02403   0.00205   0.00605   0.01969   0.01519   0.00162   0.00953   0.00729   0.00286   0.00274   3.93822   0.64314   1.11405   1.57185   0.32028   0.79140  
 74 99.5212  12859.542148  x:  0.26794   0.02621   0.27443   0.05666   0.13096   0.06751   0.05679   0.06383   0.08893   0.02824   0.02228   0.01127   0.10158   0.09506   0.14930   0.09455   0.00198   0.00476   0.05856   0.02768   0.00952   0.00632   0.04757   0.04949   0.05291   0.05893   0.00631   0.02401   0.00000   0.00182   0.00997   0.00963   0.00204   0.00619   0.00624   0.00631   0.00409   0.00734   0.00743   0.00451   0.00504   0.00652   0.00877   0.00485   0.01350   0.01000   0.00429   0.00486   0.00657   0.01913   0.01687   0.02553   0.03068   0.09890   0.01363   0.00832   0.00872   0.02389   0.00205   0.00612   0.01989   0.01519   0.00161   0.00939   0.00734   0.00286   0.00275   3.94729   0.64138   1.12554   1.56898   0.32146   0.78807  
 75 134.6613  12859.353135  x:  0.26633   0.02635   0.27416   0.05614   0.13052   0.06759   0.05654   0.06531   0.08897   0.02838   0.02224   0.01158   0.09967   0.09540   0.14947   0.09516   0.00197   0.00472   0.05929   0.02754   0.00959   0.00638   0.04696   0.04993   0.05191   0.05809   0.00700   0.02363   0.00000   0.00182   0.00973   0.00968   0.00204   0.00621   0.00611   0.00629   0.00407   0.00732   0.00743   0.00452   0.00511   0.00624   0.00874   0.00484   0.01336   0.01004   0.00426   0.00485   0.00779   0.01846   0.01696   0.02568   0.03070   0.09993   0.01366   0.00824   0.00866   0.02405   0.00205   0.00609   0.01999   0.01525   0.00161   0.00956   0.00727   0.00287   0.00275   3.95491   0.63972   1.13562   1.56637   0.32231   0.78517  
 76 675.7390  12858.977837  x:  0.26352   0.02663   0.27370   0.05605   0.12995   0.06734   0.05649   0.06615   0.08893   0.02857   0.02277   0.01088   0.09810   0.09514   0.14951   0.09551   0.00197   0.00470   0.06023   0.02876   0.01013   0.00635   0.04661   0.04963   0.05108   0.05768   0.00696   0.02148   0.00000   0.00183   0.00904   0.01031   0.00204   0.00617   0.00621   0.00638   0.00410   0.00739   0.00741   0.00456   0.00505   0.00646   0.00782   0.00484   0.01340   0.01039   0.00425   0.00486   0.00714   0.01961   0.01703   0.02618   0.03094   0.10038   0.01367   0.00817   0.00795   0.02487   0.00205   0.00611   0.01973   0.01532   0.00160   0.00984   0.00734   0.00287   0.00275   3.96956   0.63598   1.15625   1.56075   0.32336   0.77930  
 77 425.5458  12858.278430  x:  0.25859   0.02701   0.27283   0.05659   0.12921   0.06667   0.05668   0.06587   0.08883   0.02834   0.02329   0.00999   0.09735   0.09404   0.14934   0.09549   0.00197   0.00468   0.06099   0.03064   0.00923   0.00652   0.04694   0.04834   0.05080   0.05819   0.00659   0.02007   0.00000   0.00182   0.01089   0.00924   0.00207   0.00621   0.00627   0.00628   0.00410   0.00722   0.00733   0.00451   0.00519   0.00622   0.00926   0.00481   0.01354   0.00969   0.00431   0.00493   0.00760   0.02119   0.01698   0.02669   0.03121   0.09989   0.01368   0.00838   0.00905   0.02546   0.00203   0.00611   0.01941   0.01521   0.00164   0.00941   0.00733   0.00286   0.00272   3.99822   0.62827   1.19751   1.54926   0.32486   0.76756  
 78 1036.2269  12855.906177  x:  0.24386   0.02765   0.26993   0.05915   0.12772   0.06456   0.05730   0.06196   0.08868   0.02666   0.02242   0.01152   0.09954   0.08999   0.14838   0.09418   0.00202   0.00453   0.06066   0.03214   0.00991   0.00635   0.04963   0.04452   0.05265   0.06157   0.00681   0.02482   0.00000   0.00182   0.00963   0.00972   0.00205   0.00618   0.00619   0.00626   0.00407   0.00732   0.00740   0.00453   0.00511   0.00629   0.00852   0.00484   0.01330   0.01016   0.00428   0.00486   0.00738   0.01888   0.01689   0.02620   0.03057   0.09605   0.01370   0.00826   0.00866   0.02376   0.00205   0.00608   0.01999   0.01523   0.00159   0.00942   0.00729   0.00288   0.00272   4.09570   0.60145   1.33921   1.50940   0.32897   0.72719  
 79 1983.2439  12854.851603  x:  0.24213   0.02765   0.26894   0.05914   0.12874   0.06551   0.05746   0.06056   0.08899   0.02903   0.02217   0.01161   0.10344   0.08979   0.14788   0.09306   0.00202   0.00474   0.05831   0.02644   0.00871   0.00644   0.04869   0.04778   0.05495   0.06178   0.00684   0.02323   0.00000   0.00183   0.00974   0.01024   0.00205   0.00618   0.00617   0.00631   0.00407   0.00739   0.00736   0.00454   0.00516   0.00633   0.00861   0.00485   0.01345   0.01007   0.00424   0.00486   0.00738   0.01939   0.01690   0.02446   0.03058   0.09440   0.01375   0.00822   0.00803   0.02463   0.00203   0.00610   0.01974   0.01527   0.00158   0.00985   0.00732   0.00291   0.00270   4.13709   0.58976   1.39984   1.49202   0.33045   0.70965  
 80 1075.8656  12854.567743  x:  0.24343   0.02765   0.26875   0.05873   0.12953   0.06617   0.05733   0.06055   0.08917   0.02922   0.02216   0.01154   0.10502   0.09023   0.14775   0.09268   0.00200   0.00477   0.05770   0.02603   0.01070   0.00634   0.04800   0.04910   0.05561   0.06147   0.00684   0.02298   0.00000   0.00182   0.00964   0.00935   0.00205   0.00620   0.00618   0.00623   0.00409   0.00733   0.00736   0.00453   0.00513   0.00632   0.00851   0.00488   0.01347   0.01006   0.00429   0.00485   0.00738   0.01949   0.01689   0.02439   0.03061   0.09418   0.01376   0.00827   0.00897   0.02473   0.00204   0.00609   0.01973   0.01521   0.00158   0.00945   0.00734   0.00290   0.00269   4.14898   0.58633   1.41734   1.48690   0.33085   0.70447  
 81 894.9010  12853.806484  x:  0.25235   0.02767   0.26850   0.05659   0.13288   0.06865   0.05653   0.06177   0.08984   0.02779   0.02229   0.01124   0.10984   0.09257   0.14745   0.09165   0.00190   0.00473   0.05697   0.02956   0.00975   0.00639   0.04568   0.05218   0.05692   0.05977   0.00684   0.02376   0.00000   0.00182   0.00963   0.00978   0.00205   0.00618   0.00617   0.00625   0.00407   0.00735   0.00738   0.00452   0.00513   0.00630   0.00855   0.00486   0.01334   0.01008   0.00426   0.00485   0.00739   0.01922   0.01681   0.02551   0.03048   0.09450   0.01370   0.00826   0.00854   0.02418   0.00204   0.00609   0.01991   0.01524   0.00158   0.00953   0.00730   0.00287   0.00270   4.18020   0.57711   1.46346   1.47305   0.33185   0.69039  
 82 748.0467  12853.155012  x:  0.26648   0.02762   0.26864   0.05513   0.13571   0.06885   0.05616   0.06320   0.09003   0.02835   0.02214   0.01117   0.11094   0.09352   0.14717   0.09150   0.00203   0.00471   0.05874   0.02781   0.00979   0.00637   0.04816   0.04720   0.05543   0.05941   0.00684   0.02346   0.00000   0.00181   0.00959   0.00978   0.00204   0.00618   0.00613   0.00625   0.00406   0.00736   0.00741   0.00452   0.00510   0.00631   0.00854   0.00484   0.01339   0.01009   0.00424   0.00482   0.00739   0.01923   0.01684   0.02515   0.03038   0.09576   0.01371   0.00823   0.00859   0.02421   0.00204   0.00609   0.01961   0.01521   0.00157   0.00956   0.00730   0.00290   0.00272   4.20650   0.56915   1.50224   1.46087   0.33269   0.67773  
 83 382.4420  12852.950007  x:  0.27322   0.02708   0.26876   0.05623   0.13485   0.06692   0.05704   0.06205   0.08951   0.02842   0.02214   0.01146   0.10780   0.09152   0.14698   0.09233   0.00199   0.00475   0.05809   0.02791   0.00981   0.00639   0.04756   0.04855   0.05498   0.06111   0.00685   0.02357   0.00000   0.00182   0.00961   0.00979   0.00205   0.00618   0.00616   0.00624   0.00407   0.00736   0.00737   0.00453   0.00515   0.00631   0.00853   0.00486   0.01340   0.01009   0.00426   0.00485   0.00738   0.01941   0.01683   0.02489   0.03046   0.09560   0.01376   0.00826   0.00854   0.02428   0.00204   0.00609   0.02073   0.01524   0.00156   0.00958   0.00732   0.00290   0.00269   4.21488   0.56655   1.51422   1.45661   0.33282   0.67290  
 84 135.4580  12852.923679  x:  0.27415   0.02697   0.26877   0.05644   0.13443   0.06676   0.05710   0.06185   0.08946   0.02839   0.02213   0.01143   0.10726   0.09122   0.14696   0.09246   0.00198   0.00475   0.05800   0.02793   0.00981   0.00639   0.04747   0.04876   0.05515   0.06114   0.00685   0.02360   0.00000   0.00182   0.00962   0.00978   0.00205   0.00618   0.00616   0.00624   0.00407   0.00736   0.00737   0.00453   0.00514   0.00631   0.00852   0.00485   0.01339   0.01010   0.00426   0.00485   0.00738   0.01921   0.01683   0.02494   0.03038   0.09543   0.01374   0.00826   0.00854   0.02422   0.00204   0.00609   0.01970   0.01523   0.00157   0.00958   0.00731   0.00289   0.00269   4.21595   0.56622   1.51564   1.45598   0.33282   0.67208  
 85 77.8210  12852.905983  x:  0.27478   0.02683   0.26873   0.05665   0.13312   0.06724   0.05695   0.06174   0.08956   0.02839   0.02216   0.01147   0.10681   0.09115   0.14698   0.09249   0.00199   0.00474   0.05810   0.02788   0.00981   0.00638   0.04757   0.04859   0.05598   0.06030   0.00685   0.02361   0.00000   0.00182   0.00960   0.00978   0.00204   0.00618   0.00615   0.00624   0.00406   0.00736   0.00738   0.00453   0.00513   0.00631   0.00853   0.00486   0.01339   0.01009   0.00426   0.00484   0.00738   0.01925   0.01682   0.02516   0.03028   0.09485   0.01375   0.00825   0.00856   0.02424   0.00204   0.00609   0.01986   0.01523   0.00157   0.00957   0.00731   0.00290   0.00270   4.21674   0.56595   1.51616   1.45516   0.33276   0.67061  
 86 19.2470  12852.891120  x:  0.27503   0.02682   0.26865   0.05663   0.13190   0.06746   0.05685   0.06197   0.08967   0.02849   0.02207   0.01144   0.10698   0.09142   0.14699   0.09221   0.00199   0.00473   0.05811   0.02809   0.00981   0.00637   0.04758   0.04861   0.05573   0.06048   0.00684   0.02366   0.00000   0.00182   0.00958   0.00978   0.00204   0.00618   0.00615   0.00624   0.00406   0.00736   0.00738   0.00453   0.00513   0.00631   0.00855   0.00486   0.01338   0.01009   0.00426   0.00484   0.00738   0.01925   0.01680   0.02451   0.03072   0.09462   0.01373   0.00824   0.00856   0.02428   0.00204   0.00609   0.01983   0.01523   0.00157   0.00957   0.00730   0.00290   0.00270   4.21748   0.56567   1.51596   1.45391   0.33267   0.66804  
 87 15.6014  12852.855455  x:  0.27532   0.02697   0.26848   0.05649   0.12984   0.06752   0.05691   0.06249   0.08981   0.02832   0.02217   0.01141   0.10761   0.09196   0.14701   0.09167   0.00199   0.00475   0.05805   0.02782   0.00981   0.00638   0.04754   0.04870   0.05505   0.06142   0.00685   0.02355   0.00000   0.00181   0.00963   0.00978   0.00204   0.00618   0.00615   0.00624   0.00406   0.00736   0.00738   0.00452   0.00513   0.00631   0.00851   0.00484   0.01340   0.01009   0.00425   0.00484   0.00738   0.01923   0.01683   0.02521   0.03022   0.09456   0.01375   0.00825   0.00855   0.02422   0.00204   0.00609   0.01985   0.01523   0.00157   0.00957   0.00731   0.00290   0.00270   4.21933   0.56496   1.51497   1.45044   0.33251   0.66081  
 88 51.5850  12852.242953  x:  0.27511   0.02721   0.26604   0.05532   0.12498   0.06135   0.05920   0.06337   0.08827   0.02834   0.02204   0.01136   0.11217   0.09065   0.14715   0.09336   0.00198   0.00481   0.05768   0.02803   0.00983   0.00645   0.04731   0.04846   0.05659   0.05827   0.00689   0.02350   0.00000   0.00182   0.00961   0.00977   0.00206   0.00617   0.00621   0.00622   0.00409   0.00734   0.00728   0.00453   0.00520   0.00629   0.00855   0.00487   0.01339   0.01011   0.00429   0.00485   0.00737   0.01929   0.01679   0.02492   0.03035   0.10026   0.01377   0.00831   0.00855   0.02414   0.00203   0.00607   0.01979   0.01525   0.00156   0.00955   0.00735   0.00292   0.00260   4.25127   0.55240   1.49224   1.38675   0.33200   0.52608  
 89 77.8992  12850.000163  x:  0.27367   0.02649   0.26030   0.05622   0.12499   0.06487   0.05828   0.06318   0.08793   0.02817   0.02199   0.01153   0.11227   0.08803   0.14646   0.09520   0.00201   0.00479   0.05878   0.02815   0.00980   0.00645   0.04700   0.04840   0.05623   0.05921   0.00687   0.02342   0.00000   0.00179   0.00963   0.00974   0.00204   0.00615   0.00615   0.00619   0.00407   0.00733   0.00726   0.00449   0.00518   0.00625   0.00856   0.00487   0.01334   0.01006   0.00426   0.00472   0.00737   0.01938   0.01668   0.02482   0.03056   0.10233   0.01385   0.00830   0.00855   0.02433   0.00199   0.00604   0.01969   0.01531   0.00149   0.00949   0.00731   0.00298   0.00253   4.33365   0.51990   1.43273   1.22200   0.33272   0.17626  
 90 1204.3117  12849.889023  x:  0.27357   0.02770   0.25994   0.05577   0.12568   0.06295   0.05836   0.06357   0.08857   0.02804   0.02202   0.01145   0.11118   0.08971   0.14658   0.09412   0.00201   0.00480   0.05780   0.02817   0.00980   0.00646   0.04723   0.04835   0.05620   0.05856   0.00687   0.02342   0.00000   0.00178   0.00964   0.00975   0.00204   0.00615   0.00616   0.00619   0.00407   0.00732   0.00725   0.00449   0.00518   0.00625   0.00856   0.00486   0.01334   0.01008   0.00426   0.00472   0.00737   0.01937   0.01671   0.02486   0.03058   0.10026   0.01383   0.00831   0.00856   0.02437   0.00199   0.00604   0.01969   0.01530   0.00149   0.00949   0.00732   0.00298   0.00252   4.33937   0.51765   1.42860   1.21061   0.33281   0.15184  
 91 299.2016  12849.885473  x:  0.27354   0.02728   0.25990   0.05551   0.12573   0.06283   0.05866   0.06358   0.08853   0.02806   0.02201   0.01145   0.11106   0.08994   0.14655   0.09395   0.00202   0.00481   0.05807   0.02817   0.00980   0.00646   0.04715   0.04834   0.05639   0.05867   0.00688   0.02340   0.00000   0.00179   0.00964   0.00975   0.00204   0.00615   0.00616   0.00619   0.00408   0.00732   0.00725   0.00449   0.00519   0.00625   0.00856   0.00487   0.01335   0.01008   0.00427   0.00472   0.00736   0.01938   0.01670   0.02481   0.03053   0.10012   0.01384   0.00832   0.00856   0.02432   0.00199   0.00604   0.01969   0.01530   0.00149   0.00948   0.00733   0.00298   0.00251   4.33955   0.51759   1.42848   1.21028   0.33277   0.15113  
 92 12.0500  12849.877371  x:  0.27353   0.02736   0.25992   0.05560   0.12581   0.06293   0.05855   0.06366   0.08767   0.02805   0.02201   0.01150   0.11077   0.08990   0.14656   0.09287   0.00203   0.00481   0.05801   0.02817   0.00980   0.00646   0.04719   0.04834   0.05663   0.05865   0.00688   0.02340   0.00000   0.00178   0.00964   0.00975   0.00204   0.00615   0.00616   0.00619   0.00408   0.00732   0.00725   0.00449   0.00519   0.00625   0.00856   0.00486   0.01334   0.01008   0.00427   0.00471   0.00737   0.01938   0.01670   0.02482   0.03055   0.10047   0.01384   0.00831   0.00856   0.02433   0.00199   0.00604   0.01969   0.01529   0.00149   0.00948   0.00732   0.00298   0.00251   4.34001   0.51750   1.42845   1.21024   0.33274   0.15128  
 93  0.8897  12848.883289  x:  0.27211   0.02666   0.26230   0.05798   0.12888   0.06286   0.05782   0.06266   0.09890   0.02748   0.02207   0.01128   0.10610   0.09102   0.14760   0.08614   0.00232   0.00492   0.05827   0.02817   0.00975   0.00653   0.04779   0.04863   0.05857   0.05940   0.00682   0.02331   0.00000   0.00165   0.00964   0.00970   0.00195   0.00610   0.00601   0.00610   0.00405   0.00728   0.00709   0.00434   0.00499   0.00614   0.00848   0.00484   0.01325   0.01006   0.00418   0.00412   0.00735   0.01953   0.01653   0.02497   0.03093   0.10428   0.01386   0.00836   0.00851   0.02476   0.00183   0.00602   0.01968   0.01520   0.00140   0.00936   0.00724   0.00320   0.00234   4.39786   0.50770   1.42739   1.21314   0.33053   0.18806  
 94  3.7943  12846.589679  x:  0.26890   0.02563   0.26748   0.06068   0.13565   0.06324   0.05582   0.06721   0.09070   0.02620   0.02222   0.01133   0.10184   0.09852   0.14995   0.09321   0.00278   0.00511   0.05855   0.02804   0.00961   0.00669   0.04894   0.04934   0.05692   0.06069   0.00670   0.02293   0.00000   0.00136   0.00964   0.00962   0.00176   0.00598   0.00567   0.00590   0.00398   0.00718   0.00674   0.00399   0.00455   0.00592   0.00831   0.00477   0.01307   0.01002   0.00397   0.00277   0.00734   0.01977   0.01619   0.02555   0.03177   0.09364   0.01391   0.00850   0.00840   0.02547   0.00147   0.00598   0.01967   0.01499   0.00119   0.00908   0.00706   0.00369   0.00196   4.52766   0.48588   1.42544   1.22063   0.32428   0.27052  
 95 335.9751  12845.743406  x:  0.26963   0.02363   0.27632   0.06345   0.13488   0.06485   0.05504   0.06741   0.09103   0.02610   0.02227   0.01133   0.10335   0.09781   0.15146   0.09458   0.00299   0.00519   0.05956   0.02784   0.00959   0.00674   0.04936   0.04985   0.05733   0.06144   0.00666   0.02292   0.00000   0.00125   0.00959   0.00958   0.00167   0.00595   0.00557   0.00584   0.00394   0.00715   0.00665   0.00384   0.00438   0.00587   0.00824   0.00475   0.01298   0.01001   0.00388   0.00226   0.00734   0.01982   0.01608   0.02588   0.03210   0.09777   0.01389   0.00854   0.00833   0.02560   0.00134   0.00598   0.01982   0.01502   0.00109   0.00896   0.00699   0.00389   0.00180   4.50733   0.51061   1.49748   1.40680   0.32091   0.17711  
 96  5.7730  12845.382539  x:  0.26875   0.02381   0.27645   0.06327   0.13488   0.06714   0.05492   0.06659   0.09031   0.02671   0.02203   0.01143   0.10354   0.09633   0.14971   0.09552   0.00333   0.00551   0.05982   0.02805   0.00965   0.00711   0.04891   0.04943   0.05674   0.06169   0.00685   0.02276   0.00000   0.00123   0.00968   0.00951   0.00147   0.00592   0.00604   0.00590   0.00352   0.00715   0.00701   0.00344   0.00490   0.00595   0.00834   0.00481   0.01309   0.01007   0.00350   0.00243   0.00722   0.01984   0.01651   0.02559   0.03201   0.09844   0.01389   0.00880   0.00828   0.02515   0.00141   0.00601   0.01983   0.01537   0.00103   0.00880   0.00722   0.00416   0.00174   4.60150   0.49500   1.49081   1.36600   0.32226   0.14983  
 97  0.1207  12845.299940  x:  0.26918   0.02446   0.27724   0.06228   0.13409   0.06610   0.05554   0.06631   0.08981   0.02698   0.02201   0.01145   0.10415   0.09649   0.14907   0.09540   0.00349   0.00563   0.05942   0.02812   0.00967   0.00721   0.04886   0.04929   0.05660   0.06113   0.00686   0.02275   0.00000   0.00121   0.00972   0.00952   0.00136   0.00593   0.00606   0.00594   0.00350   0.00717   0.00715   0.00355   0.00482   0.00599   0.00839   0.00480   0.01319   0.01008   0.00352   0.00225   0.00723   0.01983   0.01669   0.02547   0.03189   0.09790   0.01395   0.00894   0.00829   0.02486   0.00138   0.00601   0.01984   0.01553   0.00098   0.00885   0.00729   0.00427   0.00172   4.64083   0.49558   1.50331   1.36974   0.32338   0.17287  
 98  0.0590  12845.274256  x:  0.26947   0.02444   0.27725   0.06201   0.13348   0.06563   0.05585   0.06617   0.08990   0.02693   0.02207   0.01145   0.10446   0.09625   0.14926   0.09532   0.00359   0.00566   0.05944   0.02812   0.00966   0.00723   0.04891   0.04936   0.05669   0.06093   0.00681   0.02282   0.00000   0.00122   0.00971   0.00955   0.00135   0.00594   0.00595   0.00596   0.00355   0.00718   0.00715   0.00359   0.00463   0.00601   0.00838   0.00478   0.01321   0.01007   0.00355   0.00236   0.00728   0.01981   0.01662   0.02549   0.03193   0.09820   0.01398   0.00897   0.00835   0.02485   0.00128   0.00600   0.01985   0.01557   0.00098   0.00889   0.00729   0.00431   0.00175   4.65734   0.49745   1.51460   1.37889   0.32344   0.16185  
 99  0.0222  12845.262225  x:  0.26922   0.02433   0.27640   0.06206   0.13363   0.06576   0.05570   0.06628   0.09008   0.02683   0.02206   0.01139   0.10418   0.09623   0.14954   0.09527   0.00366   0.00563   0.05953   0.02808   0.00966   0.00721   0.04890   0.04935   0.05673   0.06100   0.00681   0.02283   0.00000   0.00122   0.00969   0.00956   0.00125   0.00596   0.00596   0.00594   0.00361   0.00716   0.00710   0.00359   0.00476   0.00599   0.00837   0.00479   0.01314   0.01006   0.00361   0.00234   0.00727   0.01978   0.01655   0.02553   0.03195   0.09829   0.01389   0.00890   0.00835   0.02496   0.00123   0.00600   0.01984   0.01546   0.00097   0.00888   0.00727   0.00431   0.00177   4.66674   0.49623   1.51990   1.37968   0.32312   0.16217  
100  0.0068  12845.258467  x:  0.26912   0.02438   0.27628   0.06210   0.13375   0.06578   0.05571   0.06634   0.09001   0.02685   0.02206   0.01141   0.10414   0.09634   0.14949   0.09530   0.00368   0.00561   0.05949   0.02808   0.00966   0.00720   0.04889   0.04932   0.05668   0.06102   0.00682   0.02280   0.00000   0.00125   0.00969   0.00955   0.00122   0.00595   0.00597   0.00594   0.00357   0.00717   0.00711   0.00358   0.00475   0.00599   0.00838   0.00480   0.01314   0.01006   0.00357   0.00243   0.00726   0.01980   0.01657   0.02553   0.03195   0.09818   0.01391   0.00889   0.00834   0.02496   0.00121   0.00600   0.01984   0.01546   0.00099   0.00887   0.00726   0.00428   0.00179   4.66267   0.49723   1.52247   1.38519   0.32303   0.16513  
101  0.0074  12845.255980  x:  0.26905   0.02443   0.27621   0.06214   0.13383   0.06593   0.05574   0.06630   0.08998   0.02689   0.02205   0.01144   0.10414   0.09629   0.14928   0.09531   0.00367   0.00560   0.05948   0.02810   0.00966   0.00718   0.04887   0.04929   0.05663   0.06106   0.00683   0.02278   0.00000   0.00126   0.00970   0.00954   0.00120   0.00594   0.00597   0.00594   0.00357   0.00718   0.00712   0.00362   0.00471   0.00599   0.00838   0.00479   0.01316   0.01006   0.00359   0.00238   0.00726   0.01982   0.01660   0.02552   0.03195   0.09815   0.01394   0.00890   0.00833   0.02494   0.00117   0.00600   0.01984   0.01548   0.00099   0.00888   0.00726   0.00424   0.00178   4.65833   0.49742   1.52081   1.38480   0.32313   0.16414  
102  0.0041  12845.254680  x:  0.26920   0.02440   0.27647   0.06214   0.13374   0.06583   0.05580   0.06626   0.08998   0.02689   0.02206   0.01142   0.10423   0.09630   0.14934   0.09531   0.00366   0.00561   0.05947   0.02810   0.00966   0.00720   0.04888   0.04931   0.05666   0.06102   0.00682   0.02281   0.00000   0.00128   0.00970   0.00954   0.00118   0.00594   0.00597   0.00595   0.00359   0.00717   0.00713   0.00359   0.00472   0.00599   0.00837   0.00479   0.01317   0.01007   0.00359   0.00237   0.00726   0.01981   0.01659   0.02552   0.03195   0.09818   0.01393   0.00892   0.00833   0.02494   0.00119   0.00600   0.01984   0.01549   0.00102   0.00888   0.00728   0.00422   0.00179   4.65433   0.49769   1.51807   1.38339   0.32315   0.16377  
103  0.0032  12845.254254  x:  0.26924   0.02439   0.27653   0.06213   0.13372   0.06581   0.05579   0.06626   0.08999   0.02688   0.02206   0.01141   0.10423   0.09630   0.14938   0.09531   0.00366   0.00562   0.05948   0.02809   0.00966   0.00721   0.04888   0.04932   0.05668   0.06103   0.00682   0.02281   0.00000   0.00129   0.00970   0.00954   0.00119   0.00595   0.00597   0.00595   0.00358   0.00717   0.00713   0.00359   0.00474   0.00600   0.00837   0.00479   0.01316   0.01007   0.00358   0.00237   0.00727   0.01980   0.01658   0.02552   0.03195   0.09819   0.01392   0.00892   0.00833   0.02494   0.00117   0.00600   0.01984   0.01547   0.00103   0.00888   0.00728   0.00422   0.00179   4.65468   0.49727   1.51668   1.38114   0.32315   0.16412  
104  0.0033  12845.254013  x:  0.26922   0.02438   0.27654   0.06212   0.13373   0.06583   0.05576   0.06628   0.09000   0.02687   0.02207   0.01142   0.10421   0.09629   0.14940   0.09530   0.00367   0.00562   0.05950   0.02809   0.00966   0.00720   0.04889   0.04933   0.05668   0.06104   0.00682   0.02281   0.00000   0.00130   0.00969   0.00955   0.00119   0.00595   0.00596   0.00594   0.00357   0.00717   0.00713   0.00360   0.00472   0.00600   0.00838   0.00479   0.01316   0.01006   0.00357   0.00237   0.00727   0.01981   0.01658   0.02552   0.03195   0.09820   0.01393   0.00891   0.00834   0.02495   0.00117   0.00600   0.01984   0.01547   0.00103   0.00888   0.00727   0.00422   0.00179   4.65645   0.49680   1.51631   1.37953   0.32315   0.16410  
105  0.0023  12845.253891  x:  0.26919   0.02440   0.27655   0.06212   0.13374   0.06583   0.05575   0.06629   0.08999   0.02688   0.02206   0.01142   0.10420   0.09630   0.14938   0.09530   0.00368   0.00562   0.05949   0.02809   0.00966   0.00720   0.04889   0.04932   0.05667   0.06104   0.00682   0.02280   0.00000   0.00130   0.00970   0.00955   0.00119   0.00595   0.00597   0.00594   0.00357   0.00717   0.00712   0.00359   0.00473   0.00599   0.00838   0.00479   0.01316   0.01006   0.00358   0.00236   0.00726   0.01981   0.01659   0.02552   0.03195   0.09817   0.01393   0.00891   0.00833   0.02495   0.00117   0.00600   0.01983   0.01546   0.00104   0.00888   0.00727   0.00423   0.00179   4.65707   0.49703   1.51747   1.38094   0.32317   0.16403  
106  0.0013  12845.253869  x:  0.26919   0.02439   0.27652   0.06212   0.13374   0.06583   0.05576   0.06628   0.08999   0.02688   0.02206   0.01142   0.10420   0.09630   0.14938   0.09530   0.00368   0.00561   0.05949   0.02809   0.00966   0.00720   0.04888   0.04932   0.05667   0.06103   0.00682   0.02280   0.00000   0.00131   0.00970   0.00954   0.00119   0.00594   0.00597   0.00594   0.00357   0.00717   0.00713   0.00359   0.00473   0.00599   0.00838   0.00479   0.01316   0.01006   0.00358   0.00236   0.00726   0.01981   0.01658   0.02552   0.03194   0.09818   0.01393   0.00891   0.00833   0.02494   0.00118   0.00600   0.01983   0.01547   0.00104   0.00888   0.00727   0.00424   0.00179   4.65686   0.49708   1.51769   1.38126   0.32316   0.16412  
107  0.0003  12845.253866  x:  0.26919   0.02439   0.27650   0.06212   0.13374   0.06583   0.05576   0.06628   0.08999   0.02688   0.02206   0.01142   0.10420   0.09629   0.14938   0.09530   0.00367   0.00561   0.05949   0.02809   0.00966   0.00720   0.04888   0.04932   0.05667   0.06103   0.00682   0.02280   0.00000   0.00131   0.00970   0.00954   0.00119   0.00595   0.00597   0.00594   0.00357   0.00717   0.00713   0.00359   0.00473   0.00599   0.00838   0.00479   0.01316   0.01006   0.00358   0.00236   0.00726   0.01981   0.01658   0.02552   0.03195   0.09819   0.01393   0.00891   0.00833   0.02494   0.00118   0.00600   0.01983   0.01547   0.00105   0.00888   0.00727   0.00424   0.00179   4.65683   0.49711   1.51775   1.38140   0.32315   0.16411  
108  0.0001  12845.253866  x:  0.26919   0.02439   0.27649   0.06212   0.13374   0.06583   0.05576   0.06628   0.08999   0.02688   0.02206   0.01142   0.10420   0.09629   0.14938   0.09530   0.00367   0.00561   0.05949   0.02809   0.00966   0.00720   0.04888   0.04932   0.05667   0.06103   0.00682   0.02280   0.00000   0.00131   0.00970   0.00954   0.00119   0.00595   0.00597   0.00594   0.00357   0.00717   0.00713   0.00359   0.00472   0.00599   0.00838   0.00479   0.01316   0.01006   0.00358   0.00236   0.00726   0.01981   0.01658   0.02552   0.03195   0.09818   0.01393   0.00891   0.00833   0.02495   0.00118   0.00600   0.01983   0.01547   0.00105   0.00888   0.00727   0.00424   0.00179   4.65688   0.49711   1.51774   1.38143   0.32315   0.16411  
109  0.0000  12845.253865  x:  0.26919   0.02439   0.27649   0.06212   0.13374   0.06583   0.05576   0.06628   0.08999   0.02688   0.02206   0.01142   0.10420   0.09629   0.14938   0.09530   0.00367   0.00562   0.05949   0.02809   0.00966   0.00720   0.04888   0.04932   0.05667   0.06103   0.00682   0.02280   0.00000   0.00131   0.00970   0.00954   0.00119   0.00595   0.00597   0.00594   0.00357   0.00717   0.00713   0.00359   0.00473   0.00599   0.00838   0.00479   0.01316   0.01006   0.00358   0.00236   0.00726   0.01981   0.01658   0.02552   0.03195   0.09818   0.01393   0.00891   0.00833   0.02494   0.00118   0.00600   0.01983   0.01547   0.00105   0.00888   0.00727   0.00424   0.00179   4.65689   0.49711   1.51774   1.38143   0.32315   0.16410  
110  0.0000  12845.253865  x:  0.26919   0.02439   0.27650   0.06212   0.13374   0.06583   0.05576   0.06628   0.08999   0.02688   0.02206   0.01142   0.10420   0.09629   0.14938   0.09530   0.00367   0.00561   0.05949   0.02809   0.00966   0.00720   0.04888   0.04932   0.05667   0.06103   0.00682   0.02280   0.00000   0.00131   0.00970   0.00954   0.00119   0.00595   0.00597   0.00594   0.00357   0.00717   0.00713   0.00359   0.00472   0.00599   0.00838   0.00479   0.01316   0.01006   0.00358   0.00236   0.00726   0.01981   0.01658   0.02552   0.03195   0.09818   0.01393   0.00891   0.00833   0.02494   0.00118   0.00600   0.01983   0.01547   0.00105   0.00888   0.00727   0.00424   0.00179   4.65689   0.49711   1.51774   1.38140   0.32315   0.16411  
111  0.0000  12845.253865  x:  0.26919   0.02439   0.27650   0.06212   0.13374   0.06583   0.05576   0.06628   0.08999   0.02688   0.02206   0.01142   0.10420   0.09629   0.14938   0.09530   0.00367   0.00561   0.05949   0.02809   0.00966   0.00720   0.04888   0.04932   0.05667   0.06103   0.00682   0.02280   0.00000   0.00131   0.00970   0.00954   0.00119   0.00595   0.00597   0.00594   0.00357   0.00717   0.00713   0.00359   0.00473   0.00599   0.00838   0.00479   0.01316   0.01006   0.00358   0.00236   0.00726   0.01981   0.01658   0.02552   0.03195   0.09818   0.01393   0.00891   0.00833   0.02494   0.00118   0.00600   0.01983   0.01547   0.00105   0.00888   0.00727   0.00424   0.00179   4.65688   0.49711   1.51774   1.38140   0.32315   0.16410  
112  0.0000  12845.253865  x:  0.26919   0.02439   0.27650   0.06212   0.13374   0.06583   0.05576   0.06628   0.08999   0.02688   0.02206   0.01142   0.10420   0.09629   0.14938   0.09530   0.00367   0.00561   0.05949   0.02809   0.00966   0.00720   0.04888   0.04932   0.05667   0.06103   0.00682   0.02280   0.00000   0.00131   0.00970   0.00954   0.00119   0.00595   0.00597   0.00594   0.00357   0.00717   0.00713   0.00359   0.00472   0.00599   0.00838   0.00479   0.01316   0.01006   0.00358   0.00236   0.00726   0.01981   0.01658   0.02552   0.03195   0.09818   0.01393   0.00891   0.00833   0.02494   0.00118   0.00600   0.01983   0.01547   0.00105   0.00888   0.00727   0.00424   0.00179   4.65688   0.49711   1.51773   1.38139   0.32315   0.16411  
113  0.0000  12845.253865  x:  0.26919   0.02439   0.27650   0.06212   0.13374   0.06583   0.05576   0.06628   0.08999   0.02688   0.02206   0.01142   0.10420   0.09629   0.14938   0.09530   0.00367   0.00561   0.05949   0.02809   0.00966   0.00720   0.04888   0.04932   0.05667   0.06103   0.00682   0.02280   0.00000   0.00131   0.00970   0.00954   0.00119   0.00595   0.00597   0.00594   0.00357   0.00717   0.00713   0.00359   0.00472   0.00599   0.00838   0.00479   0.01316   0.01006   0.00358   0.00236   0.00726   0.01981   0.01658   0.02552   0.03195   0.09818   0.01393   0.00891   0.00833   0.02494   0.00118   0.00600   0.01983   0.01547   0.00105   0.00888   0.00727   0.00424   0.00179   4.65688   0.49711   1.51773   1.38139   0.32315   0.16411  
114  0.0000  12845.253865  x:  0.26919   0.02439   0.27650   0.06212   0.13374   0.06583   0.05576   0.06628   0.08999   0.02688   0.02206   0.01142   0.10420   0.09629   0.14938   0.09530   0.00367   0.00561   0.05949   0.02809   0.00966   0.00720   0.04888   0.04932   0.05667   0.06103   0.00682   0.02280   0.00000   0.00131   0.00970   0.00954   0.00119   0.00595   0.00597   0.00594   0.00357   0.00717   0.00713   0.00359   0.00472   0.00599   0.00838   0.00479   0.01316   0.01006   0.00358   0.00236   0.00726   0.01981   0.01658   0.02552   0.03195   0.09818   0.01393   0.00891   0.00833   0.02494   0.00118   0.00600   0.01983   0.01547   0.00105   0.00888   0.00727   0.00424   0.00179   4.65688   0.49711   1.51773   1.38139   0.32315   0.16411  
115  0.0000  12845.253865  x:  0.26919   0.02439   0.27650   0.06212   0.13374   0.06583   0.05576   0.06628   0.08999   0.02688   0.02206   0.01142   0.10420   0.09629   0.14938   0.09530   0.00367   0.00561   0.05949   0.02809   0.00966   0.00720   0.04888   0.04932   0.05667   0.06103   0.00682   0.02280   0.00000   0.00131   0.00970   0.00954   0.00119   0.00595   0.00597   0.00594   0.00357   0.00717   0.00713   0.00359   0.00472   0.00599   0.00838   0.00479   0.01316   0.01006   0.00358   0.00236   0.00726   0.01981   0.01658   0.02552   0.03195   0.09818   0.01393   0.00891   0.00833   0.02494   0.00118   0.00600   0.01983   0.01547   0.00105   0.00888   0.00727   0.00424   0.00179   4.65688   0.49711   1.51773   1.38139   0.32315   0.16411  
check convergence!
