Supplemental results for CODEML (seqf: ../TAS1R3_DNA_alignment.fa  treef: TAS1R3_ML.raxml.bestTree)

I	J	ij	2Ns_IJ	pMut_IJ	pSub_IJ	2Ns_JI	pMut_JI	pSub_JI

TTC	TTT	CT	-0.63664	0.10446	0.07471	0.63664	0.05526	0.07471	0.07471	0.07471
TTA	TTT	AT	3.79727	0.00019	0.00072	-3.79727	0.00825	0.00072	0.00072	0.00072
TTA	TTC	AC	4.43391	0.00072	0.00322	-4.43391	0.06044	0.00322	0.00322	0.00322
TTG	TTT	GT	1.22364	0.00172	0.00298	-1.22364	0.00584	0.00298	0.00298	0.00298
TTG	TTC	GC	1.86029	0.00666	0.01468	-1.86029	0.04280	0.01468	0.01468	0.01468
TTG	TTA	GA	-2.57362	0.04282	0.00910	2.57362	0.00327	0.00910	0.00910	0.00910
TCT	TTT	CT	2.00242	0.00746	0.01727	-2.00242	0.05526	0.01727	0.01727	0.01727
TCC	TTC	CT	2.51051	0.03288	0.08985	-2.51051	0.40481	0.08985	0.08985	0.08985
TCC	TCT	CT	-0.12855	0.03288	0.03081	0.12855	0.02891	0.03081	0.03081	0.03081
TCA	TTA	CT	-1.24274	0.01631	0.00822	1.24274	0.00471	0.00822	0.00822	0.00822
TCA	TCT	AT	0.55211	0.00249	0.00323	-0.55211	0.00432	0.00323	0.00323	0.00323
TCA	TCC	AC	0.68065	0.00963	0.01328	-0.68065	0.01903	0.01328	0.01328	0.01328
TCG	TTG	CT	0.66149	0.02256	0.03083	-0.66149	0.04371	0.03083	0.03083	0.03083
TCG	TCT	GT	-0.11728	0.00344	0.00324	0.11728	0.00306	0.00324	0.00324	0.00324
TCG	TCC	GC	0.01127	0.01332	0.01340	-0.01127	0.01347	0.01340	0.01340	0.01340
TCG	TCA	GA	-0.66938	0.08565	0.06016	0.66938	0.04385	0.06016	0.06016	0.06016
TAT	TTT	AT	1.93651	0.00119	0.00269	-1.93651	0.00825	0.00269	0.00269	0.00269
TAT	TCT	AC	-0.06590	0.00461	0.00446	0.06590	0.00432	0.00446	0.00446	0.00446
TAC	TTC	AT	2.11406	0.00730	0.01755	-2.11406	0.06044	0.01755	0.01755	0.01755
TAC	TCC	AC	-0.39645	0.02828	0.02305	0.39645	0.01903	0.02305	0.02305	0.02305
TAC	TAT	CT	-0.45910	0.04789	0.03774	0.45910	0.03026	0.03774	0.03774	0.03774
TGT	TTT	GT	1.28716	0.00161	0.00287	-1.28716	0.00584	0.00287	0.00287	0.00287
TGT	TCT	GC	-0.71526	0.00625	0.00428	0.71526	0.00306	0.00428	0.00428	0.00428
TGT	TAT	GA	-0.64936	0.04019	0.02854	0.64936	0.02099	0.02854	0.02854	0.02854
TGC	TTC	GT	1.27232	0.01199	0.02120	-1.27232	0.04280	0.02120	0.02120	0.02120
TGC	TCC	GC	-1.23819	0.04647	0.02349	1.23819	0.01347	0.02349	0.02349	0.02349
TGC	TAC	GA	-0.84174	0.29878	0.19047	0.84174	0.12876	0.19047	0.19047	0.19047
TGC	TGT	CT	-0.65148	0.07869	0.05582	0.65148	0.04102	0.05582	0.05582	0.05582
TGG	TTG	GT	-0.64919	0.00885	0.00628	0.64919	0.00462	0.00628	0.00628	0.00628
TGG	TCG	GC	-1.31069	0.03428	0.01659	1.31069	0.00924	0.01659	0.01659	0.01659
TGG	TGT	GT	-0.71270	0.00885	0.00606	0.71270	0.00434	0.00606	0.00606	0.00606
TGG	TGC	GC	-0.06123	0.03428	0.03324	0.06123	0.03224	0.03324	0.03324	0.03324
CTT	TTT	CT	1.32461	0.01470	0.02652	-1.32461	0.05526	0.02652	0.02652	0.02652
CTC	TTC	CT	1.60110	0.08164	0.16373	-1.60110	0.40481	0.16373	0.16373	0.16373
CTC	CTT	CT	-0.36015	0.08164	0.06782	0.36015	0.05695	0.06782	0.06782	0.06782
CTA	TTA	CT	-1.00351	0.01284	0.00746	1.00351	0.00471	0.00746	0.00746	0.00746
CTA	CTT	AT	1.46914	0.00196	0.00373	-1.46914	0.00850	0.00373	0.00373	0.00373
CTA	CTC	AC	1.82929	0.00758	0.01652	-1.82929	0.04724	0.01652	0.01652	0.01652
CTG	TTG	CT	-1.71912	0.24388	0.09155	1.71912	0.04371	0.09155	0.09155	0.09155
CTG	CTT	GT	-1.82008	0.03717	0.01308	1.82008	0.00602	0.01308	0.01308	0.01308
CTG	CTC	GC	-1.45994	0.14403	0.06361	1.45994	0.03345	0.06361	0.06361	0.06361
CTG	CTA	GA	-3.28923	0.92599	0.11795	3.28923	0.03452	0.11795	0.11795	0.11795
CCT	TCT	CT	0.27956	0.02186	0.02506	-0.27956	0.02891	0.02506	0.02506	0.02506
CCT	CTT	CT	0.95737	0.02186	0.03397	-0.95737	0.05695	0.03397	0.03397	0.03397
CCC	TCC	CT	0.59022	0.07062	0.09350	-0.59022	0.12743	0.09350	0.09350	0.09350
CCC	CTC	CT	1.49962	0.07062	0.13634	-1.49962	0.31638	0.13634	0.13634	0.13634
CCC	CCT	CT	0.18211	0.07062	0.07725	-0.18211	0.08473	0.07725	0.07725	0.07725
CCA	TCA	CT	1.03812	0.02238	0.03598	-1.03812	0.06321	0.03598	0.03598	0.03598
CCA	CTA	CT	0.79889	0.02238	0.03250	-0.79889	0.04976	0.03250	0.03250	0.03250
CCA	CCT	AT	1.31067	0.00341	0.00612	-1.31067	0.01265	0.00612	0.00612	0.00612
CCA	CCC	AC	1.12856	0.01322	0.02205	-1.12856	0.04086	0.02205	0.02205	0.02205
CCG	TCG	CT	1.17232	0.02707	0.04597	-1.17232	0.08742	0.04597	0.04597	0.04597
CCG	CTG	CT	3.55293	0.02707	0.09901	-3.55293	0.94511	0.09901	0.09901	0.09901
CCG	CCT	GT	0.77548	0.00413	0.00593	-0.77548	0.00896	0.00593	0.00593	0.00593
CCG	CCC	GC	0.59337	0.01599	0.02120	-0.59337	0.02894	0.02120	0.02120	0.02120
CCG	CCA	GA	-0.53519	0.10278	0.07772	0.53519	0.06018	0.07772	0.07772	0.07772
CAT	TAT	CT	1.44773	0.00711	0.01347	-1.44773	0.03026	0.01347	0.01347	0.01347
CAT	CTT	AT	2.05964	0.00108	0.00256	-2.05964	0.00850	0.00256	0.00256	0.00256
CAT	CCT	AC	1.10227	0.00420	0.00693	-1.10227	0.01265	0.00693	0.00693	0.00693
CAC	TAC	CT	1.17444	0.05735	0.09747	-1.17444	0.18559	0.09747	0.09747	0.09747
CAC	CTC	AT	1.68739	0.00874	0.01809	-1.68739	0.04724	0.01809	0.01809	0.01809
CAC	CCC	AC	0.18777	0.03387	0.03715	-0.18777	0.04086	0.03715	0.03715	0.03715
CAC	CAT	CT	-0.73239	0.05735	0.03889	0.73239	0.02757	0.03889	0.03889	0.03889
CAA	CTA	AT	2.08292	0.00093	0.00220	-2.08292	0.00743	0.00220	0.00220	0.00220
CAA	CCA	AC	1.28402	0.00359	0.00637	-1.28402	0.01295	0.00637	0.00637	0.00637
CAA	CAT	AT	1.49243	0.00093	0.00178	-1.49243	0.00412	0.00178	0.00178	0.00178
CAA	CAC	AC	2.22482	0.00359	0.00895	-2.22482	0.03318	0.00895	0.00895	0.00895
CAG	CTG	AT	2.08482	0.01755	0.04177	-2.08482	0.14112	0.04177	0.04177	0.04177
CAG	CCG	AC	-1.46811	0.06799	0.02988	1.46811	0.01566	0.02988	0.02988	0.02988
CAG	CAT	GT	-1.79490	0.01755	0.00627	1.79490	0.00292	0.00627	0.00627	0.00627
CAG	CAC	GC	-1.06251	0.06799	0.03815	1.06251	0.02350	0.03815	0.03815	0.03815
CAG	CAA	GA	-3.28733	0.43714	0.05576	3.28733	0.01633	0.05576	0.05576	0.05576
CGT	TGT	CT	1.18885	0.01249	0.02136	-1.18885	0.04102	0.02136	0.02136	0.02136
CGT	CTT	GT	1.15140	0.00190	0.00321	-1.15140	0.00602	0.00321	0.00321	0.00321
CGT	CCT	GC	0.19403	0.00738	0.00812	-0.19403	0.00896	0.00812	0.00812	0.00812
CGT	CAT	GA	-0.90824	0.04744	0.02911	0.90824	0.01913	0.02911	0.02911	0.02911
CGC	TGC	CT	1.79146	0.05084	0.10930	-1.79146	0.30495	0.10930	0.10930	0.10930
CGC	CTC	GT	1.46268	0.00775	0.01475	-1.46268	0.03345	0.01475	0.01475	0.01475
CGC	CCC	GC	-0.03694	0.03003	0.02947	0.03694	0.02894	0.02947	0.02947	0.02947
CGC	CAC	GA	-0.22471	0.19304	0.17216	0.22471	0.15419	0.17216	0.17216	0.17216
CGC	CGT	CT	-0.04886	0.05084	0.04961	0.04886	0.04842	0.04961	0.04961	0.04961
CGA	CTA	GT	2.03503	0.00069	0.00161	-2.03503	0.00526	0.00161	0.00161	0.00161
CGA	CCA	GC	1.23613	0.00266	0.00464	-1.23613	0.00917	0.00464	0.00464	0.00464
CGA	CAA	GA	-0.04789	0.01713	0.01672	0.04789	0.01633	0.01672	0.01672	0.01672
CGA	CGT	AT	2.35277	0.00069	0.00179	-2.35277	0.00723	0.00179	0.00179	0.00179
CGA	CGC	AC	2.40164	0.00266	0.00704	-2.40164	0.02942	0.00704	0.00704	0.00704
CGG	TGG	CT	1.65385	0.04303	0.08800	-1.65385	0.22493	0.08800	0.08800	0.08800
CGG	CTG	GT	2.72378	0.00656	0.01912	-2.72378	0.09993	0.01912	0.01912	0.01912
CGG	CCG	GC	-0.82916	0.02541	0.01632	0.82916	0.01109	0.01632	0.01632	0.01632
CGG	CAG	GA	0.63896	0.16339	0.22111	-0.63896	0.30954	0.22111	0.22111	0.22111
CGG	CGT	GT	-0.24770	0.00656	0.00578	0.24770	0.00512	0.00578	0.00578	0.00578
CGG	CGC	GC	-0.19884	0.02541	0.02297	0.19884	0.02083	0.02297	0.02297	0.02297
CGG	CGA	GA	-2.60048	0.16339	0.03407	2.60048	0.01213	0.03407	0.03407	0.03407
ATT	TTT	AT	2.27519	0.00085	0.00215	-2.27519	0.00825	0.00215	0.00215	0.00215
ATT	CTT	AC	0.95058	0.00329	0.00509	-0.95058	0.00850	0.00509	0.00509	0.00509
ATC	TTC	AT	2.44872	0.00522	0.01400	-2.44872	0.06044	0.01400	0.01400	0.01400
ATC	CTC	AC	0.84762	0.02024	0.03001	-0.84762	0.04724	0.03001	0.03001	0.03001
ATC	ATT	CT	-0.46311	0.03427	0.02694	0.46311	0.02157	0.02694	0.02694	0.02694
ATA	TTA	AT	0.64106	0.00037	0.00050	-0.64106	0.00070	0.00050	0.00050	0.00050
ATA	CTA	AC	1.64457	0.00143	0.00292	-1.64457	0.00743	0.00292	0.00292	0.00292
ATA	ATT	AT	2.16314	0.00037	0.00090	-2.16314	0.00322	0.00090	0.00090	0.00090
ATA	ATC	AC	2.62624	0.00143	0.00406	-2.62624	0.01983	0.00406	0.00406	0.00406
ATG	TTG	AT	-0.16473	0.00770	0.00708	0.16473	0.00653	0.00708	0.00708	0.00708
ATG	CTG	AC	1.55439	0.02982	0.05877	-1.55439	0.14112	0.05877	0.05877	0.05877
ATG	ATT	GT	-1.21627	0.00770	0.00394	1.21627	0.00228	0.00394	0.00394	0.00394
ATG	ATC	GC	-0.75317	0.02982	0.01999	0.75317	0.01404	0.01999	0.01999	0.01999
ATG	ATA	GA	-3.37941	0.19172	0.02285	3.37941	0.00653	0.02285	0.02285	0.02285
ACT	TCT	AT	1.64542	0.00083	0.00170	-1.64542	0.00432	0.00170	0.00170	0.00170
ACT	CCT	AC	1.36585	0.00323	0.00592	-1.36585	0.01265	0.00592	0.00592	0.00592
ACT	ATT	CT	1.37265	0.00547	0.01005	-1.37265	0.02157	0.01005	0.01005	0.01005
ACC	TCC	AT	1.03146	0.00678	0.01087	-1.03146	0.01903	0.01087	0.01087	0.01087
ACC	CCC	AC	0.44125	0.02629	0.03251	-0.44125	0.04086	0.03251	0.03251	0.03251
ACC	ATC	CT	1.09325	0.04451	0.07318	-1.09325	0.13281	0.07318	0.07318	0.07318
ACC	ACT	CT	-0.74250	0.04451	0.03001	0.74250	0.02118	0.03001	0.03001	0.03001
ACA	TCA	AT	0.90076	0.00383	0.00582	-0.90076	0.00944	0.00582	0.00582	0.00582
ACA	CCA	AC	-0.13736	0.01486	0.01386	0.13736	0.01295	0.01386	0.01386	0.01386
ACA	ATA	CT	-0.98303	0.02516	0.01479	0.98303	0.00941	0.01479	0.01479	0.01479
ACA	ACT	AT	-0.19254	0.00383	0.00348	0.19254	0.00316	0.00348	0.00348	0.00348
ACA	ACC	AC	0.54996	0.01486	0.01932	-0.54996	0.02575	0.01932	0.01932	0.01932
ACG	TCG	AT	1.08674	0.00440	0.00722	-1.08674	0.01305	0.00722	0.00722	0.00722
ACG	CCG	AC	-0.08558	0.01706	0.01634	0.08558	0.01566	0.01634	0.01634	0.01634
ACG	ATG	CT	1.91297	0.02889	0.06484	-1.91297	0.19568	0.06484	0.06484	0.06484
ACG	ACT	GT	-0.67595	0.00440	0.00308	0.67595	0.00224	0.00308	0.00308	0.00308
ACG	ACC	GC	0.06655	0.01706	0.01764	-0.06655	0.01824	0.01764	0.01764	0.01764
ACG	ACA	GA	-0.48341	0.10970	0.08531	0.48341	0.06765	0.08531	0.08531	0.08531
AAT	TAT	AT	1.15188	0.00143	0.00240	-1.15188	0.00452	0.00240	0.00240	0.00240
AAT	CAT	AC	-0.29585	0.00553	0.00476	0.29585	0.00412	0.00476	0.00476	0.00476
AAT	ATT	AT	0.81321	0.00143	0.00209	-0.81321	0.00322	0.00209	0.00209	0.00209
AAT	ACT	AC	-0.55944	0.00553	0.00413	0.55944	0.00316	0.00413	0.00413	0.00413
AAC	TAC	AT	1.14197	0.00885	0.01484	-1.14197	0.02771	0.01484	0.01484	0.01484
AAC	CAC	AC	-0.03247	0.03428	0.03373	0.03247	0.03318	0.03373	0.03373	0.03373
AAC	ATC	AT	0.80730	0.00885	0.01289	-0.80730	0.01983	0.01289	0.01289	0.01289
AAC	ACC	AC	-0.28595	0.03428	0.02961	0.28595	0.02575	0.02961	0.02961	0.02961
AAC	AAT	CT	-0.46901	0.05804	0.04549	0.46901	0.03631	0.04549	0.04549	0.04549
AAA	CAA	AC	0.06917	0.00328	0.00339	-0.06917	0.00351	0.00339	0.00339	0.00339
AAA	ATA	AT	0.50752	0.00085	0.00108	-0.50752	0.00141	0.00108	0.00108	0.00108
AAA	ACA	AC	1.49056	0.00328	0.00631	-1.49056	0.01456	0.00631	0.00631	0.00631
AAA	AAT	AT	1.85745	0.00085	0.00186	-1.85745	0.00542	0.00186	0.00186	0.00186
AAA	AAC	AC	2.32646	0.00328	0.00845	-2.32646	0.03359	0.00845	0.00845	0.00845
AAG	CAG	AC	0.98609	0.02485	0.03909	-0.98609	0.06662	0.03909	0.03909	0.03909
AAG	ATG	AT	1.51652	0.00641	0.01246	-1.51652	0.02922	0.01246	0.01246	0.01246
AAG	ACG	AC	-0.39645	0.02485	0.02025	0.39645	0.01672	0.02025	0.02025	0.02025
AAG	AAT	GT	-0.51296	0.00641	0.00491	0.51296	0.00384	0.00491	0.00491	0.00491
AAG	AAC	GC	-0.04395	0.02485	0.02431	0.04395	0.02378	0.02431	0.02431	0.02431
AAG	AAA	GA	-2.37041	0.15977	0.03904	2.37041	0.01493	0.03904	0.03904	0.03904
AGT	TGT	AT	1.33420	0.00161	0.00292	-1.33420	0.00612	0.00292	0.00292	0.00292
AGT	CGT	AC	0.14535	0.00625	0.00672	-0.14535	0.00723	0.00672	0.00672	0.00672
AGT	ATT	GT	0.34618	0.00161	0.00191	-0.34618	0.00228	0.00191	0.00191	0.00191
AGT	ACT	GC	-1.02647	0.00625	0.00358	1.02647	0.00224	0.00358	0.00358	0.00358
AGT	AAT	GA	-0.46703	0.04019	0.03153	0.46703	0.02519	0.03153	0.03153	0.03153
AGC	TGC	AT	1.15593	0.01433	0.02418	-1.15593	0.04553	0.02418	0.02418	0.02418
AGC	CGC	AC	-0.63553	0.05554	0.03975	0.63553	0.02942	0.03975	0.03975	0.03975
AGC	ATC	GT	-0.02047	0.01433	0.01419	0.02047	0.01404	0.01419	0.01419	0.01419
AGC	ACC	GC	-1.11372	0.05554	0.03024	1.11372	0.01824	0.03024	0.03024	0.03024
AGC	AAC	GA	-0.82777	0.35709	0.22945	0.82777	0.15605	0.22945	0.22945	0.22945
AGC	AGT	CT	-0.82975	0.09405	0.06036	0.82975	0.04102	0.06036	0.06036	0.06036
AGA	CGA	AC	0.98637	0.00097	0.00153	-0.98637	0.00261	0.00153	0.00153	0.00153
AGA	ATA	GT	1.37682	0.00025	0.00046	-1.37682	0.00100	0.00046	0.00046	0.00046
AGA	ACA	GC	2.35986	0.00097	0.00254	-2.35986	0.01031	0.00254	0.00254	0.00254
AGA	AAA	GA	0.86930	0.00626	0.00937	-0.86930	0.01493	0.00937	0.00937	0.00937
AGA	AGT	AT	3.19378	0.00025	0.00084	-3.19378	0.00612	0.00084	0.00084	0.00084
AGA	AGC	AC	4.02353	0.00097	0.00399	-4.02353	0.05442	0.00399	0.00399	0.00399
AGG	TGG	AT	2.15301	0.00390	0.00950	-2.15301	0.03359	0.00950	0.00950	0.00950
AGG	CGG	AC	0.49916	0.01512	0.01920	-0.49916	0.02490	0.01920	0.01920	0.01920
AGG	ATG	GT	1.66855	0.00390	0.00802	-1.66855	0.02069	0.00802	0.00802	0.00802
AGG	ACG	GC	-0.24442	0.01512	0.01334	0.24442	0.01184	0.01334	0.01334	0.01334
AGG	AAG	GA	0.15203	0.09718	0.10475	-0.15203	0.11313	0.10475	0.10475	0.10475
AGG	AGT	GT	0.10610	0.00390	0.00411	-0.10610	0.00434	0.00411	0.00411	0.00411
AGG	AGC	GC	0.93585	0.01512	0.02328	-0.93585	0.03854	0.02328	0.02328	0.02328
AGG	AGA	GA	-3.08768	0.09718	0.01434	3.08768	0.00443	0.01434	0.01434	0.01434
GTT	TTT	GT	2.26028	0.00061	0.00154	-2.26028	0.00584	0.00154	0.00154	0.00154
GTT	CTT	GC	0.93567	0.00236	0.00364	-0.93567	0.00602	0.00364	0.00364	0.00364
GTT	ATT	GA	-0.01490	0.01519	0.01507	0.01490	0.01496	0.01507	0.01507	0.01507
GTC	TTC	GT	2.03273	0.00561	0.01311	-2.03273	0.04280	0.01311	0.01311	0.01311
GTC	CTC	GC	0.43163	0.02173	0.02675	-0.43163	0.03345	0.02675	0.02675	0.02675
GTC	ATC	GA	-0.41599	0.13967	0.11263	0.41599	0.09214	0.11263	0.11263	0.11263
GTC	GTT	CT	-0.86420	0.03679	0.02315	0.86420	0.01550	0.02315	0.02315	0.02315
GTA	TTA	GT	-0.22203	0.00062	0.00055	0.22203	0.00050	0.00055	0.00055	0.00055
GTA	CTA	GC	0.78148	0.00241	0.00347	-0.78148	0.00526	0.00347	0.00347	0.00347
GTA	ATA	GA	-0.86309	0.01548	0.00975	0.86309	0.00653	0.00975	0.00975	0.00975
GTA	GTT	AT	1.31495	0.00062	0.00112	-1.31495	0.00231	0.00112	0.00112	0.00112
GTA	GTC	AC	2.17915	0.00241	0.00592	-2.17915	0.02129	0.00592	0.00592	0.00592
GTG	TTG	GT	-1.58590	0.02257	0.00922	1.58590	0.00462	0.00922	0.00922	0.00922
GTG	CTG	GC	0.13322	0.08747	0.09342	-0.13322	0.09993	0.09342	0.09342	0.09342
GTG	ATG	GA	-1.42117	0.56231	0.25435	1.42117	0.13576	0.25435	0.25435	0.25435
GTG	GTT	GT	-2.62254	0.02257	0.00463	2.62254	0.00164	0.00463	0.00463	0.00463
GTG	GTC	GC	-1.75834	0.08747	0.03202	1.75834	0.01507	0.03202	0.03202	0.03202
GTG	GTA	GA	-3.93749	0.56231	0.04403	3.93749	0.01096	0.04403	0.04403	0.04403
GCT	TCT	GT	-0.44270	0.00476	0.00378	0.44270	0.00306	0.00378	0.00378	0.00378
GCT	CCT	GC	-0.72226	0.01845	0.01258	0.72226	0.00896	0.01258	0.01258	0.01258
GCT	ACT	GA	-2.08811	0.11859	0.03503	2.08811	0.01470	0.03503	0.03503	0.03503
GCT	GTT	CT	-0.70057	0.03123	0.02156	0.70057	0.01550	0.02156	0.02156	0.02156
GCC	TCC	GT	-0.52349	0.02274	0.01731	0.52349	0.01347	0.01731	0.01731	0.01731
GCC	CCC	GC	-1.11370	0.08813	0.04798	1.11370	0.02894	0.04798	0.04798	0.04798
GCC	ACC	GA	-1.55495	0.56660	0.23589	1.55495	0.11967	0.23589	0.23589	0.23589
GCC	GTC	CT	-0.04570	0.14922	0.14584	0.04570	0.14256	0.14584	0.14584	0.14584
GCC	GCT	CT	-0.20933	0.14922	0.13415	0.20933	0.12104	0.13415	0.13415	0.13415
GCA	TCA	GT	0.70404	0.00331	0.00460	-0.70404	0.00668	0.00460	0.00460	0.00460
GCA	CCA	GC	-0.33409	0.01281	0.01079	0.33409	0.00917	0.01079	0.01079	0.01079
GCA	ACA	GA	-0.19672	0.08235	0.07452	0.19672	0.06765	0.07452	0.07452	0.07452
GCA	GTA	CT	-0.31667	0.02169	0.01844	0.31667	0.01580	0.01844	0.01844	0.01844
GCA	GCT	AT	1.69885	0.00331	0.00687	-1.69885	0.01807	0.00687	0.00687	0.00687
GCA	GCC	AC	1.90818	0.01281	0.02870	-1.90818	0.08635	0.02870	0.02870	0.02870
GCG	TCG	GT	0.80995	0.00411	0.00600	-0.80995	0.00924	0.00600	0.00600	0.00600
GCG	CCG	GC	-0.36237	0.01594	0.01322	0.36237	0.01109	0.01322	0.01322	0.01322
GCG	ACG	GA	-0.27679	0.10245	0.08892	0.27679	0.07768	0.08892	0.08892	0.08892
GCG	GTG	CT	3.05734	0.02698	0.08656	-3.05734	0.57393	0.08656	0.08656	0.08656
GCG	GCT	GT	1.13537	0.00411	0.00688	-1.13537	0.01280	0.00688	0.00688	0.00688
GCG	GCC	GC	1.34470	0.01594	0.02898	-1.34470	0.06114	0.02898	0.02898	0.02898
GCG	GCA	GA	-0.56348	0.10245	0.07628	0.56348	0.05832	0.07628	0.07628	0.07628
GAT	TAT	GT	0.54011	0.00186	0.00241	-0.54011	0.00320	0.00241	0.00241	0.00241
GAT	CAT	GC	-0.90762	0.00722	0.00444	0.90762	0.00292	0.00444	0.00444	0.00444
GAT	AAT	GA	-0.61177	0.04645	0.03368	0.61177	0.02519	0.03368	0.03368	0.03368
GAT	GTT	AT	0.21634	0.00186	0.00207	-0.21634	0.00231	0.00207	0.00207	0.00207
GAT	GCT	AC	0.91690	0.00722	0.01104	-0.91690	0.01807	0.01104	0.01104	0.01104
GAC	TAC	GT	0.59208	0.01086	0.01438	-0.59208	0.01962	0.01438	0.01438	0.01438
GAC	CAC	GC	-0.58235	0.04207	0.03100	0.58235	0.02350	0.03100	0.03100	0.03100
GAC	AAC	GA	-0.54988	0.27045	0.20287	0.54988	0.15605	0.20287	0.20287	0.20287
GAC	GTC	AT	0.67341	0.01086	0.01492	-0.67341	0.02129	0.01492	0.01492	0.01492
GAC	GCC	AC	0.71912	0.04207	0.05899	-0.71912	0.08635	0.05899	0.05899	0.05899
GAC	GAT	CT	-0.40712	0.07123	0.05771	0.40712	0.04741	0.05771	0.05771	0.05771
GAA	CAA	GC	-0.26022	0.00323	0.00283	0.26022	0.00249	0.00283	0.00283	0.00283
GAA	AAA	GA	-0.32940	0.02075	0.01752	0.32940	0.01493	0.01752	0.01752	0.01752
GAA	GTA	AT	1.04122	0.00083	0.00134	-1.04122	0.00236	0.00134	0.00134	0.00134
GAA	GCA	AC	1.35789	0.00323	0.00590	-1.35789	0.01255	0.00590	0.00590	0.00590
GAA	GAT	AT	2.13983	0.00083	0.00202	-2.13983	0.00708	0.00202	0.00202	0.00202
GAA	GAC	AC	2.54695	0.00323	0.00892	-2.54695	0.04122	0.00892	0.00892	0.00892
GAG	CAG	GC	-0.15219	0.05493	0.05085	0.15219	0.04717	0.05085	0.05085	0.05085
GAG	AAG	GA	-1.13828	0.35313	0.18948	1.13828	0.11313	0.18948	0.18948	0.18948
GAG	GTG	AT	1.79941	0.01417	0.03056	-1.79941	0.08570	0.03056	0.03056	0.03056
GAG	GCG	AC	-1.25793	0.05493	0.02744	1.25793	0.01561	0.02744	0.02744	0.02744
GAG	GAT	GT	-1.03946	0.01417	0.00806	1.03946	0.00501	0.00806	0.00806	0.00806
GAG	GAC	GC	-0.63234	0.05493	0.03938	0.63234	0.02919	0.03938	0.03938	0.03938
GAG	GAA	GA	-3.17929	0.35313	0.04875	3.17929	0.01470	0.04875	0.04875	0.04875
GGT	TGT	GT	0.95680	0.00167	0.00259	-0.95680	0.00434	0.00259	0.00259	0.00259
GGT	CGT	GC	-0.23205	0.00646	0.00574	0.23205	0.00512	0.00574	0.00574	0.00574
GGT	AGT	GA	-0.37741	0.04151	0.03417	0.37741	0.02846	0.03417	0.03417	0.03417
GGT	GTT	GT	-0.01633	0.00167	0.00165	0.01633	0.00164	0.00165	0.00165	0.00165
GGT	GCT	GC	0.68424	0.00646	0.00891	-0.68424	0.01280	0.00891	0.00891	0.00891
GGT	GAT	GA	-0.23267	0.04151	0.03687	0.23267	0.03289	0.03687	0.03687	0.03687
GGC	TGC	GT	0.61154	0.01749	0.02338	-0.61154	0.03224	0.02338	0.02338	0.02338
GGC	CGC	GC	-1.17992	0.06779	0.03548	1.17992	0.02083	0.03548	0.03548	0.03548
GGC	AGC	GA	-0.54439	0.43582	0.32790	0.54439	0.25286	0.32790	0.32790	0.32790
GGC	GTC	GT	-0.14887	0.01749	0.01622	0.14887	0.01507	0.01622	0.01622	0.01622
GGC	GCC	GC	-0.10316	0.06779	0.06435	0.10316	0.06114	0.06435	0.06435	0.06435
GGC	GAC	GA	-0.82228	0.43582	0.28092	0.82228	0.19151	0.28092	0.28092	0.28092
GGC	GGT	CT	-0.99673	0.11478	0.06693	0.99673	0.04236	0.06693	0.06693	0.06693
GGA	CGA	GC	-1.15927	0.00589	0.00312	1.15927	0.00185	0.00312	0.00312	0.00312
GGA	AGA	GA	-2.14564	0.03788	0.01077	2.14564	0.00443	0.01077	0.01077	0.01077
GGA	GTA	GT	0.09427	0.00152	0.00159	-0.09427	0.00167	0.00159	0.00159	0.00159
GGA	GCA	GC	0.41094	0.00589	0.00719	-0.41094	0.00889	0.00719	0.00719	0.00719
GGA	GAA	GA	-0.94694	0.03788	0.02274	0.94694	0.01470	0.02274	0.02274	0.02274
GGA	GGT	AT	1.42555	0.00152	0.00285	-1.42555	0.00633	0.00285	0.00285	0.00285
GGA	GGC	AC	2.42229	0.00589	0.01566	-2.42229	0.06642	0.01566	0.01566	0.01566
GGG	TGG	GT	1.09625	0.00795	0.01308	-1.09625	0.02378	0.01308	0.01308	0.01308
GGG	CGG	GC	-0.55760	0.03079	0.02300	0.55760	0.01763	0.02300	0.02300	0.02300
GGG	AGG	GA	-1.05676	0.19798	0.11146	1.05676	0.06881	0.11146	0.11146	0.11146
GGG	GTG	GT	2.03296	0.00795	0.01859	-2.03296	0.06068	0.01859	0.01859	0.01859
GGG	GCG	GC	-1.02439	0.03079	0.01767	1.02439	0.01106	0.01767	0.01767	0.01767
GGG	GAG	GA	0.23354	0.19798	0.22200	-0.23354	0.25006	0.22200	0.22200	0.22200
GGG	GGT	GT	-0.57325	0.00795	0.00589	0.57325	0.00448	0.00589	0.00589	0.00589
GGG	GGC	GC	0.42348	0.03079	0.03777	-0.42348	0.04703	0.03777	0.03777	0.03777
GGG	GGA	GA	-1.99881	0.19798	0.06202	1.99881	0.02683	0.06202	0.06202	0.06202


Histograms
2Ns	FMut	FSub(CodonUsage)	FSubw(after w)

-4.22277	0.00452	0.00040	0.00040
-3.80049	0.02247	0.00246	0.00246
-3.37822	0.11259	0.01895	0.01895
-2.95594	0.02643	0.00554	0.00554
-2.53366	0.04575	0.01418	0.01418
-2.11138	0.04484	0.01919	0.01919
-1.68911	0.10609	0.05851	0.05851
-1.26683	0.10808	0.07592	0.07592
-0.84455	0.12161	0.11069	0.11069
-0.42228	0.11703	0.12976	0.12976
0.00000	0.09273	0.12885	0.12885
0.42228	0.07566	0.12976	0.12976
0.84455	0.05488	0.11069	0.11069
1.26683	0.03133	0.07592	0.07592
1.68911	0.02071	0.05851	0.05851
2.11138	0.00590	0.01919	0.01919
2.53366	0.00373	0.01418	0.01418
2.95594	0.00124	0.00554	0.00554
3.37822	0.00391	0.01895	0.01895
3.80049	0.00044	0.00246	0.00246
4.22277	0.00007	0.00040	0.00040

Proportion of advantageous (S > 0) mutations:
 0.24141

Proportions of good & bad mutations (|S| > 2.0000) among mutations:
0.01255  0.23736

mean |Ns| = 1.43154	mean Ns+ = 0.80062	mean Ns- = -1.63232

