

TREE # 1

  0  0.0000  18308.268116  x:  0.02647   0.00924   0.00663   0.01213   0.00932   0.00439   0.01243   0.00850   0.01274   0.01951   0.00760   0.01745   0.03115   0.06057   0.07445   0.13629   0.04308   0.26508   0.13785   0.07553   0.08775   0.00396   0.14723   0.07203   0.01659   0.04857   0.03068   0.04104   0.10229   0.01699   0.41943   0.24269   0.04041   0.05924   0.12649   0.01897   0.05943   0.08094   0.00215   0.07295   0.10972   0.04091   0.00340   0.07276   0.00226   0.00493   0.03191   0.00718   0.01518   0.00405   0.01028   0.01637   0.03047   0.03822   0.01745   0.01527   0.03148   0.02879   0.00688   0.02982   0.00000   0.03799   0.03064   0.96242   1.10004   1.04060   0.91179   0.91434   1.08342  
  1 99.0000  18285.644204  x:  0.02650   0.00929   0.00643   0.01215   0.00928   0.00441   0.01234   0.00846   0.01270   0.01953   0.00750   0.01745   0.03114   0.06060   0.07452   0.13640   0.04322   0.26508   0.13783   0.07550   0.08790   0.00438   0.14727   0.07205   0.01663   0.04856   0.03071   0.04104   0.10232   0.01724   0.41943   0.24271   0.04041   0.05924   0.12655   0.01901   0.05945   0.08094   0.00264   0.07298   0.10971   0.04096   0.00351   0.07274   0.00212   0.00479   0.03197   0.00724   0.01520   0.00393   0.01023   0.01630   0.03043   0.03821   0.01744   0.01523   0.03146   0.02876   0.00685   0.02979   0.01213   0.03806   0.03066   0.96280   1.10000   1.04062   0.91180   0.91401   1.08342  
  2 36379.5695  18255.190111  x:  0.02692   0.00999   0.00327   0.01250   0.00879   0.00474   0.01085   0.00771   0.01197   0.01988   0.00580   0.01754   0.03113   0.06110   0.07572   0.13821   0.04551   0.26516   0.13749   0.07515   0.09020   0.01080   0.14783   0.07242   0.01721   0.04844   0.03118   0.04100   0.10275   0.02121   0.41947   0.24294   0.04042   0.05908   0.12746   0.01953   0.05976   0.08087   0.00941   0.07344   0.10948   0.04173   0.00514   0.07244   0.00000   0.00247   0.03290   0.00815   0.01549   0.00210   0.00936   0.01523   0.02983   0.03811   0.01740   0.01449   0.03119   0.02820   0.00524   0.02890   0.01207   0.03844   0.02995   0.96901   1.09934   1.04094   0.91210   0.90868   1.08341  
  3 2815.8471  18236.664013  x:  0.02730   0.01063   0.00038   0.01283   0.00834   0.00503   0.00948   0.00704   0.01130   0.02021   0.00425   0.01763   0.03112   0.06157   0.07682   0.13988   0.04761   0.26523   0.13717   0.07482   0.09232   0.01664   0.14835   0.07275   0.01775   0.04834   0.03161   0.04096   0.10314   0.02487   0.41951   0.24315   0.04043   0.05894   0.12831   0.01999   0.06005   0.08081   0.01553   0.07386   0.10927   0.04244   0.00661   0.07216   0.00075   0.00043   0.03375   0.00899   0.01575   0.00047   0.00856   0.01424   0.02928   0.03802   0.01736   0.01381   0.03095   0.02768   0.00377   0.02808   0.01203   0.03878   0.02931   0.97475   1.09873   1.04124   0.91237   0.90375   1.08340  
  4 74181.9685  18225.716582  x:  0.02752   0.01095   0.00000   0.01300   0.00812   0.00514   0.00876   0.00672   0.01095   0.02040   0.00355   0.01767   0.03111   0.06184   0.07747   0.14086   0.04881   0.26527   0.13698   0.07462   0.09355   0.01960   0.14865   0.07293   0.01805   0.04828   0.03186   0.04094   0.10335   0.02692   0.41952   0.24327   0.04043   0.05885   0.12880   0.02020   0.06022   0.08077   0.01843   0.07410   0.10914   0.04285   0.00725   0.07199   0.00098   0.00171   0.03424   0.00939   0.01590   0.00166   0.00817   0.01369   0.02895   0.03796   0.01734   0.01345   0.03081   0.02738   0.00304   0.02762   0.01201   0.03897   0.02895   0.97818   1.09837   1.04141   0.91253   0.90080   1.08339  
  5 12045.2198  18199.852571  x:  0.02843   0.01227   0.00194   0.01371   0.00720   0.00561   0.00577   0.00538   0.00950   0.02120   0.00067   0.01787   0.03108   0.06297   0.08016   0.14496   0.05381   0.26544   0.13619   0.07380   0.09868   0.03196   0.14989   0.07367   0.01928   0.04802   0.03289   0.04083   0.10421   0.03550   0.41957   0.24377   0.04046   0.05850   0.13085   0.02105   0.06091   0.08061   0.03060   0.07508   0.10857   0.04456   0.00997   0.07129   0.00199   0.00594   0.03625   0.01107   0.01651   0.00570   0.00652   0.01143   0.02762   0.03769   0.01726   0.01193   0.03022   0.02616   0.00000   0.02572   0.01193   0.03976   0.02744   0.99249   1.09684   1.04215   0.91321   0.88845   1.08337  
  6 164070.2376  18163.265529  x:  0.03018   0.01430   0.00477   0.01493   0.00587   0.00608   0.00127   0.00369   0.00711   0.02279   0.00796   0.01830   0.03107   0.06524   0.08563   0.15330   0.06365   0.26578   0.13458   0.07212   0.10899   0.05458   0.15237   0.07504   0.02158   0.04749   0.03489   0.04058   0.10577   0.05225   0.41963   0.24475   0.04053   0.05777   0.13496   0.02231   0.06227   0.08030   0.05211   0.07699   0.10737   0.04797   0.01427   0.06983   0.00369   0.01257   0.04017   0.01379   0.01761   0.01198   0.00414   0.00742   0.02496   0.03707   0.01713   0.00925   0.02914   0.02399   0.01012   0.02223   0.01170   0.04122   0.02466   1.02224   1.09367   1.04368   0.91462   0.86262   1.08332  
  7 18722.5564  18099.337435  x:  0.03469   0.01705   0.01078   0.01715   0.00757   0.00442   0.05605   0.01128   0.00712   0.02653   0.02048   0.01914   0.03064   0.07196   0.10236   0.17936   0.09198   0.26663   0.12947   0.06671   0.14036   0.11184   0.15998   0.07846   0.02691   0.04592   0.04020   0.03955   0.10928   0.09984   0.41931   0.24759   0.04094   0.05544   0.14759   0.02307   0.06630   0.07924   0.10278   0.08254   0.10313   0.05774   0.01908   0.06510   0.00758   0.02769   0.05077   0.01737   0.01991   0.02535   0.01042   0.00448   0.01769   0.03496   0.01708   0.00632   0.02618   0.01838   0.02958   0.01260   0.01119   0.04570   0.01683   1.12103   1.08300   1.04875   0.91940   0.77516   1.08314  
  8 11747.0200  17921.270133  x:  0.03422   0.00748   0.01260   0.01024   0.01230   0.00499   0.06376   0.00424   0.02389   0.02282   0.01826   0.01724   0.02976   0.07576   0.11648   0.20509   0.11153   0.26622   0.12444   0.06163   0.16903   0.13939   0.16709   0.07850   0.02387   0.04532   0.04014   0.03794   0.10727   0.13452   0.41668   0.24969   0.04230   0.05328   0.15930   0.01314   0.06853   0.07813   0.11606   0.08650   0.09730   0.06258   0.00000   0.06047   0.00871   0.03397   0.05357   0.00599   0.01643   0.02708   0.00721   0.05999   0.02432   0.03314   0.01892   0.03559   0.02796   0.02437   0.03880   0.02237   0.01095   0.04920   0.02063   1.25078   1.06823   1.05534   0.92621   0.64874   1.08290  
  9 4809.9324  17715.666272  x:  0.03113   0.00481   0.01350   0.00752   0.01211   0.00310   0.06623   0.01009   0.03242   0.01746   0.01272   0.01577   0.02955   0.07797   0.12881   0.23120   0.12594   0.26475   0.11967   0.05732   0.19701   0.14913   0.17406   0.07646   0.01745   0.04557   0.03724   0.03687   0.10152   0.16246   0.41222   0.25146   0.04411   0.05141   0.17077   0.00000   0.06926   0.07756   0.10555   0.08944   0.09077   0.06465   0.04598   0.05743   0.00902   0.03904   0.05243   0.00109   0.01238   0.02521   0.00981   0.10353   0.03302   0.03466   0.01787   0.05500   0.03104   0.03100   0.04644   0.03067   0.01084   0.05086   0.02658   1.40802   1.04973   1.06316   0.93497   0.48546   1.08259  
 10 12202.4727  17402.000323  x:  0.02587   0.01820   0.01386   0.01421   0.00868   0.00925   0.06902   0.01328   0.03794   0.01303   0.00320   0.01561   0.03022   0.07966   0.14670   0.27264   0.14467   0.26153   0.11298   0.05163   0.24067   0.15224   0.18501   0.07212   0.00903   0.04674   0.03185   0.03684   0.08995   0.20203   0.40372   0.25416   0.04703   0.04898   0.18912   0.01008   0.07016   0.07781   0.07292   0.09333   0.08088   0.06542   0.08767   0.05366   0.00865   0.04519   0.04811   0.06009   0.01257   0.01881   0.01322   0.16423   0.04467   0.03572   0.01359   0.07730   0.03506   0.03830   0.05647   0.03891   0.01083   0.05146   0.03356   1.67954   1.01724   1.07618   0.95080   0.19232   1.08200  
 11 30745.6223  17345.200571  x:  0.02757   0.01335   0.01293   0.01288   0.00849   0.00150   0.06697   0.00821   0.02952   0.02175   0.01048   0.01790   0.03045   0.07906   0.14770   0.27829   0.14475   0.26096   0.11369   0.05249   0.24640   0.14695   0.18698   0.07222   0.01812   0.04791   0.03338   0.04015   0.08818   0.20492   0.40227   0.25525   0.04726   0.04950   0.19136   0.01109   0.06987   0.07886   0.06047   0.09399   0.08140   0.06410   0.08266   0.05475   0.00799   0.04387   0.04695   0.05178   0.01240   0.01547   0.01012   0.16006   0.03986   0.03480   0.01151   0.07007   0.03358   0.03386   0.04750   0.03311   0.01099   0.04974   0.02984   1.73118   1.01083   1.07707   0.95530   0.14391   1.08184  
 12 4299.4062  17331.169737  x:  0.02868   0.01083   0.01242   0.01238   0.00881   0.01463   0.06571   0.00683   0.02417   0.02348   0.01159   0.01837   0.03063   0.07879   0.14825   0.28165   0.14471   0.26082   0.11423   0.05303   0.24975   0.14325   0.18825   0.07246   0.02009   0.04857   0.03427   0.04151   0.08746   0.20643   0.40163   0.25613   0.04735   0.04988   0.19272   0.01133   0.06975   0.07959   0.05247   0.09445   0.08198   0.06338   0.07908   0.05550   0.00758   0.04302   0.04647   0.04445   0.01258   0.01362   0.00947   0.15557   0.03671   0.03435   0.01101   0.06464   0.03273   0.03118   0.04481   0.02950   0.01108   0.04877   0.02767   1.76173   1.00707   1.07722   0.95827   0.12663   1.08174  
 13 4792.5403  17242.070406  x:  0.03099   0.01374   0.01059   0.01529   0.00784   0.01153   0.05633   0.01206   0.01008   0.01391   0.00000   0.01583   0.03170   0.07858   0.15152   0.29581   0.14604   0.26107   0.11551   0.05392   0.26370   0.13039   0.19355   0.07357   0.01036   0.05031   0.03542   0.04247   0.08588   0.21379   0.40013   0.26016   0.04775   0.05096   0.19889   0.01681   0.06992   0.08229   0.02408   0.09643   0.08381   0.06166   0.06444   0.05756   0.00612   0.03951   0.04555   0.02956   0.01559   0.00748   0.01279   0.14089   0.02954   0.03374   0.01331   0.04710   0.03141   0.02570   0.04660   0.02136   0.01129   0.04681   0.02396   1.87889   0.99295   1.07707   0.97008   0.12132   1.08137  
 14 2844.9519  17205.522219  x:  0.03213   0.01635   0.00946   0.01732   0.00713   0.01040   0.05074   0.01567   0.00230   0.00681   0.00024   0.01395   0.03232   0.07847   0.15357   0.30453   0.14693   0.26124   0.11619   0.05435   0.27228   0.12299   0.19680   0.07419   0.00305   0.05132   0.03583   0.04273   0.08489   0.21840   0.39922   0.26261   0.04801   0.05157   0.20272   0.02028   0.07004   0.08388   0.00742   0.09764   0.08482   0.06063   0.05656   0.05873   0.00526   0.03738   0.04493   0.02176   0.01746   0.00380   0.01507   0.13333   0.02587   0.03352   0.01495   0.03732   0.03081   0.02288   0.04201   0.01709   0.01144   0.04578   0.02218   1.95049   0.98433   1.07702   0.97725   0.11995   1.08115  
 15 57818.9500  17180.616594  x:  0.03246   0.01759   0.00893   0.01808   0.00705   0.01047   0.04791   0.01722   0.00550   0.00751   0.00027   0.01370   0.03256   0.07837   0.15445   0.30866   0.14714   0.26131   0.11653   0.05455   0.27630   0.11886   0.19835   0.07451   0.00286   0.05180   0.03595   0.04312   0.08441   0.22031   0.39877   0.26380   0.04811   0.05185   0.20452   0.02210   0.07009   0.08462   0.00000   0.09817   0.08535   0.06007   0.05384   0.05932   0.00487   0.03603   0.04456   0.01900   0.01811   0.00252   0.01582   0.12892   0.02461   0.03354   0.01555   0.03230   0.03063   0.02192   0.03989   0.01570   0.01150   0.04538   0.02166   1.98557   0.98007   1.07695   0.98081   0.12091   1.08104  
 16 15566.7068  17028.565709  x:  0.03076   0.02291   0.00621   0.02043   0.01018   0.01246   0.03170   0.03002   0.00252   0.02038   0.00034   0.01464   0.03389   0.07486   0.15577   0.33518   0.13660   0.26104   0.12040   0.05742   0.29904   0.04962   0.20843   0.07458   0.01396   0.05615   0.03311   0.04744   0.07687   0.21567   0.39397   0.27233   0.04896   0.05446   0.21554   0.03741   0.06874   0.09051   0.00125   0.10060   0.09095   0.05090   0.03617   0.06551   0.00326   0.02522   0.03551   0.00164   0.01959   0.00123   0.02433   0.10493   0.02339   0.03474   0.01925   0.00000   0.03197   0.02180   0.02824   0.01694   0.01168   0.04084   0.02473   2.26082   0.94590   1.07583   1.00958   0.13413   1.08016  
 17 10412.9189  17015.587605  x:  0.03071   0.02349   0.00594   0.02076   0.01038   0.01270   0.03012   0.03127   0.00191   0.02193   0.00035   0.01484   0.03403   0.07451   0.15585   0.33775   0.13554   0.26102   0.12084   0.05776   0.30125   0.04291   0.20943   0.07463   0.01533   0.05660   0.03295   0.04796   0.07619   0.21521   0.39351   0.27320   0.04903   0.05474   0.21660   0.03909   0.06860   0.09113   0.00115   0.10084   0.09158   0.05000   0.03467   0.06618   0.00310   0.02413   0.03468   0.00000   0.01982   0.00112   0.02511   0.10134   0.02293   0.03486   0.01955   0.00022   0.03199   0.02148   0.02710   0.01660   0.01170   0.04033   0.02476   2.28784   0.94254   1.07568   1.01245   0.13564   1.08008  
 18 51102.2131  16922.215063  x:  0.03321   0.00689   0.00431   0.01264   0.01189   0.01305   0.02148   0.03389   0.00224   0.02183   0.00037   0.01702   0.03386   0.07258   0.15507   0.35260   0.12725   0.26106   0.12459   0.06073   0.31372   0.00000   0.21559   0.07625   0.01925   0.05933   0.03497   0.05218   0.07439   0.20988   0.39101   0.27906   0.04895   0.05685   0.22213   0.02951   0.06729   0.09483   0.00221   0.10258   0.09666   0.04465   0.02599   0.07110   0.00213   0.01333   0.03238   0.00579   0.01877   0.00493   0.02535   0.07339   0.01790   0.03561   0.02364   0.00054   0.03055   0.01644   0.01994   0.01123   0.01185   0.03698   0.02106   2.45705   0.92125   1.07343   1.03156   0.14576   1.07946  
 19 18165.4485  16922.215063  x:  0.03321   0.00689   0.00431   0.01264   0.01189   0.01305   0.02148   0.03389   0.00224   0.02183   0.00037   0.01702   0.03386   0.07258   0.15507   0.35260   0.12725   0.26106   0.12459   0.06073   0.31372   0.00000   0.21559   0.07625   0.01925   0.05933   0.03497   0.05218   0.07439   0.20988   0.39101   0.27906   0.04895   0.05685   0.22213   0.02951   0.06729   0.09483   0.00221   0.10258   0.09666   0.04465   0.02599   0.07110   0.00213   0.01333   0.03238   0.00579   0.01877   0.00493   0.02535   0.07339   0.01790   0.03561   0.02364   0.00054   0.03055   0.01644   0.01994   0.01123   0.01185   0.03698   0.02106   2.45705   0.92125   1.07343   1.03156   0.14576   1.07946  
 20 4896.3987  16883.287477  x:  0.03319   0.00797   0.00292   0.01277   0.01114   0.01152   0.02017   0.03208   0.01014   0.02201   0.01796   0.01740   0.03375   0.07267   0.15465   0.35220   0.12671   0.26107   0.12461   0.06069   0.31325   0.00463   0.21552   0.07668   0.01910   0.05907   0.03507   0.05202   0.07573   0.20906   0.39108   0.27910   0.04877   0.05677   0.22187   0.02933   0.06729   0.09467   0.00444   0.10246   0.09677   0.04488   0.02467   0.07100   0.00077   0.01130   0.03302   0.00695   0.01848   0.00362   0.02375   0.07142   0.01915   0.03586   0.02371   0.02533   0.03057   0.01746   0.01874   0.01306   0.01144   0.03749   0.02127   2.45768   0.92102   1.07318   1.03186   0.14891   1.07946  
 21 11081.8156  16849.035777  x:  0.03311   0.00989   0.00000   0.01303   0.00942   0.00768   0.01649   0.02704   0.01135   0.02206   0.01561   0.01759   0.03342   0.07290   0.15348   0.35113   0.12519   0.26106   0.12465   0.06058   0.31195   0.01080   0.21526   0.07761   0.01870   0.05839   0.03533   0.05159   0.07877   0.20682   0.39124   0.27921   0.04828   0.05654   0.22112   0.02867   0.06726   0.09425   0.00750   0.10210   0.09699   0.04540   0.02114   0.07076   0.00072   0.00615   0.03450   0.00880   0.01781   0.00103   0.01958   0.06607   0.02188   0.03592   0.02192   0.02561   0.03051   0.01987   0.01544   0.01671   0.01044   0.03872   0.02183   2.45938   0.92041   1.07251   1.03267   0.15653   1.07944  
 22 2465.7725  16837.447613  x:  0.03308   0.01067   0.00013   0.01314   0.00872   0.00612   0.01499   0.02498   0.01185   0.02208   0.01465   0.01767   0.03328   0.07299   0.15301   0.35069   0.12457   0.26105   0.12467   0.06053   0.31141   0.01331   0.21515   0.07799   0.01854   0.05811   0.03543   0.05142   0.08001   0.20590   0.39131   0.27925   0.04808   0.05645   0.22082   0.02840   0.06725   0.09408   0.00875   0.10195   0.09709   0.04561   0.01970   0.07066   0.00071   0.00405   0.03511   0.00955   0.01754   0.00000   0.01787   0.06388   0.02299   0.03595   0.02119   0.02574   0.03049   0.02085   0.01409   0.01819   0.01003   0.03922   0.02206   2.46007   0.92016   1.07224   1.03300   0.15963   1.07943  
 23 78228.5196  16819.418948  x:  0.03301   0.01200   0.00028   0.01333   0.00753   0.00343   0.01233   0.02129   0.01271   0.02211   0.01299   0.01781   0.03304   0.07315   0.15215   0.34989   0.12345   0.26104   0.12470   0.06045   0.31045   0.01768   0.21495   0.07866   0.01825   0.05761   0.03562   0.05110   0.08220   0.20424   0.39143   0.27933   0.04773   0.05629   0.22027   0.02791   0.06723   0.09377   0.01088   0.10168   0.09725   0.04598   0.01711   0.07048   0.00082   0.00039   0.03618   0.01080   0.01711   0.00136   0.01488   0.05995   0.02492   0.03600   0.01989   0.02602   0.03044   0.02256   0.01167   0.02075   0.00931   0.04010   0.02248   2.46133   0.91970   1.07175   1.03360   0.16510   1.07942  
 24 39858.9001  16802.748924  x:  0.03290   0.01359   0.00045   0.01358   0.00619   0.00066   0.00850   0.01561   0.01384   0.02217   0.01061   0.01801   0.03265   0.07339   0.15079   0.34862   0.12167   0.26101   0.12476   0.06033   0.30890   0.02365   0.21461   0.07963   0.01783   0.05684   0.03589   0.05061   0.08541   0.20162   0.39159   0.27945   0.04718   0.05605   0.21939   0.02710   0.06719   0.09328   0.01361   0.10125   0.09748   0.04656   0.01317   0.07019   0.00169   0.00387   0.03774   0.01221   0.01648   0.00280   0.01044   0.05378   0.02750   0.03609   0.01801   0.02660   0.03033   0.02488   0.00800   0.02414   0.00838   0.04133   0.02313   2.46330   0.91898   1.07100   1.03453   0.17289   1.07939  
 25 9389.6074  16788.009563  x:  0.03274   0.01522   0.00062   0.01385   0.00516   0.00544   0.00416   0.00849   0.01506   0.02223   0.00773   0.01823   0.03216   0.07369   0.14902   0.34696   0.11933   0.26096   0.12482   0.06017   0.30688   0.03062   0.21414   0.08080   0.01731   0.05587   0.03621   0.04999   0.08932   0.19820   0.39179   0.27958   0.04650   0.05574   0.21823   0.02600   0.06713   0.09266   0.01664   0.10068   0.09776   0.04727   0.00826   0.06981   0.00210   0.00662   0.03964   0.01356   0.01574   0.00421   0.00519   0.04583   0.03041   0.03623   0.01577   0.02739   0.03016   0.02754   0.00349   0.02797   0.00740   0.04277   0.02397   2.46587   0.91803   1.07004   1.03573   0.18217   1.07936  
 26 13762.1047  16779.063155  x:  0.03254   0.01453   0.00066   0.01382   0.00787   0.00568   0.00761   0.00533   0.01477   0.02227   0.00670   0.01829   0.03179   0.07385   0.14753   0.34551   0.11732   0.26084   0.12488   0.06008   0.30511   0.03287   0.21363   0.08132   0.01709   0.05519   0.03636   0.04955   0.09134   0.19529   0.39186   0.27964   0.04606   0.05557   0.21721   0.02497   0.06701   0.09218   0.01679   0.10018   0.09789   0.04772   0.00585   0.06951   0.00000   0.00716   0.04055   0.01246   0.01563   0.00447   0.00651   0.03962   0.03078   0.03646   0.01512   0.02791   0.02994   0.02805   0.00256   0.02863   0.00801   0.04306   0.02475   2.46800   0.91721   1.06933   1.03666   0.18564   1.07934  
 27 1978.3170  16773.896301  x:  0.03232   0.01366   0.00067   0.01375   0.01052   0.00599   0.01103   0.00267   0.01442   0.02230   0.00587   0.01833   0.03143   0.07401   0.14598   0.34399   0.11522   0.26072   0.12493   0.05999   0.30326   0.03491   0.21308   0.08181   0.01689   0.05450   0.03649   0.04911   0.09332   0.19226   0.39192   0.27969   0.04561   0.05540   0.21614   0.02390   0.06689   0.09169   0.01677   0.09965   0.09801   0.04817   0.00363   0.06922   0.00159   0.00725   0.04142   0.01118   0.01557   0.00453   0.00806   0.03323   0.03099   0.03672   0.01458   0.02852   0.02970   0.02845   0.00197   0.02911   0.00870   0.04327   0.02555   2.47022   0.91636   1.06861   1.03762   0.18886   1.07932  
 28 10749.2873  16759.444799  x:  0.03166   0.01077   0.00072   0.01343   0.01329   0.00667   0.01393   0.01009   0.01307   0.02234   0.00439   0.01843   0.03047   0.07448   0.14082   0.33888   0.10818   0.26027   0.12510   0.05971   0.29700   0.04012   0.21119   0.08320   0.01643   0.05239   0.03686   0.04775   0.09920   0.18205   0.39208   0.27982   0.04426   0.05493   0.21256   0.02058   0.06648   0.09012   0.01604   0.09792   0.09840   0.04959   0.00134   0.06833   0.00235   0.00779   0.04396   0.00720   0.01567   0.00482   0.00961   0.01276   0.03101   0.03768   0.01363   0.02958   0.02906   0.02907   0.00410   0.02986   0.00997   0.04351   0.02787   2.47769   0.91346   1.06622   1.04083   0.19723   1.07925  
 29 2979.5505  16755.392523  x:  0.03146   0.00994   0.00072   0.01331   0.01320   0.00671   0.01383   0.00956   0.01235   0.02234   0.00488   0.01842   0.03028   0.07461   0.13873   0.33676   0.10530   0.26007   0.12517   0.05963   0.29439   0.04106   0.21037   0.08357   0.01640   0.05168   0.03694   0.04730   0.10105   0.17783   0.39211   0.27986   0.04383   0.05481   0.21110   0.01953   0.06633   0.08954   0.01532   0.09725   0.09854   0.05009   0.00523   0.06805   0.00235   0.00782   0.04471   0.00656   0.01594   0.00483   0.00981   0.00676   0.03055   0.03812   0.01382   0.02937   0.02887   0.02878   0.00419   0.02938   0.01005   0.04338   0.02837   2.48078   0.91224   1.06527   1.04213   0.19893   1.07922  
 30 2430.9154  16735.639920  x:  0.03050   0.00633   0.00066   0.01260   0.00832   0.00600   0.00914   0.00596   0.00814   0.02220   0.01009   0.01813   0.03002   0.07502   0.12388   0.32129   0.08451   0.25858   0.12562   0.05920   0.27525   0.04136   0.20421   0.08511   0.01701   0.04761   0.03715   0.04470   0.11135   0.14705   0.39212   0.27997   0.04143   0.05444   0.20059   0.01418   0.06539   0.08576   0.00812   0.09256   0.09945   0.05279   0.00077   0.06600   0.00159   0.00711   0.04776   0.00817   0.01896   0.00434   0.01066   0.00331   0.02472   0.03987   0.01716   0.02703   0.02775   0.02429   0.00499   0.02237   0.00939   0.04114   0.02998   2.50334   0.90322   1.05858   1.05144   0.20181   1.07901  
 31 1256.3789  16714.649371  x:  0.02938   0.00613   0.00066   0.01226   0.00829   0.00612   0.00898   0.00667   0.00764   0.02208   0.01105   0.01787   0.02951   0.07571   0.10278   0.29911   0.05496   0.25664   0.12625   0.05859   0.24774   0.04519   0.19553   0.08779   0.01743   0.04204   0.03761   0.04109   0.12726   0.10273   0.39228   0.28023   0.03803   0.05391   0.18573   0.00867   0.06428   0.08051   0.00311   0.08614   0.10098   0.05683   0.00359   0.06327   0.00171   0.00716   0.05266   0.00749   0.02131   0.00431   0.01183   0.01070   0.01966   0.04235   0.01868   0.02625   0.02639   0.02089   0.00553   0.01684   0.00987   0.03927   0.03259   2.53609   0.89014   1.04876   1.06504   0.21097   1.07872  
 32 6693.0584  16698.691744  x:  0.02961   0.01130   0.00068   0.01282   0.00866   0.00635   0.00982   0.00684   0.01173   0.02198   0.01138   0.01764   0.03033   0.07565   0.08663   0.28057   0.03230   0.25540   0.12667   0.05847   0.22436   0.04137   0.18816   0.08871   0.01855   0.04030   0.03757   0.03974   0.13665   0.06569   0.39239   0.28050   0.03681   0.05443   0.17409   0.01628   0.06414   0.07750   0.01271   0.08212   0.10250   0.05905   0.00332   0.06179   0.00180   0.00740   0.05356   0.00902   0.02137   0.00444   0.01219   0.01000   0.01792   0.04315   0.01994   0.02461   0.02646   0.01884   0.00661   0.01477   0.00972   0.03760   0.03172   2.56463   0.87852   1.04044   1.07671   0.20907   1.07846  
 33 3746.5466  16688.645968  x:  0.03079   0.00674   0.00065   0.01334   0.00996   0.00595   0.00984   0.00668   0.01068   0.02209   0.00926   0.01798   0.03069   0.07495   0.07962   0.26808   0.02560   0.25584   0.12669   0.05906   0.20808   0.03504   0.18334   0.08843   0.01920   0.04360   0.03727   0.04131   0.13967   0.04232   0.39302   0.28129   0.03811   0.05602   0.16767   0.01791   0.06445   0.07747   0.00898   0.08133   0.10300   0.05911   0.00328   0.06223   0.00179   0.00703   0.05085   0.00829   0.01811   0.00432   0.00884   0.00969   0.02489   0.04202   0.01770   0.02723   0.02817   0.02356   0.00539   0.02380   0.00962   0.03885   0.02795   2.58735   0.86897   1.03393   1.08589   0.20345   1.07825  
 34 1433.5606  16683.375559  x:  0.03134   0.01349   0.00062   0.01272   0.00843   0.00585   0.00946   0.00723   0.01021   0.02219   0.00679   0.01815   0.03116   0.07437   0.07901   0.26005   0.03188   0.25747   0.12644   0.05979   0.19729   0.03166   0.18057   0.08834   0.01858   0.04638   0.03714   0.04289   0.14064   0.03146   0.39436   0.28274   0.03926   0.05711   0.16491   0.01593   0.06490   0.07868   0.00576   0.08239   0.10312   0.05852   0.00296   0.06337   0.00178   0.00686   0.04830   0.00711   0.01711   0.00418   0.01081   0.00841   0.02541   0.04081   0.01552   0.02970   0.02839   0.02492   0.00220   0.02292   0.00929   0.04024   0.02719   2.60621   0.86086   1.02843   1.09355   0.20281   1.07808  
 35 908.9740  16675.692484  x:  0.03146   0.01395   0.00062   0.01233   0.00785   0.00594   0.00837   0.00478   0.01007   0.02232   0.00404   0.01837   0.03086   0.07345   0.08080   0.24602   0.04789   0.26119   0.12582   0.06108   0.17832   0.02825   0.17618   0.08861   0.01701   0.05019   0.03707   0.04533   0.14246   0.01757   0.39757   0.28611   0.04082   0.05847   0.16127   0.01308   0.06585   0.08131   0.00766   0.08518   0.10341   0.05730   0.00322   0.06561   0.00150   0.00693   0.04459   0.00873   0.01718   0.00418   0.01115   0.00854   0.02447   0.03903   0.01305   0.03208   0.02819   0.02594   0.01090   0.02047   0.00923   0.04213   0.02832   2.64297   0.84495   1.01763   1.10851   0.20609   1.07773  
 36 1774.2689  16664.926780  x:  0.03111   0.00729   0.00062   0.01340   0.01051   0.00574   0.00984   0.00702   0.00986   0.02243   0.00973   0.01849   0.02987   0.07257   0.08479   0.22804   0.06746   0.26626   0.12492   0.06235   0.15422   0.02586   0.17114   0.08935   0.01592   0.05265   0.03709   0.04729   0.14502   0.00830   0.40256   0.29124   0.04183   0.05915   0.15749   0.01413   0.06696   0.08442   0.01229   0.08864   0.10379   0.05596   0.00350   0.06786   0.00184   0.00674   0.04186   0.00943   0.01828   0.00411   0.00818   0.00973   0.02316   0.03807   0.01477   0.02796   0.02773   0.02467   0.00504   0.01731   0.00899   0.04440   0.02815   2.69436   0.82257   1.00256   1.12936   0.21179   1.07725  
 37 2209.6618  16649.521616  x:  0.03052   0.00697   0.00064   0.01328   0.00674   0.00611   0.00885   0.00604   0.01537   0.02176   0.01112   0.01707   0.03095   0.07237   0.08991   0.20038   0.08227   0.27335   0.12370   0.06248   0.11901   0.02486   0.16467   0.09102   0.01879   0.04870   0.03715   0.04590   0.14971   0.02011   0.41187   0.30044   0.04018   0.05720   0.15204   0.01998   0.06699   0.08602   0.00946   0.09031   0.10378   0.05570   0.00319   0.06808   0.00162   0.00707   0.04423   0.00482   0.01891   0.00419   0.01270   0.01042   0.02324   0.04081   0.02366   0.02502   0.02803   0.02023   0.00575   0.02830   0.01160   0.04194   0.02674   2.78441   0.78304   0.97663   1.16543   0.21326   1.07638  
 38 1650.2845  16641.140621  x:  0.03051   0.00995   0.00066   0.01294   0.01184   0.00627   0.01007   0.00771   0.01293   0.02170   0.01038   0.01730   0.03177   0.07253   0.09335   0.18414   0.08684   0.27792   0.12322   0.06172   0.10058   0.02489   0.16175   0.09203   0.02025   0.04512   0.03718   0.04387   0.15209   0.03113   0.41815   0.30620   0.03893   0.05565   0.14971   0.02132   0.06643   0.08580   0.00660   0.09030   0.10351   0.05593   0.00365   0.06733   0.00198   0.00729   0.04671   0.01568   0.01843   0.00436   0.01105   0.00957   0.02453   0.04254   0.02463   0.02613   0.02837   0.02094   0.00599   0.02981   0.00997   0.03913   0.02674   2.84702   0.75534   0.95892   1.19023   0.21003   1.07578  
 39 3107.0533  16627.058316  x:  0.03120   0.00757   0.00062   0.01306   0.01083   0.00560   0.01086   0.00709   0.00662   0.02235   0.00586   0.01902   0.03159   0.07322   0.09782   0.16855   0.08542   0.28396   0.12343   0.05952   0.08943   0.02616   0.16087   0.09302   0.02011   0.04230   0.03729   0.04102   0.15348   0.04478   0.42601   0.31241   0.03849   0.05450   0.14975   0.02021   0.06527   0.08395   0.01160   0.08916   0.10310   0.05649   0.00364   0.06544   0.00190   0.00663   0.04883   0.00997   0.01690   0.00410   0.00548   0.01008   0.02420   0.04303   0.01606   0.03163   0.02857   0.02685   0.00421   0.02164   0.00691   0.03653   0.02841   2.93249   0.71717   0.93532   1.22352   0.20079   1.07494  
 40 2300.6926  16618.292644  x:  0.03188   0.00427   0.00062   0.01383   0.01116   0.00552   0.00776   0.00713   0.01259   0.02284   0.00554   0.01975   0.03089   0.07379   0.10118   0.16191   0.08229   0.28853   0.12418   0.05766   0.09053   0.02777   0.16207   0.09354   0.01895   0.04348   0.03746   0.04052   0.15340   0.05010   0.43116   0.31577   0.03945   0.05488   0.15173   0.01660   0.06462   0.08260   0.01304   0.08824   0.10271   0.05669   0.00368   0.06441   0.00178   0.00658   0.04885   0.01102   0.01652   0.00401   0.00954   0.00980   0.02632   0.04190   0.00893   0.03022   0.02865   0.03072   0.00260   0.01688   0.00958   0.03761   0.02903   2.99503   0.68908   0.91833   1.24757   0.19554   1.07431  
 41 2933.7747  16592.289354  x:  0.03395   0.01243   0.00066   0.01595   0.01289   0.00595   0.00981   0.00650   0.01379   0.02384   0.01641   0.01995   0.02917   0.07575   0.11185   0.15219   0.07095   0.30304   0.12776   0.05193   0.11209   0.03384   0.16940   0.09478   0.01424   0.05283   0.03810   0.04296   0.15099   0.05511   0.44586   0.32375   0.04424   0.05816   0.16190   0.00450   0.06355   0.07953   0.01592   0.08594   0.10175   0.05676   0.00304   0.06264   0.00187   0.00711   0.04579   0.00740   0.01817   0.00434   0.00644   0.00991   0.03188   0.03670   0.01135   0.02095   0.02871   0.03743   0.00798   0.01596   0.01332   0.04589   0.02963   3.18984   0.60145   0.86605   1.32183   0.18724   1.07234  
 42 4293.0741  16561.636749  x:  0.03425   0.01019   0.00072   0.01179   0.00914   0.00680   0.00957   0.00731   0.00517   0.02346   0.01459   0.01831   0.02735   0.07779   0.12391   0.15060   0.05998   0.32066   0.13311   0.04592   0.14841   0.04268   0.18068   0.09612   0.01171   0.06287   0.03870   0.04783   0.14691   0.05235   0.46285   0.33166   0.04826   0.06177   0.17684   0.01866   0.06417   0.07794   0.01257   0.08404   0.10115   0.05662   0.00415   0.06258   0.00190   0.00784   0.04203   0.01095   0.01885   0.00456   0.01601   0.01124   0.03073   0.03220   0.01698   0.02398   0.02764   0.03796   0.00837   0.01590   0.00757   0.05439   0.03005   3.43400   0.49216   0.80142   1.41411   0.18884   1.06984  
 43 7046.2725  16546.138000  x:  0.03310   0.00786   0.00067   0.01171   0.01018   0.00608   0.01234   0.00712   0.01424   0.02243   0.00688   0.01778   0.02917   0.07815   0.12814   0.15660   0.05730   0.32819   0.13599   0.04465   0.16749   0.04162   0.18646   0.09569   0.01520   0.06335   0.03838   0.04979   0.14229   0.04783   0.47010   0.33437   0.04731   0.06185   0.18431   0.02133   0.06504   0.07864   0.00649   0.08436   0.10111   0.05609   0.00382   0.06398   0.00202   0.00712   0.04138   0.01170   0.01859   0.00427   0.00713   0.00940   0.02268   0.03418   0.01933   0.02742   0.02702   0.03027   0.00704   0.01579   0.00465   0.05283   0.02887   3.55583   0.43904   0.77066   1.45925   0.18861   1.06857  
 44 5533.4716  16539.542759  x:  0.03220   0.00778   0.00064   0.01350   0.01134   0.00565   0.01073   0.00709   0.01192   0.02201   0.00448   0.01832   0.03102   0.07796   0.12871   0.16365   0.05753   0.33090   0.13735   0.04522   0.17636   0.03926   0.18916   0.09491   0.01736   0.06027   0.03789   0.04964   0.13905   0.04436   0.47287   0.33500   0.04490   0.06076   0.18770   0.02104   0.06579   0.07987   0.00729   0.08551   0.10147   0.05569   0.00378   0.06536   0.00194   0.00678   0.04260   0.01256   0.01795   0.00414   0.00459   0.00921   0.01964   0.03723   0.01741   0.03011   0.02717   0.02424   0.00526   0.01855   0.01365   0.04899   0.02777   3.61627   0.41438   0.75667   1.48096   0.18916   1.06792  
 45 3858.3302  16531.217605  x:  0.03114   0.00808   0.00064   0.01567   0.01310   0.00566   0.00844   0.00729   0.00955   0.02200   0.00602   0.01967   0.03362   0.07728   0.12700   0.17745   0.05979   0.33221   0.13856   0.04753   0.18464   0.03444   0.19183   0.09327   0.02014   0.05211   0.03702   0.04771   0.13426   0.03935   0.47474   0.33469   0.03972   0.05812   0.19081   0.01588   0.06687   0.08242   0.01139   0.08813   0.10235   0.05510   0.00359   0.06762   0.00190   0.00680   0.04602   0.01172   0.01648   0.00411   0.00815   0.00968   0.02140   0.04279   0.01271   0.02996   0.02851   0.01907   0.00427   0.02409   0.00867   0.04060   0.02587   3.68493   0.38956   0.74301   1.50447   0.19072   1.06715  
 46 2674.9491  16526.055571  x:  0.03100   0.00813   0.00065   0.01152   0.00957   0.00589   0.01093   0.00734   0.01086   0.02254   0.00697   0.01842   0.03303   0.07657   0.12251   0.19255   0.06297   0.33045   0.13832   0.05021   0.18714   0.03030   0.19281   0.09157   0.01894   0.04398   0.03686   0.04447   0.13070   0.03659   0.47437   0.33330   0.03592   0.05666   0.19133   0.01617   0.06752   0.08482   0.01141   0.09038   0.10334   0.05495   0.00350   0.06873   0.00194   0.00692   0.04918   0.01227   0.01803   0.00412   0.00785   0.00987   0.02674   0.04562   0.01470   0.02909   0.02934   0.02637   0.00401   0.02254   0.01040   0.03549   0.02781   3.73181   0.37839   0.73720   1.51882   0.19209   1.06659  
 47 1228.8183  16521.538011  x:  0.03197   0.00916   0.00062   0.01771   0.01412   0.00542   0.00688   0.00668   0.01121   0.02251   0.00714   0.01763   0.02998   0.07594   0.11412   0.21232   0.06552   0.32476   0.13597   0.05270   0.18441   0.02888   0.19255   0.09000   0.01597   0.04089   0.03809   0.04168   0.12832   0.03797   0.47188   0.33060   0.03610   0.05815   0.18932   0.01923   0.06724   0.08643   0.00917   0.09188   0.10435   0.05556   0.00325   0.06800   0.00180   0.00656   0.05087   0.00996   0.01811   0.00392   0.00773   0.00975   0.02715   0.04398   0.01673   0.02911   0.02889   0.02962   0.00479   0.02072   0.01003   0.03927   0.03106   3.77956   0.37652   0.73682   1.53088   0.19161   1.06595  
 48 775.8653  16512.216363  x:  0.03372   0.00845   0.00064   0.01668   0.00882   0.00593   0.01211   0.00740   0.01082   0.02243   0.00849   0.01982   0.02659   0.07504   0.09468   0.25606   0.06889   0.30901   0.12905   0.05668   0.17450   0.03180   0.19119   0.08785   0.01545   0.04488   0.04073   0.04090   0.12557   0.04509   0.46455   0.32370   0.03993   0.06307   0.18315   0.01808   0.06560   0.08774   0.01023   0.09379   0.10594   0.05746   0.00375   0.06517   0.00201   0.00693   0.05167   0.01296   0.01664   0.00414   0.00704   0.00989   0.02433   0.03703   0.01214   0.02804   0.02699   0.02564   0.00492   0.02313   0.00946   0.05002   0.03228   3.88405   0.38216   0.74174   1.55473   0.18953   1.06448  
 49 1478.8063  16507.645236  x:  0.03366   0.00751   0.00065   0.00997   0.01273   0.00571   0.00911   0.00739   0.01039   0.02262   0.00704   0.01899   0.03007   0.07516   0.08887   0.27484   0.06954   0.30080   0.12571   0.05739   0.16994   0.03496   0.19068   0.08783   0.01792   0.05006   0.04030   0.04412   0.12521   0.04819   0.46029   0.32005   0.04124   0.06409   0.18074   0.01555   0.06502   0.08731   0.01258   0.09386   0.10598   0.05817   0.00382   0.06450   0.00196   0.00683   0.04959   0.01187   0.01786   0.00410   0.00757   0.00999   0.02484   0.03562   0.01540   0.02890   0.02715   0.02517   0.00441   0.02139   0.00964   0.05050   0.02925   3.93514   0.38927   0.74697   1.56523   0.18853   1.06372  
 50 1501.1265  16503.097163  x:  0.03229   0.00704   0.00067   0.01654   0.01086   0.00602   0.01085   0.00757   0.01003   0.02271   0.00656   0.01720   0.03544   0.07604   0.08967   0.29151   0.06923   0.29126   0.12276   0.05661   0.16627   0.04021   0.19049   0.08934   0.01932   0.05677   0.03756   0.04980   0.12637   0.05001   0.45452   0.31560   0.04117   0.06264   0.17954   0.01585   0.06515   0.08568   0.01208   0.09253   0.10485   0.05838   0.00394   0.06535   0.00202   0.00712   0.04465   0.01233   0.01912   0.00424   0.00814   0.00995   0.02685   0.03777   0.01669   0.02888   0.02851   0.02723   0.00514   0.01776   0.01009   0.04461   0.02388   3.99475   0.40356   0.75718   1.57583   0.18945   1.06278  
 51 1157.2057  16497.318756  x:  0.03102   0.00880   0.00067   0.01339   0.01286   0.00590   0.01006   0.00704   0.01062   0.02238   0.01023   0.01989   0.03411   0.07744   0.09966   0.30487   0.06803   0.28032   0.12149   0.05488   0.16484   0.04366   0.19074   0.09199   0.01397   0.06019   0.03452   0.05310   0.12815   0.04923   0.44643   0.31007   0.04026   0.05890   0.18033   0.02063   0.06634   0.08327   0.00851   0.08997   0.10256   0.05725   0.00361   0.06782   0.00197   0.00707   0.03951   0.01056   0.01692   0.00428   0.00658   0.01004   0.02447   0.04147   0.01167   0.02590   0.02962   0.02748   0.00652   0.01894   0.01041   0.03741   0.02592   4.07021   0.42802   0.77525   1.58725   0.18921   1.06153  
 52 1152.1341  16489.070938  x:  0.03154   0.00744   0.00069   0.01432   0.01103   0.00598   0.01014   0.00765   0.01094   0.02239   0.00576   0.01980   0.02651   0.07909   0.11999   0.31590   0.06575   0.26642   0.12308   0.05330   0.16717   0.04288   0.19168   0.09563   0.01042   0.05799   0.03504   0.05297   0.12949   0.04548   0.43387   0.30249   0.04046   0.05426   0.18348   0.01598   0.06818   0.08043   0.01239   0.08737   0.09934   0.05377   0.00386   0.07121   0.00198   0.00715   0.03948   0.01281   0.01626   0.00432   0.00834   0.01010   0.02326   0.04421   0.01790   0.02880   0.02944   0.02563   0.00308   0.02290   0.00965   0.03659   0.03273   4.18352   0.46999   0.80794   1.60226   0.18494   1.05955  
 53 1583.2748  16480.962556  x:  0.03295   0.00847   0.00066   0.01378   0.01119   0.00587   0.01026   0.00740   0.01043   0.02278   0.00683   0.01568   0.02929   0.08016   0.14021   0.32031   0.06400   0.25530   0.12763   0.05393   0.17464   0.03713   0.19345   0.09855   0.02405   0.04952   0.04029   0.04969   0.12996   0.04189   0.42073   0.29599   0.04329   0.05355   0.18731   0.01803   0.06965   0.08062   0.01107   0.08711   0.09787   0.04999   0.00379   0.07200   0.00197   0.00698   0.04701   0.01188   0.02038   0.00415   0.00747   0.01010   0.02638   0.04163   0.01377   0.02885   0.02722   0.02451   0.00424   0.02225   0.00965   0.04437   0.03304   4.30721   0.51869   0.84823   1.61691   0.18728   1.05730  
 54 1840.6950  16476.563491  x:  0.03312   0.00789   0.00065   0.01359   0.01090   0.00580   0.01028   0.00729   0.01085   0.02227   0.00627   0.02310   0.03473   0.08013   0.14354   0.31717   0.06368   0.25393   0.13055   0.05581   0.18262   0.03174   0.19471   0.09742   0.02160   0.04535   0.04068   0.04414   0.12944   0.04234   0.41503   0.29480   0.04469   0.05636   0.18824   0.01799   0.06885   0.08341   0.01082   0.08984   0.09965   0.05003   0.00382   0.06885   0.00198   0.00684   0.05073   0.01211   0.01561   0.00411   0.00760   0.01002   0.02541   0.03810   0.01588   0.02947   0.02769   0.02537   0.00502   0.02065   0.00999   0.04583   0.02499   4.37179   0.54493   0.87303   1.62315   0.19245   1.05603  
 55 1128.7168  16472.453576  x:  0.03229   0.00756   0.00063   0.01315   0.01139   0.00564   0.01031   0.00745   0.01075   0.02237   0.00560   0.01614   0.03498   0.07912   0.13683   0.30929   0.06484   0.25779   0.13232   0.05812   0.19367   0.02639   0.19617   0.09364   0.01559   0.04588   0.03834   0.04094   0.12798   0.04509   0.41138   0.29622   0.04306   0.05933   0.18760   0.01759   0.06678   0.08784   0.01124   0.09444   0.10326   0.05236   0.00389   0.06430   0.00203   0.00665   0.05111   0.01255   0.01949   0.00395   0.00679   0.00988   0.02415   0.03705   0.01364   0.03060   0.02925   0.02405   0.00433   0.02248   0.00919   0.04317   0.02161   4.43065   0.56875   0.89999   1.62719   0.19656   1.05476  
 56 892.7849  16467.524416  x:  0.03096   0.00741   0.00061   0.01428   0.01162   0.00553   0.00995   0.00749   0.01071   0.02245   0.00580   0.01824   0.03243   0.07653   0.11946   0.29595   0.06901   0.26739   0.13273   0.06059   0.21095   0.02272   0.19871   0.08762   0.02143   0.04901   0.03609   0.04488   0.12518   0.04910   0.40825   0.30025   0.03788   0.06143   0.18618   0.01792   0.06419   0.09386   0.01134   0.10078   0.10812   0.05614   0.00383   0.06101   0.00203   0.00653   0.04968   0.01291   0.01672   0.00392   0.00643   0.01007   0.02558   0.04043   0.01428   0.03067   0.02970   0.02437   0.00321   0.02300   0.00895   0.03865   0.03037   4.50756   0.59872   0.93960   1.63073   0.19989   1.05296  
 57 1128.1490  16465.367570  x:  0.03231   0.00737   0.00064   0.01429   0.01213   0.00564   0.01010   0.00757   0.01070   0.02212   0.00576   0.01971   0.03124   0.07434   0.10789   0.29014   0.07402   0.27475   0.12976   0.05945   0.21867   0.02841   0.20044   0.08647   0.02123   0.04497   0.03932   0.04622   0.12336   0.04894   0.40882   0.30375   0.03599   0.05887   0.18694   0.01866   0.06566   0.09355   0.01119   0.10062   0.10715   0.05613   0.00373   0.06790   0.00204   0.00670   0.04893   0.01292   0.01855   0.00401   0.00647   0.01006   0.02418   0.04410   0.01410   0.03019   0.02713   0.02568   0.00355   0.02390   0.00885   0.03984   0.02643   4.54096   0.60896   0.96171   1.63029   0.19607   1.05200  
 58 445.9785  16464.772447  x:  0.03250   0.00719   0.00064   0.01408   0.01203   0.00564   0.01029   0.00753   0.01075   0.02254   0.00589   0.01762   0.03261   0.07410   0.10479   0.28939   0.07531   0.27765   0.12823   0.05888   0.21978   0.02980   0.20103   0.08686   0.02042   0.04383   0.03931   0.04545   0.12222   0.04857   0.40997   0.30548   0.03750   0.05797   0.18817   0.01889   0.06666   0.09212   0.01101   0.09927   0.10563   0.05580   0.00369   0.06972   0.00203   0.00671   0.04928   0.01283   0.01563   0.00407   0.00621   0.01009   0.02560   0.04392   0.01434   0.02999   0.02813   0.02404   0.00371   0.02315   0.00896   0.03978   0.02709   4.55006   0.60999   0.97004   1.62920   0.19560   1.05164  
 59 263.4455  16464.015641  x:  0.03175   0.00708   0.00064   0.01440   0.01204   0.00565   0.01035   0.00759   0.01087   0.02236   0.00561   0.01943   0.03415   0.07451   0.10168   0.29002   0.07597   0.28256   0.12595   0.05854   0.21929   0.02952   0.20188   0.08804   0.02027   0.04397   0.03777   0.04371   0.11955   0.04780   0.41300   0.30886   0.04097   0.05649   0.19138   0.01919   0.06821   0.08894   0.01099   0.09624   0.10248   0.05519   0.00374   0.07017   0.00204   0.00671   0.05018   0.01277   0.01837   0.00404   0.00613   0.01005   0.02624   0.04219   0.01436   0.03018   0.03033   0.02344   0.00335   0.02371   0.00885   0.03869   0.02893   4.56234   0.60833   0.98498   1.62613   0.19642   1.05099  
 60 242.8149  16463.113983  x:  0.03060   0.00726   0.00064   0.01443   0.01210   0.00564   0.01008   0.00760   0.01080   0.02200   0.00610   0.01812   0.03239   0.07548   0.10015   0.29236   0.07518   0.28853   0.12433   0.05928   0.21685   0.02792   0.20272   0.08953   0.02199   0.04527   0.03699   0.04324   0.11646   0.04693   0.41768   0.31328   0.04232   0.05407   0.19608   0.01872   0.06906   0.08591   0.01140   0.09331   0.09964   0.05473   0.00376   0.06834   0.00204   0.00670   0.05101   0.01298   0.01684   0.00404   0.00656   0.01006   0.02322   0.04130   0.01443   0.02998   0.02930   0.02620   0.00330   0.02454   0.00894   0.03801   0.02769   4.57678   0.60326   1.00601   1.62100   0.19864   1.05006  
 61 314.8541  16461.830728  x:  0.03193   0.00762   0.00063   0.01404   0.01197   0.00558   0.01008   0.00742   0.01087   0.02282   0.00567   0.01907   0.02999   0.07691   0.10120   0.29703   0.07209   0.29626   0.12414   0.06131   0.21170   0.02696   0.20340   0.09090   0.02066   0.04652   0.03825   0.04485   0.11422   0.04585   0.42515   0.31924   0.04017   0.05222   0.20259   0.01910   0.06828   0.08508   0.01082   0.09213   0.09906   0.05483   0.00371   0.06484   0.00203   0.00662   0.04999   0.01259   0.01716   0.00399   0.00619   0.01000   0.02664   0.04286   0.01441   0.03037   0.02627   0.02345   0.00392   0.02262   0.00907   0.03934   0.02573   4.59755   0.59196   1.04039   1.61167   0.20088   1.04850  
 62 369.9647  16460.013285  x:  0.03447   0.00729   0.00064   0.01394   0.01151   0.00570   0.01037   0.00751   0.01076   0.02159   0.00589   0.01844   0.03494   0.07757   0.10551   0.30424   0.06698   0.30504   0.12570   0.06298   0.20425   0.02958   0.20375   0.09152   0.01895   0.04536   0.03992   0.04777   0.11493   0.04396   0.43566   0.32598   0.03792   0.05591   0.20985   0.01876   0.06598   0.08834   0.01056   0.09467   0.10245   0.05502   0.00373   0.06413   0.00204   0.00675   0.04773   0.01288   0.01750   0.00406   0.00676   0.00998   0.02399   0.04490   0.01442   0.03000   0.02888   0.02456   0.00379   0.02315   0.00907   0.04186   0.02830   4.62770   0.57130   1.09409   1.59617   0.20076   1.04602  
 63 524.4229  16458.653355  x:  0.02999   0.00769   0.00065   0.01396   0.01163   0.00576   0.01033   0.00750   0.01079   0.02378   0.00583   0.01853   0.03217   0.07639   0.10927   0.30850   0.06461   0.30782   0.12714   0.06065   0.20073   0.03258   0.20323   0.09055   0.02031   0.04541   0.03809   0.04672   0.11861   0.04303   0.44194   0.32794   0.03904   0.06152   0.21108   0.01889   0.06525   0.09173   0.01000   0.09774   0.10600   0.05464   0.00377   0.06818   0.00202   0.00683   0.04835   0.01260   0.01751   0.00412   0.00688   0.00996   0.02437   0.04168   0.01479   0.02979   0.02825   0.02407   0.00397   0.02265   0.00931   0.03921   0.02749   4.65005   0.55249   1.13605   1.58324   0.19990   1.04398  
 64 453.2945  16457.645560  x:  0.03203   0.00774   0.00065   0.01390   0.01169   0.00575   0.01034   0.00748   0.01075   0.01888   0.00597   0.01839   0.03108   0.07501   0.11124   0.30953   0.06520   0.30517   0.12835   0.05637   0.20101   0.03172   0.20199   0.08881   0.02113   0.04802   0.03701   0.04448   0.12224   0.04358   0.44415   0.32557   0.03733   0.06061   0.20680   0.01897   0.06634   0.09179   0.00997   0.09818   0.10659   0.05437   0.00380   0.07005   0.00202   0.00682   0.04917   0.01245   0.01730   0.00412   0.00679   0.01000   0.02516   0.03981   0.01487   0.02981   0.02894   0.02378   0.00416   0.02192   0.00940   0.03896   0.02699   4.66622   0.53556   1.16781   1.57254   0.20108   1.04229  
 65 321.4445  16456.170985  x:  0.03450   0.00753   0.00064   0.01406   0.01171   0.00573   0.01031   0.00751   0.01077   0.02413   0.00617   0.01867   0.03264   0.07340   0.11361   0.30955   0.06753   0.29813   0.13078   0.05047   0.20309   0.02861   0.19969   0.08631   0.02106   0.05100   0.03673   0.04271   0.12733   0.04517   0.44584   0.31946   0.03578   0.05741   0.19727   0.01924   0.06814   0.09001   0.01019   0.09728   0.10572   0.05437   0.00385   0.07049   0.00202   0.00677   0.04910   0.01259   0.01738   0.00408   0.00678   0.01008   0.02436   0.03953   0.01492   0.02983   0.02912   0.02453   0.00415   0.02227   0.00932   0.04045   0.02732   4.69159   0.50712   1.21819   1.55494   0.20368   1.03950  
 66 758.1729  16454.705566  x:  0.03052   0.00744   0.00063   0.01402   0.01175   0.00571   0.01032   0.00755   0.01071   0.02213   0.00633   0.01853   0.03370   0.07385   0.11506   0.30742   0.07084   0.28863   0.13413   0.05055   0.20623   0.02641   0.19765   0.08612   0.01942   0.04865   0.03833   0.04613   0.13004   0.04714   0.44510   0.31118   0.04113   0.05710   0.18656   0.01929   0.06820   0.08710   0.01085   0.09495   0.10314   0.05522   0.00387   0.06770   0.00203   0.00674   0.04675   0.01268   0.01739   0.00407   0.00669   0.01020   0.02517   0.04211   0.01469   0.02988   0.02686   0.02499   0.00397   0.02263   0.00916   0.04121   0.02770   4.71617   0.47802   1.26709   1.53693   0.20578   1.03663  
 67 599.1887  16454.241004  x:  0.03248   0.00753   0.00064   0.01399   0.01190   0.00573   0.01034   0.00755   0.01071   0.02267   0.00636   0.01864   0.03151   0.07506   0.11529   0.30534   0.07199   0.28432   0.13429   0.05414   0.20728   0.02781   0.19755   0.08812   0.02001   0.04759   0.03813   0.04759   0.12865   0.04754   0.44303   0.30734   0.04221   0.05696   0.18394   0.01951   0.06700   0.08701   0.01076   0.09435   0.10229   0.05532   0.00389   0.06690   0.00204   0.00678   0.04655   0.01260   0.01735   0.00409   0.00667   0.01019   0.02494   0.04114   0.01475   0.02974   0.02994   0.02477   0.00415   0.02227   0.00930   0.04035   0.02663   4.72432   0.46785   1.28287   1.53028   0.20637   1.03555  
 68 266.6875  16453.824719  x:  0.03181   0.00744   0.00064   0.01415   0.01193   0.00577   0.01041   0.00758   0.01073   0.02255   0.00638   0.01855   0.03288   0.07639   0.11530   0.30182   0.07218   0.27903   0.13121   0.05846   0.20766   0.02990   0.19813   0.09122   0.01948   0.04893   0.03710   0.04653   0.12406   0.04771   0.43851   0.30280   0.04028   0.05609   0.18382   0.01969   0.06551   0.08842   0.01062   0.09463   0.10230   0.05453   0.00392   0.06755   0.00204   0.00683   0.04743   0.01255   0.01738   0.00413   0.00670   0.01017   0.02493   0.03948   0.01485   0.02957   0.02808   0.02483   0.00410   0.02245   0.00927   0.04035   0.02751   4.73190   0.45803   1.29661   1.52306   0.20645   1.03434  
 69 165.0725  16453.621816  x:  0.03186   0.00751   0.00064   0.01404   0.01189   0.00577   0.01038   0.00755   0.01067   0.02257   0.00637   0.01856   0.03234   0.07637   0.11519   0.29951   0.07129   0.27593   0.12690   0.05800   0.20717   0.02977   0.19860   0.09147   0.01952   0.04945   0.03791   0.04584   0.12080   0.04825   0.43440   0.30056   0.04077   0.05762   0.18580   0.01950   0.06611   0.08914   0.01057   0.09527   0.10302   0.05419   0.00384   0.06804   0.00203   0.00683   0.04713   0.01256   0.01739   0.00413   0.00674   0.01014   0.02489   0.04150   0.01479   0.02961   0.02857   0.02486   0.00416   0.02218   0.00929   0.04062   0.02739   4.73591   0.45292   1.30270   1.51836   0.20812   1.03352  
 70 96.9093  16453.542691  x:  0.03182   0.00751   0.00064   0.01406   0.01188   0.00577   0.01039   0.00756   0.01068   0.02255   0.00636   0.01853   0.03233   0.07557   0.11494   0.29859   0.07114   0.27491   0.12575   0.05766   0.20668   0.02979   0.19874   0.08988   0.01941   0.04825   0.03729   0.04707   0.12060   0.04849   0.43113   0.30014   0.04029   0.05744   0.18815   0.01938   0.06680   0.08855   0.01054   0.09538   0.10337   0.05450   0.00388   0.06765   0.00204   0.00682   0.04646   0.01255   0.01741   0.00413   0.00675   0.01012   0.02488   0.04019   0.01479   0.02963   0.02849   0.02478   0.00416   0.02220   0.00930   0.04080   0.02739   4.73790   0.45077   1.30433   1.51504   0.20859   1.03290  
 71 42.5053  16453.452007  x:  0.03183   0.00752   0.00065   0.01409   0.01191   0.00578   0.01040   0.00756   0.01071   0.02257   0.00643   0.01853   0.03243   0.07463   0.11434   0.29787   0.07178   0.27436   0.12675   0.05865   0.20604   0.03023   0.19884   0.08780   0.01930   0.04922   0.03815   0.04676   0.12195   0.04855   0.42587   0.30045   0.04070   0.05730   0.19170   0.01952   0.06680   0.08761   0.01045   0.09510   0.10335   0.05533   0.00386   0.06747   0.00204   0.00684   0.04732   0.01251   0.01742   0.00414   0.00675   0.01014   0.02488   0.04050   0.01484   0.02952   0.02856   0.02482   0.00419   0.02220   0.00932   0.04035   0.02742   4.74080   0.44821   1.30521   1.50917   0.20834   1.03180  
 72 44.2663  16453.390027  x:  0.03186   0.00753   0.00064   0.01403   0.01189   0.00578   0.01041   0.00756   0.01069   0.02256   0.00644   0.01855   0.03230   0.07493   0.11372   0.29776   0.07210   0.27463   0.12776   0.05829   0.20578   0.02993   0.19886   0.08858   0.01962   0.04911   0.03668   0.04602   0.12315   0.04879   0.42219   0.30146   0.04096   0.05716   0.19310   0.01950   0.06612   0.08807   0.01052   0.09480   0.10297   0.05554   0.00385   0.06769   0.00204   0.00684   0.04654   0.01254   0.01741   0.00414   0.00677   0.01015   0.02494   0.04128   0.01485   0.02952   0.02855   0.02485   0.00424   0.02213   0.00933   0.04116   0.02727   4.74333   0.44665   1.30483   1.50336   0.20831   1.03068  
 73 39.2478  16453.292724  x:  0.03186   0.00751   0.00064   0.01410   0.01190   0.00576   0.01037   0.00756   0.01070   0.02256   0.00648   0.01854   0.03234   0.07580   0.11298   0.29782   0.07221   0.27558   0.12873   0.05663   0.20560   0.02900   0.19873   0.09119   0.01939   0.04910   0.03816   0.04643   0.12438   0.04925   0.41718   0.30363   0.04089   0.05701   0.19360   0.01943   0.06566   0.08926   0.01060   0.09462   0.10255   0.05494   0.00388   0.06786   0.00203   0.00682   0.04602   0.01256   0.01741   0.00412   0.00675   0.01016   0.02496   0.04032   0.01484   0.02956   0.02854   0.02489   0.00416   0.02221   0.00933   0.04051   0.02743   4.74795   0.44451   1.30319   1.49226   0.20861   1.02853  
 74 63.4958  16453.147286  x:  0.03196   0.00754   0.00064   0.01406   0.01190   0.00576   0.01038   0.00755   0.01071   0.02258   0.00650   0.01857   0.03232   0.07611   0.11361   0.29796   0.07206   0.27725   0.12900   0.05610   0.20552   0.02913   0.19823   0.09250   0.01862   0.04950   0.03708   0.04835   0.12393   0.04936   0.41291   0.30673   0.04082   0.05756   0.19149   0.01950   0.06722   0.08879   0.01052   0.09526   0.10304   0.05367   0.00385   0.06750   0.00204   0.00682   0.04865   0.01251   0.01744   0.00412   0.00673   0.01017   0.02490   0.04083   0.01475   0.02953   0.02857   0.02494   0.00425   0.02206   0.00931   0.04091   0.02729   4.75584   0.44207   1.29917   1.47268   0.20849   1.02470  
 75 65.9851  16452.702808  x:  0.03158   0.00757   0.00065   0.01402   0.01188   0.00580   0.01042   0.00756   0.01066   0.02258   0.00646   0.01853   0.03224   0.07628   0.11748   0.29804   0.07117   0.28133   0.12823   0.05769   0.20540   0.03149   0.19698   0.09092   0.01948   0.04944   0.03781   0.04588   0.12055   0.04903   0.40593   0.31420   0.04019   0.05793   0.18398   0.01946   0.06882   0.08545   0.01047   0.09630   0.10427   0.05374   0.00391   0.06697   0.00204   0.00687   0.04584   0.01247   0.01743   0.00416   0.00684   0.01015   0.02496   0.04043   0.01489   0.02939   0.02869   0.02485   0.00427   0.02200   0.00938   0.04100   0.02742   4.78061   0.43584   1.28522   1.41086   0.20907   1.01250  
 76 172.2113  16452.229559  x:  0.03304   0.00754   0.00065   0.01402   0.01183   0.00580   0.01039   0.00755   0.01067   0.02262   0.00648   0.01846   0.03239   0.07537   0.12004   0.29682   0.07028   0.28215   0.12582   0.05768   0.20492   0.03140   0.19687   0.08717   0.01901   0.04936   0.03749   0.04727   0.11901   0.04880   0.40599   0.31726   0.04202   0.05702   0.18083   0.01944   0.06386   0.08795   0.01068   0.09365   0.10229   0.05622   0.00387   0.06924   0.00203   0.00686   0.04705   0.01241   0.01749   0.00415   0.00689   0.01016   0.02485   0.04006   0.01487   0.02938   0.02759   0.02490   0.00424   0.02199   0.00939   0.04071   0.02760   4.80778   0.43022   1.26901   1.34299   0.21064   0.99893  
 77 222.2612  16451.603729  x:  0.02950   0.00773   0.00065   0.01388   0.01175   0.00581   0.01041   0.00751   0.01069   0.02250   0.00650   0.01859   0.03190   0.07344   0.11971   0.29381   0.07073   0.27990   0.12486   0.05809   0.20427   0.03169   0.19817   0.08719   0.01883   0.04989   0.03827   0.04732   0.12100   0.04859   0.41225   0.31578   0.04106   0.05491   0.18271   0.01941   0.06519   0.09163   0.01071   0.09232   0.10085   0.05599   0.00389   0.06751   0.00203   0.00686   0.04724   0.01231   0.01746   0.00416   0.00692   0.01019   0.02500   0.04027   0.01488   0.02928   0.03061   0.02481   0.00445   0.02157   0.00947   0.04258   0.02710   4.84405   0.42355   1.24689   1.25247   0.21054   0.98056  
 78 340.8912  16451.050415  x:  0.03258   0.00765   0.00065   0.01401   0.01176   0.00581   0.01035   0.00753   0.01073   0.02263   0.00661   0.01845   0.03215   0.07316   0.11801   0.29073   0.07168   0.27718   0.12552   0.05851   0.20364   0.03138   0.19940   0.08937   0.01890   0.04981   0.03767   0.04682   0.12360   0.04873   0.41944   0.31252   0.04230   0.05653   0.18634   0.01929   0.06789   0.09106   0.01070   0.09329   0.10134   0.05495   0.00394   0.06645   0.00203   0.00686   0.04618   0.01230   0.01752   0.00416   0.00700   0.01022   0.02496   0.04023   0.01500   0.02917   0.02799   0.02496   0.00433   0.02196   0.00949   0.04098   0.02757   4.87641   0.41783   1.22705   1.17185   0.21089   0.96400  
 79 669.1496  16450.905741  x:  0.03197   0.00768   0.00064   0.01399   0.01174   0.00579   0.01032   0.00751   0.01075   0.02261   0.00665   0.01847   0.03206   0.07511   0.11717   0.28986   0.07201   0.27671   0.12644   0.05802   0.20326   0.03020   0.19918   0.09016   0.01865   0.04995   0.03783   0.04738   0.12373   0.04908   0.42156   0.31070   0.04145   0.05704   0.18780   0.01936   0.06662   0.08778   0.01070   0.09462   0.10256   0.05541   0.00391   0.06837   0.00202   0.00683   0.04640   0.01231   0.01750   0.00414   0.00696   0.01023   0.02506   0.04009   0.01495   0.02923   0.02856   0.02499   0.00434   0.02193   0.00948   0.04152   0.02749   4.88492   0.41643   1.22185   1.15093   0.21149   0.95942  
 80 187.8708  16450.881061  x:  0.03193   0.00768   0.00064   0.01400   0.01175   0.00580   0.01034   0.00751   0.01076   0.02260   0.00665   0.01847   0.03205   0.07540   0.11698   0.28985   0.07220   0.27788   0.12735   0.05695   0.20295   0.03084   0.19802   0.08972   0.01870   0.04988   0.03780   0.04725   0.12278   0.04901   0.42156   0.30883   0.04140   0.05713   0.18813   0.01941   0.06579   0.08764   0.01067   0.09432   0.10282   0.05420   0.00392   0.06774   0.00202   0.00684   0.04643   0.01229   0.01750   0.00415   0.00697   0.01022   0.02506   0.04016   0.01497   0.02917   0.02860   0.02496   0.00435   0.02195   0.00950   0.04143   0.02747   4.88626   0.41629   1.22118   1.14829   0.21146   0.95808  
 81 14.5407  16450.858982  x:  0.03196   0.00767   0.00065   0.01399   0.01175   0.00580   0.01034   0.00751   0.01075   0.02261   0.00665   0.01846   0.03205   0.07594   0.11693   0.28990   0.07182   0.27955   0.12840   0.05673   0.20249   0.03102   0.19694   0.08948   0.01865   0.04997   0.03779   0.04733   0.12194   0.04934   0.42134   0.30663   0.04154   0.05700   0.18822   0.01933   0.06671   0.08825   0.01067   0.09406   0.10269   0.05475   0.00391   0.06820   0.00202   0.00684   0.04634   0.01229   0.01751   0.00415   0.00698   0.01021   0.02503   0.04007   0.01497   0.02917   0.02855   0.02496   0.00435   0.02188   0.00950   0.04148   0.02750   4.88735   0.41623   1.22077   1.14673   0.21169   0.95641  
 82 15.9194  16450.816097  x:  0.03196   0.00769   0.00064   0.01397   0.01172   0.00579   0.01032   0.00751   0.01075   0.02261   0.00666   0.01847   0.03205   0.07391   0.11738   0.29024   0.07142   0.28284   0.12765   0.05711   0.20206   0.03064   0.19710   0.09057   0.01860   0.05001   0.03781   0.04740   0.12258   0.04963   0.42071   0.30319   0.04173   0.05680   0.18781   0.01934   0.06632   0.08778   0.01067   0.09499   0.10208   0.05539   0.00392   0.06823   0.00202   0.00683   0.04631   0.01228   0.01752   0.00414   0.00698   0.01022   0.02503   0.04007   0.01498   0.02918   0.02857   0.02496   0.00436   0.02184   0.00950   0.04155   0.02750   4.88913   0.41616   1.22053   1.14588   0.21176   0.95194  
 83 10.1097  16450.714889  x:  0.03201   0.00768   0.00064   0.01399   0.01169   0.00578   0.01030   0.00750   0.01079   0.02261   0.00669   0.01848   0.03214   0.07640   0.11803   0.29060   0.07225   0.28617   0.12505   0.05746   0.20190   0.03028   0.19947   0.09010   0.01874   0.04989   0.03785   0.04719   0.12495   0.04941   0.42001   0.30007   0.04134   0.05736   0.18708   0.01944   0.06642   0.08777   0.01073   0.09348   0.10324   0.05578   0.00392   0.06730   0.00202   0.00682   0.04668   0.01228   0.01750   0.00414   0.00699   0.01026   0.02510   0.04007   0.01501   0.02914   0.02848   0.02498   0.00433   0.02203   0.00951   0.04147   0.02741   4.89295   0.41614   1.22073   1.14637   0.21099   0.93989  
 84 16.9091  16450.404463  x:  0.03198   0.00774   0.00063   0.01393   0.01156   0.00574   0.01021   0.00746   0.01076   0.02265   0.00670   0.01845   0.03206   0.07765   0.11758   0.29052   0.07086   0.28871   0.12483   0.06031   0.20099   0.02860   0.20387   0.08773   0.01846   0.05026   0.03791   0.04772   0.12695   0.05077   0.41961   0.29785   0.04167   0.05713   0.18596   0.01925   0.06679   0.08804   0.01084   0.09201   0.10389   0.05003   0.00396   0.06983   0.00200   0.00675   0.04549   0.01228   0.01752   0.00409   0.00701   0.01027   0.02508   0.04003   0.01495   0.02924   0.02863   0.02500   0.00432   0.02178   0.00949   0.04186   0.02748   4.90420   0.41628   1.22175   1.14992   0.21216   0.90243  
 85 60.2256  16445.606104  x:  0.03249   0.00871   0.00060   0.01367   0.01005   0.00552   0.00937   0.00698   0.01131   0.02255   0.00701   0.01834   0.03198   0.08524   0.11485   0.28785   0.07007   0.29040   0.13344   0.05193   0.19630   0.03224   0.23133   0.08137   0.01782   0.05088   0.03775   0.04810   0.11965   0.04907   0.42255   0.29544   0.04663   0.05132   0.18462   0.02060   0.06652   0.08970   0.01035   0.10878   0.09440   0.04968   0.00411   0.06702   0.00188   0.00637   0.04549   0.01140   0.01748   0.00386   0.00769   0.01064   0.02534   0.03966   0.01546   0.02800   0.02840   0.02494   0.00447   0.02237   0.00974   0.04161   0.02708   5.06536   0.41951   1.23941   1.20760   0.20956   0.35699  
 86 235.9209  16443.680712  x:  0.03249   0.00896   0.00059   0.01359   0.00959   0.00541   0.00905   0.00683   0.01149   0.02253   0.00710   0.01831   0.03205   0.08147   0.11454   0.28715   0.07137   0.29001   0.13482   0.05180   0.19737   0.03146   0.23103   0.08383   0.01754   0.05119   0.03770   0.04841   0.11760   0.04925   0.42430   0.29630   0.04472   0.05430   0.18566   0.02084   0.06671   0.08900   0.01060   0.10328   0.09748   0.05154   0.00415   0.06757   0.00184   0.00619   0.04515   0.01115   0.01739   0.00374   0.00782   0.01079   0.02572   0.03949   0.01558   0.02773   0.02855   0.02501   0.00440   0.02275   0.00974   0.04169   0.02688   5.12160   0.42069   1.24554   1.22799   0.20917   0.16702  
 87 1501.3764  16443.507402  x:  0.03257   0.00900   0.00058   0.01358   0.00953   0.00539   0.00901   0.00682   0.01150   0.02255   0.00708   0.01833   0.03207   0.08359   0.11468   0.28724   0.07089   0.29011   0.13149   0.05364   0.19932   0.03110   0.22456   0.08330   0.01765   0.05122   0.03775   0.04834   0.12020   0.04943   0.42477   0.29695   0.04613   0.05238   0.18685   0.02092   0.06663   0.08947   0.01054   0.10590   0.09681   0.05018   0.00417   0.06750   0.00183   0.00616   0.04507   0.01116   0.01738   0.00373   0.00784   0.01081   0.02567   0.03957   0.01556   0.02774   0.02850   0.02504   0.00439   0.02273   0.00972   0.04169   0.02687   5.12795   0.42072   1.24622   1.23035   0.20885   0.15032  
 88 57.9645  16443.299082  x:  0.03252   0.00903   0.00058   0.01357   0.00947   0.00537   0.00897   0.00680   0.01152   0.02256   0.00708   0.01831   0.03211   0.08441   0.11469   0.28713   0.07100   0.29011   0.13075   0.05428   0.19996   0.03090   0.22269   0.08254   0.01765   0.05121   0.03775   0.04832   0.12096   0.04955   0.42505   0.29713   0.04309   0.05652   0.18722   0.02103   0.06684   0.08906   0.01070   0.10601   0.09148   0.04955   0.00418   0.06754   0.00183   0.00613   0.04504   0.01113   0.01736   0.00371   0.00783   0.01085   0.02576   0.03953   0.01555   0.02771   0.02849   0.02501   0.00437   0.02278   0.00971   0.04169   0.02684   5.13607   0.42087   1.24716   1.23333   0.20876   0.15123  
 89  7.7266  16429.831609  x:  0.03344   0.01171   0.00043   0.01273   0.00496   0.00435   0.00604   0.00542   0.01320   0.02249   0.00761   0.01816   0.03268   0.07812   0.11178   0.28129   0.07611   0.28818   0.12052   0.06195   0.21970   0.02545   0.18705   0.09268   0.01618   0.05391   0.03767   0.05016   0.12197   0.05098   0.44342   0.30767   0.04437   0.05798   0.20308   0.02416   0.06725   0.08875   0.01167   0.09759   0.10390   0.05253   0.00471   0.06908   0.00143   0.00444   0.04204   0.00914   0.01693   0.00267   0.00933   0.01201   0.02831   0.03875   0.01648   0.02521   0.02899   0.02578   0.00390   0.02575   0.00973   0.04203   0.02518   5.68533   0.43081   1.31090   1.43454   0.20240   0.36451  
 90 56.7579  16424.070760  x:  0.03335   0.01262   0.00039   0.01316   0.01097   0.00414   0.00777   0.00714   0.01340   0.02231   0.00585   0.01801   0.03160   0.07424   0.11684   0.28129   0.07924   0.29471   0.12722   0.05805   0.21723   0.02922   0.20126   0.09373   0.01625   0.05367   0.03795   0.04996   0.11910   0.05109   0.45010   0.31799   0.04319   0.05898   0.20277   0.02503   0.06748   0.08928   0.01246   0.09424   0.10470   0.05532   0.00554   0.06920   0.00170   0.00365   0.04365   0.00572   0.01664   0.00235   0.00945   0.01219   0.02843   0.03875   0.01622   0.02366   0.02911   0.02664   0.00418   0.02691   0.00790   0.04239   0.02625   6.13996   0.39153   1.36343   1.45906   0.20417   0.38409  
 91  0.5296  16421.337391  x:  0.03289   0.01201   0.00039   0.01366   0.00875   0.00408   0.00936   0.00732   0.01289   0.02229   0.00587   0.01816   0.03144   0.07503   0.12124   0.28102   0.07923   0.30049   0.13200   0.05425   0.20995   0.03029   0.21467   0.09115   0.01723   0.05285   0.03799   0.04955   0.11691   0.05174   0.44612   0.32449   0.04250   0.05833   0.19667   0.02422   0.06732   0.09075   0.01266   0.09693   0.10225   0.05586   0.00617   0.06876   0.00159   0.00294   0.04503   0.01075   0.01730   0.00213   0.00922   0.01258   0.02673   0.03926   0.01639   0.02071   0.02923   0.02572   0.00437   0.02642   0.00887   0.04196   0.02664   6.47981   0.36704   1.40098   1.43719   0.20491   0.39566  
 92  0.3144  16420.079596  x:  0.03287   0.01098   0.00047   0.01343   0.00838   0.00420   0.00906   0.00698   0.01172   0.02251   0.00557   0.01855   0.03206   0.07727   0.11945   0.27984   0.07906   0.30014   0.12752   0.05682   0.20605   0.02721   0.20297   0.09069   0.01765   0.05131   0.03812   0.04888   0.12007   0.05321   0.44284   0.32197   0.04256   0.05757   0.19669   0.02376   0.06714   0.09090   0.01251   0.09927   0.10193   0.05421   0.00642   0.06863   0.00131   0.00270   0.04451   0.01001   0.01716   0.00235   0.00872   0.01283   0.02624   0.03948   0.01646   0.01861   0.02894   0.02522   0.00460   0.02440   0.00935   0.04119   0.02653   6.65459   0.38660   1.41673   1.43229   0.20437   0.43341  
 93  0.1139  16419.497561  x:  0.03303   0.01034   0.00052   0.01340   0.00794   0.00433   0.00831   0.00677   0.01116   0.02254   0.00519   0.01842   0.03220   0.07642   0.11895   0.27786   0.07929   0.30076   0.12723   0.05695   0.20011   0.02698   0.19971   0.09189   0.01731   0.05178   0.03808   0.04908   0.12208   0.05337   0.44972   0.32050   0.04260   0.05795   0.19743   0.02323   0.06723   0.08996   0.01239   0.09731   0.10269   0.05425   0.00649   0.06891   0.00108   0.00257   0.04391   0.00900   0.01697   0.00251   0.00843   0.01296   0.02685   0.03896   0.01672   0.01658   0.02887   0.02565   0.00430   0.02391   0.00908   0.04151   0.02635   6.72832   0.35940   1.45520   1.40105   0.20661   0.44476  
 94  0.0778  16419.122973  x:  0.03314   0.01017   0.00061   0.01354   0.00849   0.00473   0.00821   0.00720   0.01115   0.02250   0.00475   0.01819   0.03202   0.07458   0.11808   0.27484   0.08106   0.29934   0.12862   0.05651   0.20095   0.02702   0.20497   0.09327   0.01687   0.05265   0.03808   0.04953   0.12076   0.05287   0.45084   0.32104   0.04290   0.05847   0.19801   0.02315   0.06734   0.08976   0.01182   0.09545   0.10377   0.05553   0.00641   0.06895   0.00106   0.00276   0.04408   0.00888   0.01708   0.00284   0.00860   0.01280   0.02763   0.03858   0.01701   0.01461   0.02906   0.02629   0.00421   0.02488   0.00904   0.04217   0.02632   6.68776   0.36853   1.46834   1.40314   0.20695   0.44530  
 95  0.0264  16418.941548  x:  0.03309   0.01050   0.00065   0.01348   0.00846   0.00484   0.00856   0.00735   0.01102   0.02244   0.00425   0.01838   0.03190   0.07618   0.11964   0.27665   0.08035   0.29997   0.12854   0.05611   0.20306   0.02547   0.20449   0.09232   0.01725   0.05249   0.03808   0.04934   0.12089   0.05213   0.44878   0.32190   0.04311   0.05778   0.19727   0.02304   0.06730   0.09011   0.01148   0.09784   0.10287   0.05505   0.00624   0.06884   0.00113   0.00259   0.04428   0.00899   0.01709   0.00287   0.00853   0.01260   0.02704   0.03898   0.01699   0.01382   0.02900   0.02602   0.00431   0.02494   0.00873   0.04184   0.02650   6.61493   0.36676   1.47072   1.40383   0.20629   0.45343  
 96  0.0445  16418.895287  x:  0.03303   0.01068   0.00065   0.01343   0.00844   0.00479   0.00848   0.00723   0.01097   0.02246   0.00470   0.01841   0.03188   0.07604   0.11971   0.27734   0.08018   0.30006   0.12847   0.05619   0.20372   0.02569   0.20412   0.09205   0.01721   0.05240   0.03806   0.04929   0.12083   0.05213   0.44789   0.32162   0.04288   0.05792   0.19735   0.02312   0.06730   0.09016   0.01151   0.09761   0.10275   0.05494   0.00617   0.06886   0.00114   0.00242   0.04414   0.00908   0.01712   0.00279   0.00849   0.01260   0.02696   0.03893   0.01714   0.01312   0.02896   0.02582   0.00428   0.02488   0.00893   0.04178   0.02650   6.58824   0.36918   1.46521   1.40992   0.20644   0.45376  
 97  0.0362  16418.866060  x:  0.03298   0.01083   0.00064   0.01342   0.00831   0.00475   0.00843   0.00712   0.01087   0.02249   0.00438   0.01837   0.03191   0.07557   0.11921   0.27787   0.07996   0.29968   0.12847   0.05634   0.20425   0.02598   0.20392   0.09203   0.01716   0.05228   0.03803   0.04927   0.12083   0.05228   0.44730   0.32087   0.04258   0.05813   0.19759   0.02313   0.06730   0.09003   0.01166   0.09680   0.10281   0.05494   0.00614   0.06889   0.00115   0.00229   0.04405   0.00912   0.01709   0.00271   0.00861   0.01259   0.02691   0.03890   0.01722   0.01328   0.02895   0.02570   0.00435   0.02467   0.00910   0.04171   0.02651   6.56595   0.37201   1.45545   1.41602   0.20650   0.45208  
 98  0.0314  16418.844541  x:  0.03302   0.01081   0.00068   0.01352   0.00831   0.00483   0.00854   0.00702   0.01078   0.02249   0.00445   0.01834   0.03200   0.07544   0.11881   0.27787   0.08002   0.29909   0.12816   0.05663   0.20417   0.02573   0.20377   0.09225   0.01715   0.05231   0.03804   0.04932   0.12039   0.05258   0.44782   0.32037   0.04281   0.05814   0.19798   0.02316   0.06733   0.09004   0.01187   0.09673   0.10301   0.05490   0.00613   0.06895   0.00116   0.00239   0.04400   0.00904   0.01710   0.00275   0.00869   0.01265   0.02703   0.03882   0.01736   0.01330   0.02903   0.02577   0.00446   0.02465   0.00905   0.04182   0.02628   6.54587   0.37264   1.43907   1.41761   0.20565   0.45206  
 99  0.0124  16418.822278  x:  0.03303   0.01071   0.00071   0.01349   0.00836   0.00486   0.00843   0.00700   0.01075   0.02248   0.00435   0.01833   0.03193   0.07589   0.11893   0.27767   0.08003   0.29903   0.12820   0.05647   0.20364   0.02615   0.20413   0.09225   0.01718   0.05230   0.03808   0.04931   0.12088   0.05280   0.44791   0.32077   0.04299   0.05796   0.19746   0.02322   0.06731   0.09007   0.01201   0.09736   0.10292   0.05498   0.00615   0.06884   0.00116   0.00235   0.04423   0.00901   0.01709   0.00271   0.00862   0.01272   0.02710   0.03889   0.01729   0.01303   0.02900   0.02593   0.00430   0.02480   0.00885   0.04188   0.02642   6.54750   0.37348   1.42515   1.41413   0.20584   0.45421  
100  0.0066  16418.777311  x:  0.03300   0.01062   0.00081   0.01328   0.00844   0.00493   0.00840   0.00717   0.01087   0.02246   0.00443   0.01844   0.03189   0.07562   0.11951   0.27715   0.07992   0.29959   0.12885   0.05604   0.20369   0.02495   0.20414   0.09199   0.01712   0.05218   0.03807   0.04918   0.12128   0.05282   0.44693   0.32163   0.04240   0.05824   0.19623   0.02373   0.06724   0.09007   0.01167   0.09684   0.10281   0.05524   0.00621   0.06878   0.00119   0.00237   0.04416   0.00917   0.01711   0.00261   0.00856   0.01275   0.02694   0.03891   0.01708   0.01327   0.02894   0.02579   0.00427   0.02482   0.00914   0.04167   0.02670   6.54955   0.37222   1.41430   1.40286   0.20593   0.45240  
101  0.0044  16418.690815  x:  0.03290   0.01048   0.00102   0.01359   0.00817   0.00502   0.00845   0.00727   0.01104   0.02248   0.00442   0.01838   0.03213   0.07542   0.11906   0.27765   0.08003   0.29980   0.12850   0.05640   0.20360   0.02685   0.20368   0.09196   0.01736   0.05220   0.03791   0.04921   0.12005   0.05239   0.44725   0.32050   0.04250   0.05814   0.19815   0.02396   0.06737   0.09012   0.01129   0.09689   0.10277   0.05472   0.00628   0.06895   0.00119   0.00237   0.04392   0.00915   0.01695   0.00237   0.00837   0.01273   0.02688   0.03887   0.01720   0.01338   0.02901   0.02565   0.00427   0.02487   0.00898   0.04142   0.02618   6.55289   0.37086   1.42428   1.39182   0.20613   0.45157  
102  0.0042  16418.642729  x:  0.03300   0.01066   0.00116   0.01353   0.00839   0.00502   0.00825   0.00712   0.01091   0.02245   0.00444   0.01828   0.03195   0.07576   0.11852   0.27776   0.07999   0.29909   0.12809   0.05660   0.20401   0.02572   0.20383   0.09233   0.01709   0.05227   0.03808   0.04937   0.12083   0.05268   0.44824   0.32018   0.04300   0.05801   0.19795   0.02370   0.06732   0.09000   0.01162   0.09722   0.10298   0.05495   0.00628   0.06894   0.00115   0.00232   0.04420   0.00904   0.01711   0.00220   0.00861   0.01272   0.02705   0.03886   0.01728   0.01344   0.02904   0.02580   0.00441   0.02477   0.00904   0.04192   0.02641   6.55794   0.37051   1.43706   1.39954   0.20618   0.45399  
103  0.0084  16418.628857  x:  0.03300   0.01075   0.00124   0.01344   0.00828   0.00505   0.00853   0.00710   0.01085   0.02245   0.00447   0.01837   0.03194   0.07561   0.11906   0.27805   0.07988   0.29930   0.12838   0.05641   0.20398   0.02593   0.20410   0.09217   0.01718   0.05224   0.03809   0.04928   0.12082   0.05262   0.44779   0.32090   0.04273   0.05811   0.19735   0.02335   0.06728   0.09003   0.01191   0.09688   0.10293   0.05505   0.00626   0.06887   0.00115   0.00239   0.04414   0.00904   0.01708   0.00219   0.00867   0.01271   0.02703   0.03891   0.01723   0.01341   0.02900   0.02582   0.00433   0.02476   0.00897   0.04183   0.02648   6.56409   0.37135   1.44194   1.40704   0.20623   0.45322  
104  0.0073  16418.623301  x:  0.03297   0.01076   0.00129   0.01346   0.00842   0.00497   0.00842   0.00706   0.01087   0.02247   0.00445   0.01838   0.03196   0.07564   0.11923   0.27760   0.07987   0.29953   0.12840   0.05636   0.20395   0.02613   0.20386   0.09208   0.01720   0.05232   0.03802   0.04926   0.12058   0.05255   0.44750   0.32099   0.04270   0.05810   0.19758   0.02318   0.06731   0.09008   0.01187   0.09701   0.10285   0.05489   0.00620   0.06886   0.00114   0.00240   0.04404   0.00913   0.01706   0.00220   0.00862   0.01268   0.02701   0.03882   0.01723   0.01343   0.02901   0.02582   0.00432   0.02479   0.00899   0.04172   0.02639   6.56339   0.37186   1.44348   1.41342   0.20609   0.45327  
105  0.0032  16418.619434  x:  0.03296   0.01075   0.00132   0.01349   0.00832   0.00488   0.00846   0.00707   0.01090   0.02246   0.00445   0.01834   0.03195   0.07566   0.11905   0.27719   0.07999   0.29950   0.12839   0.05638   0.20369   0.02599   0.20402   0.09218   0.01712   0.05234   0.03803   0.04931   0.12082   0.05245   0.44773   0.32080   0.04279   0.05806   0.19766   0.02315   0.06732   0.09004   0.01176   0.09703   0.10286   0.05492   0.00613   0.06889   0.00115   0.00239   0.04413   0.00907   0.01707   0.00224   0.00859   0.01265   0.02702   0.03889   0.01719   0.01340   0.02903   0.02582   0.00436   0.02475   0.00903   0.04177   0.02644   6.56185   0.37239   1.44307   1.41743   0.20613   0.45251  
106  0.0021  16418.618107  x:  0.03298   0.01073   0.00133   0.01347   0.00833   0.00483   0.00845   0.00710   0.01089   0.02245   0.00446   0.01837   0.03195   0.07562   0.11913   0.27764   0.08010   0.29939   0.12832   0.05643   0.20382   0.02597   0.20389   0.09218   0.01718   0.05230   0.03806   0.04930   0.12083   0.05247   0.44773   0.32095   0.04277   0.05808   0.19746   0.02316   0.06731   0.09006   0.01177   0.09692   0.10293   0.05499   0.00612   0.06890   0.00116   0.00239   0.04410   0.00907   0.01707   0.00226   0.00860   0.01265   0.02703   0.03890   0.01719   0.01344   0.02903   0.02583   0.00433   0.02476   0.00899   0.04183   0.02643   6.55989   0.37239   1.44145   1.41538   0.20609   0.45176  
107  0.0018  16418.617641  x:  0.03298   0.01073   0.00134   0.01346   0.00833   0.00481   0.00845   0.00710   0.01088   0.02246   0.00445   0.01836   0.03195   0.07565   0.11907   0.27767   0.08008   0.29939   0.12835   0.05641   0.20385   0.02604   0.20394   0.09215   0.01716   0.05229   0.03805   0.04929   0.12075   0.05250   0.44770   0.32090   0.04276   0.05808   0.19751   0.02322   0.06730   0.09006   0.01179   0.09701   0.10291   0.05496   0.00615   0.06888   0.00116   0.00238   0.04410   0.00907   0.01708   0.00228   0.00863   0.01265   0.02703   0.03887   0.01722   0.01341   0.02901   0.02582   0.00435   0.02476   0.00901   0.04179   0.02643   6.56220   0.37192   1.44150   1.41250   0.20614   0.45167  
108  0.0022  16418.617559  x:  0.03297   0.01073   0.00134   0.01347   0.00834   0.00480   0.00845   0.00709   0.01088   0.02246   0.00446   0.01836   0.03196   0.07564   0.11908   0.27763   0.08003   0.29942   0.12836   0.05641   0.20386   0.02600   0.20397   0.09216   0.01716   0.05229   0.03805   0.04929   0.12076   0.05252   0.44770   0.32085   0.04276   0.05808   0.19758   0.02323   0.06731   0.09005   0.01180   0.09699   0.10289   0.05495   0.00616   0.06889   0.00116   0.00238   0.04412   0.00908   0.01708   0.00227   0.00862   0.01266   0.02702   0.03888   0.01721   0.01342   0.02902   0.02582   0.00434   0.02477   0.00900   0.04179   0.02643   6.56231   0.37188   1.44129   1.41187   0.20616   0.45160  
109  0.0005  16418.617545  x:  0.03297   0.01073   0.00134   0.01347   0.00834   0.00481   0.00846   0.00709   0.01088   0.02246   0.00445   0.01836   0.03195   0.07564   0.11908   0.27761   0.08000   0.29942   0.12835   0.05641   0.20387   0.02601   0.20394   0.09216   0.01716   0.05230   0.03805   0.04929   0.12078   0.05252   0.44771   0.32085   0.04276   0.05808   0.19756   0.02324   0.06731   0.09005   0.01180   0.09699   0.10290   0.05495   0.00616   0.06889   0.00116   0.00238   0.04411   0.00908   0.01708   0.00228   0.00862   0.01266   0.02703   0.03888   0.01721   0.01342   0.02902   0.02582   0.00434   0.02477   0.00900   0.04179   0.02643   6.56190   0.37189   1.44125   1.41190   0.20616   0.45163  
110  0.0003  16418.617541  x:  0.03297   0.01073   0.00134   0.01347   0.00834   0.00481   0.00846   0.00709   0.01088   0.02246   0.00445   0.01836   0.03195   0.07564   0.11908   0.27762   0.07999   0.29941   0.12835   0.05641   0.20386   0.02601   0.20396   0.09216   0.01717   0.05230   0.03805   0.04929   0.12077   0.05252   0.44771   0.32086   0.04276   0.05808   0.19755   0.02324   0.06731   0.09005   0.01180   0.09699   0.10290   0.05496   0.00617   0.06888   0.00115   0.00238   0.04411   0.00908   0.01708   0.00228   0.00862   0.01266   0.02703   0.03888   0.01721   0.01342   0.02902   0.02582   0.00434   0.02477   0.00900   0.04179   0.02643   6.56184   0.37191   1.44131   1.41206   0.20615   0.45160  
111  0.0001  16418.617539  x:  0.03297   0.01073   0.00134   0.01347   0.00834   0.00481   0.00846   0.00709   0.01088   0.02246   0.00445   0.01836   0.03195   0.07564   0.11907   0.27762   0.07999   0.29941   0.12835   0.05641   0.20386   0.02601   0.20395   0.09216   0.01716   0.05230   0.03805   0.04929   0.12077   0.05252   0.44770   0.32086   0.04276   0.05808   0.19755   0.02324   0.06731   0.09005   0.01180   0.09699   0.10290   0.05495   0.00617   0.06889   0.00115   0.00238   0.04411   0.00908   0.01708   0.00228   0.00862   0.01266   0.02703   0.03888   0.01721   0.01342   0.02902   0.02582   0.00434   0.02477   0.00900   0.04179   0.02643   6.56176   0.37193   1.44138   1.41224   0.20615   0.45161  
112  0.0001  16418.617539  x:  0.03297   0.01073   0.00134   0.01347   0.00834   0.00481   0.00846   0.00709   0.01088   0.02246   0.00445   0.01836   0.03195   0.07564   0.11908   0.27762   0.08000   0.29942   0.12835   0.05641   0.20386   0.02601   0.20395   0.09216   0.01717   0.05230   0.03805   0.04929   0.12077   0.05252   0.44770   0.32086   0.04276   0.05808   0.19755   0.02324   0.06731   0.09005   0.01180   0.09699   0.10290   0.05496   0.00617   0.06888   0.00115   0.00238   0.04411   0.00908   0.01708   0.00228   0.00862   0.01266   0.02703   0.03888   0.01721   0.01342   0.02902   0.02582   0.00434   0.02477   0.00900   0.04179   0.02643   6.56175   0.37193   1.44137   1.41224   0.20615   0.45160  
113  0.0000  16418.617538  x:  0.03297   0.01073   0.00134   0.01347   0.00834   0.00481   0.00846   0.00709   0.01088   0.02246   0.00446   0.01836   0.03195   0.07564   0.11908   0.27762   0.08000   0.29941   0.12835   0.05641   0.20386   0.02601   0.20395   0.09216   0.01716   0.05230   0.03805   0.04929   0.12077   0.05252   0.44771   0.32086   0.04276   0.05808   0.19755   0.02324   0.06731   0.09005   0.01180   0.09699   0.10290   0.05495   0.00617   0.06888   0.00115   0.00238   0.04411   0.00908   0.01708   0.00228   0.00862   0.01266   0.02703   0.03888   0.01721   0.01342   0.02902   0.02582   0.00434   0.02477   0.00900   0.04179   0.02643   6.56174   0.37193   1.44135   1.41220   0.20615   0.45160  
114  0.0000  16418.617538  x:  0.03297   0.01073   0.00134   0.01347   0.00834   0.00481   0.00846   0.00709   0.01088   0.02246   0.00446   0.01836   0.03195   0.07564   0.11908   0.27762   0.08000   0.29941   0.12835   0.05641   0.20386   0.02601   0.20395   0.09216   0.01716   0.05230   0.03805   0.04929   0.12077   0.05252   0.44771   0.32086   0.04276   0.05808   0.19755   0.02324   0.06731   0.09005   0.01180   0.09699   0.10290   0.05495   0.00617   0.06888   0.00115   0.00238   0.04411   0.00908   0.01708   0.00228   0.00862   0.01266   0.02703   0.03888   0.01721   0.01342   0.02902   0.02582   0.00434   0.02477   0.00900   0.04179   0.02643   6.56177   0.37193   1.44135   1.41218   0.20615   0.45159  
115  0.0000  16418.617538  x:  0.03297   0.01073   0.00134   0.01347   0.00834   0.00481   0.00846   0.00709   0.01088   0.02246   0.00446   0.01836   0.03195   0.07564   0.11908   0.27762   0.08000   0.29941   0.12835   0.05641   0.20386   0.02601   0.20395   0.09216   0.01716   0.05230   0.03805   0.04929   0.12077   0.05252   0.44770   0.32086   0.04276   0.05808   0.19755   0.02324   0.06731   0.09005   0.01180   0.09699   0.10290   0.05495   0.00617   0.06888   0.00115   0.00238   0.04411   0.00908   0.01708   0.00228   0.00862   0.01266   0.02703   0.03888   0.01721   0.01342   0.02902   0.02582   0.00434   0.02477   0.00900   0.04179   0.02643   6.56177   0.37193   1.44135   1.41219   0.20615   0.45159  
116  0.0000  16418.617538  x:  0.03297   0.01073   0.00134   0.01347   0.00834   0.00481   0.00846   0.00709   0.01088   0.02246   0.00446   0.01836   0.03195   0.07564   0.11908   0.27762   0.08000   0.29941   0.12835   0.05641   0.20386   0.02601   0.20395   0.09216   0.01716   0.05230   0.03805   0.04929   0.12077   0.05252   0.44770   0.32086   0.04276   0.05808   0.19755   0.02324   0.06731   0.09005   0.01180   0.09699   0.10290   0.05495   0.00617   0.06888   0.00115   0.00238   0.04411   0.00908   0.01708   0.00228   0.00862   0.01266   0.02703   0.03888   0.01721   0.01342   0.02902   0.02582   0.00434   0.02477   0.00900   0.04179   0.02643   6.56177   0.37193   1.44135   1.41219   0.20615   0.45159  
117  0.0000  16418.617538  x:  0.03297   0.01073   0.00134   0.01347   0.00834   0.00481   0.00846   0.00709   0.01088   0.02246   0.00446   0.01836   0.03195   0.07564   0.11908   0.27762   0.08000   0.29941   0.12835   0.05641   0.20386   0.02601   0.20395   0.09216   0.01716   0.05230   0.03805   0.04929   0.12077   0.05252   0.44770   0.32086   0.04276   0.05808   0.19755   0.02324   0.06731   0.09005   0.01180   0.09699   0.10290   0.05495   0.00617   0.06888   0.00115   0.00238   0.04411   0.00908   0.01708   0.00228   0.00862   0.01266   0.02703   0.03888   0.01721   0.01342   0.02902   0.02582   0.00434   0.02477   0.00900   0.04179   0.02643   6.56177   0.37193   1.44135   1.41219   0.20615   0.45159  
118  0.0000  16418.617538  x:  0.03297   0.01073   0.00134   0.01347   0.00834   0.00481   0.00846   0.00709   0.01088   0.02246   0.00446   0.01836   0.03195   0.07564   0.11908   0.27762   0.08000   0.29941   0.12835   0.05641   0.20386   0.02601   0.20395   0.09216   0.01716   0.05230   0.03805   0.04929   0.12077   0.05252   0.44770   0.32086   0.04276   0.05808   0.19755   0.02324   0.06731   0.09005   0.01180   0.09699   0.10290   0.05495   0.00617   0.06888   0.00115   0.00238   0.04411   0.00908   0.01708   0.00228   0.00862   0.01266   0.02703   0.03888   0.01721   0.01342   0.02902   0.02582   0.00434   0.02477   0.00900   0.04179   0.02643   6.56177   0.37193   1.44136   1.41219   0.20615   0.45159  