Supplemental results for CODEML (seqf: paml_alt_homo_trimmed_dna_aligned_combined_TAS1R3  treef: paml_alt_homo_ML_tree_trimmed_dna_aligned_combined_TAS1R3.txt)

I	J	ij	2Ns_IJ	pMut_IJ	pSub_IJ	2Ns_JI	pMut_JI	pSub_JI

TTC	TTT	CT	-1.16652	0.07509	0.03962	1.16652	0.02339	0.03962	0.03962	0.03962
TTA	TTT	AT	3.30386	0.00018	0.00061	-3.30386	0.00484	0.00061	0.00061	0.00061
TTA	TTC	AC	4.47037	0.00041	0.00186	-4.47037	0.03591	0.00186	0.00186	0.00186
TTG	TTT	GT	1.00773	0.00209	0.00331	-1.00773	0.00572	0.00331	0.00331	0.00331
TTG	TTC	GC	2.17425	0.00482	0.01182	-2.17425	0.04238	0.01182	0.01182	0.01182
TTG	TTA	GA	-2.29612	0.01437	0.00369	2.29612	0.00145	0.00369	0.00369	0.00369
TCT	TTT	CT	1.45391	0.00546	0.01037	-1.45391	0.02339	0.01037	0.01037	0.01037
TCC	TTC	CT	1.97185	0.02413	0.05527	-1.97185	0.17335	0.05527	0.05527	0.05527
TCC	TCT	CT	-0.64857	0.02413	0.01714	0.64857	0.01261	0.01714	0.01714	0.01714
TCA	TTA	CT	-2.00195	0.01154	0.00361	2.00195	0.00156	0.00361	0.00361	0.00361
TCA	TCT	AT	-0.15200	0.00304	0.00282	0.15200	0.00261	0.00282	0.00282	0.00282
TCA	TCC	AC	0.49657	0.00702	0.00891	-0.49657	0.01154	0.00891	0.00891	0.00891
TCG	TTG	CT	0.08329	0.01682	0.01753	-0.08329	0.01828	0.01753	0.01753	0.01753
TCG	TCT	GT	-0.36289	0.00443	0.00368	0.36289	0.00308	0.00368	0.00368	0.00368
TCG	TCC	GC	0.28568	0.01023	0.01177	-0.28568	0.01362	0.01177	0.01177	0.01177
TCG	TCA	GA	-0.21089	0.03053	0.02742	0.21089	0.02472	0.02742	0.02742	0.02742
TAT	TTT	AT	1.22441	0.00142	0.00247	-1.22441	0.00484	0.00247	0.00247	0.00247
TAT	TCT	AC	-0.22950	0.00329	0.00292	0.22950	0.00261	0.00292	0.00292	0.00292
TAC	TTC	AT	1.38951	0.00895	0.01656	-1.38951	0.03591	0.01656	0.01656	0.01656
TAC	TCC	AC	-0.58234	0.02066	0.01522	0.58234	0.01154	0.01522	0.01522	0.01522
TAC	TAT	CT	-1.00142	0.03395	0.01974	1.00142	0.01247	0.01974	0.01974	0.01974
TGT	TTT	GT	1.10537	0.00189	0.00313	-1.10537	0.00572	0.00313	0.00313	0.00313
TGT	TCT	GC	-0.34854	0.00437	0.00365	0.34854	0.00308	0.00365	0.00365	0.00365
TGT	TAT	GA	-0.11904	0.01303	0.01227	0.11904	0.01157	0.01227	0.01227	0.01227
TGC	TTC	GT	1.02691	0.01518	0.02428	-1.02691	0.04238	0.02428	0.02428	0.02428
TGC	TCC	GC	-0.94494	0.03504	0.02105	0.94494	0.01362	0.02105	0.02105	0.02105
TGC	TAC	GA	-0.36260	0.10450	0.08670	0.36260	0.07272	0.08670	0.08670	0.08670
TGC	TGT	CT	-1.24497	0.05759	0.02900	1.24497	0.01658	0.02900	0.02900	0.02900
TGG	TTG	GT	-0.92250	0.01125	0.00684	0.92250	0.00447	0.00684	0.00684	0.00684
TGG	TCG	GC	-1.00579	0.02596	0.01506	1.00579	0.00949	0.01506	0.01506	0.01506
TGG	TGT	GT	-1.02014	0.01125	0.00647	1.02014	0.00405	0.00647	0.00647	0.00647
TGG	TGC	GC	0.22484	0.02596	0.02899	-0.22484	0.03250	0.02899	0.02899	0.02899
CTT	TTT	CT	0.70080	0.01160	0.01614	-0.70080	0.02339	0.01614	0.01614	0.01614
CTC	TTC	CT	1.09660	0.05790	0.09533	-1.09660	0.17335	0.09533	0.09533	0.09533
CTC	CTT	CT	-0.77072	0.05790	0.03843	0.77072	0.02679	0.03843	0.03843	0.03843
CTA	TTA	CT	-1.73532	0.00884	0.00328	1.73532	0.00156	0.00328	0.00328	0.00328
CTA	CTT	AT	0.86774	0.00233	0.00349	-0.86774	0.00555	0.00349	0.00349	0.00349
CTA	CTC	AC	1.63846	0.00538	0.01094	-1.63846	0.02768	0.01094	0.01094	0.01094
CTG	TTG	CT	-2.26878	0.17677	0.04627	2.26878	0.01828	0.04627	0.04627	0.04627
CTG	CTT	GT	-1.96185	0.04658	0.01495	1.96185	0.00655	0.01495	0.01495	0.01495
CTG	CTC	GC	-1.19113	0.10753	0.05591	1.19113	0.03268	0.05591	0.05591	0.05591
CTG	CTA	GA	-2.82959	0.32075	0.05694	2.82959	0.01894	0.05694	0.05694	0.05694
CCT	TCT	CT	-0.33134	0.01757	0.01482	0.33134	0.01261	0.01482	0.01482	0.01482
CCT	CTT	CT	0.42177	0.01757	0.02154	-0.42177	0.02679	0.02154	0.02154	0.02154
CCC	TCC	CT	0.06931	0.05197	0.05380	-0.06931	0.05570	0.05380	0.05380	0.05380
CCC	CTC	CT	0.94456	0.05197	0.08033	-0.94456	0.13366	0.08033	0.08033	0.08033
CCC	CCT	CT	-0.24793	0.05197	0.04580	0.24793	0.04056	0.04580	0.04580	0.04580
CCA	TCA	CT	0.55903	0.01524	0.01989	-0.55903	0.02665	0.01989	0.01989	0.01989
CCA	CTA	CT	0.29240	0.01524	0.01757	-0.29240	0.02041	0.01757	0.01757	0.01757
CCA	CCT	AT	0.73837	0.00401	0.00568	-0.73837	0.00840	0.00568	0.00568	0.00568
CCA	CCC	AC	0.98629	0.00927	0.01458	-0.98629	0.02485	0.01458	0.01458	0.01458
CCG	TCG	CT	0.65005	0.02027	0.02757	-0.65005	0.03884	0.02757	0.02757	0.02757
CCG	CTG	CT	3.00212	0.02027	0.06405	-3.00212	0.40807	0.06405	0.06405	0.06405
CCG	CCT	GT	0.61850	0.00534	0.00716	-0.61850	0.00992	0.00716	0.00716	0.00716
CCG	CCC	GC	0.86642	0.01233	0.01844	-0.86642	0.02933	0.01844	0.01844	0.01844
CCG	CCA	GA	-0.11987	0.03679	0.03463	0.11987	0.03263	0.03463	0.03463	0.03463
CAT	TAT	CT	0.82530	0.00546	0.00803	-0.82530	0.01247	0.00803	0.00803	0.00803
CAT	CTT	AT	1.34892	0.00144	0.00262	-1.34892	0.00555	0.00262	0.00262	0.00262
CAT	CCT	AC	0.92714	0.00332	0.00510	-0.92714	0.00840	0.00510	0.00510	0.00510
CAC	TAC	CT	0.62987	0.04175	0.05627	-0.62987	0.07838	0.05627	0.05627	0.05627
CAC	CTC	AT	0.92278	0.01100	0.01685	-0.92278	0.02768	0.01685	0.01685	0.01685
CAC	CCC	AC	-0.02179	0.02540	0.02512	0.02179	0.02485	0.02512	0.02512	0.02512
CAC	CAT	CT	-1.19685	0.04175	0.02164	1.19685	0.01261	0.02164	0.02164	0.02164
CAA	CTA	AT	1.31712	0.00113	0.00204	-1.31712	0.00423	0.00204	0.00204	0.00204
CAA	CCA	AC	1.02472	0.00261	0.00418	-1.02472	0.00729	0.00418	0.00418	0.00418
CAA	CAT	AT	0.83595	0.00113	0.00167	-0.83595	0.00261	0.00167	0.00167	0.00167
CAA	CAC	AC	2.03280	0.00261	0.00612	-2.03280	0.01996	0.00612	0.00612	0.00612
CAG	CTG	AT	1.34945	0.02192	0.03995	-1.34945	0.08452	0.03995	0.03995	0.03995
CAG	CCG	AC	-1.65268	0.05061	0.01982	1.65268	0.00969	0.01982	0.01982	0.01982
CAG	CAT	GT	-1.96132	0.02192	0.00704	1.96132	0.00308	0.00704	0.00704	0.00704
CAG	CAC	GC	-0.76447	0.05061	0.03371	0.76447	0.02356	0.03371	0.03371	0.03371
CAG	CAA	GA	-2.79727	0.15096	0.02742	2.79727	0.00920	0.02742	0.02742	0.02742
CGT	TGT	CT	0.56834	0.00939	0.01232	-0.56834	0.01658	0.01232	0.01232	0.01232
CGT	CTT	GT	0.97291	0.00248	0.00387	-0.97291	0.00655	0.00387	0.00387	0.00387
CGT	CCT	GC	0.55114	0.00571	0.00743	-0.55114	0.00992	0.00743	0.00743	0.00743
CGT	CAT	GA	-0.37601	0.01705	0.01404	0.37601	0.01170	0.01404	0.01404	0.01404
CGC	TGC	CT	1.24741	0.03819	0.06684	-1.24741	0.13295	0.06684	0.06684	0.06684
CGC	CTC	GT	1.17773	0.01006	0.01713	-1.17773	0.03268	0.01713	0.01713	0.01713
CGC	CCC	GC	0.23316	0.02323	0.02605	-0.23316	0.02933	0.02605	0.02605	0.02605
CGC	CAC	GA	0.25495	0.06930	0.07850	-0.25495	0.08942	0.07850	0.07850	0.07850
CGC	CGT	CT	-0.56590	0.03819	0.02840	0.56590	0.02169	0.02840	0.02840	0.02840
CGA	CTA	GT	1.78017	0.00084	0.00180	-1.78017	0.00499	0.00180	0.00180	0.00180
CGA	CCA	GC	1.48777	0.00194	0.00373	-1.48777	0.00860	0.00373	0.00373	0.00373
CGA	CAA	GA	0.46305	0.00579	0.00724	-0.46305	0.00920	0.00724	0.00724	0.00724
CGA	CGT	AT	1.67500	0.00084	0.00173	-1.67500	0.00449	0.00173	0.00173	0.00173
CGA	CGC	AC	2.24090	0.00194	0.00487	-2.24090	0.01826	0.00487	0.00487	0.00487
CGG	TGG	CT	1.15003	0.03119	0.05249	-1.15003	0.09851	0.05249	0.05249	0.05249
CGG	CTG	GT	2.49632	0.00822	0.02236	-2.49632	0.09976	0.02236	0.02236	0.02236
CGG	CCG	GC	-0.50581	0.01897	0.01458	0.50581	0.01144	0.01458	0.01458	0.01458
CGG	CAG	GA	1.14687	0.05660	0.09512	-1.14687	0.17818	0.09512	0.09512	0.09512
CGG	CGT	GT	-0.43844	0.00822	0.00655	0.43844	0.00530	0.00655	0.00655	0.00655
CGG	CGC	GC	0.12746	0.01897	0.02021	-0.12746	0.02155	0.02021	0.02021	0.02021
CGG	CGA	GA	-2.11344	0.05660	0.01644	2.11344	0.00684	0.01644	0.01644	0.01644
ATT	TTT	AT	1.49686	0.00108	0.00209	-1.49686	0.00484	0.00209	0.00209	0.00209
ATT	CTT	AC	0.79606	0.00250	0.00363	-0.79606	0.00555	0.00363	0.00363	0.00363
ATC	TTC	AT	1.71321	0.00647	0.01353	-1.71321	0.03591	0.01353	0.01353	0.01353
ATC	CTC	AC	0.61661	0.01494	0.02002	-0.61661	0.02768	0.02002	0.02002	0.02002
ATC	ATT	CT	-0.95017	0.02456	0.01472	0.95017	0.00950	0.01472	0.01472	0.01472
ATA	TTA	AT	-0.26459	0.00042	0.00037	0.26459	0.00032	0.00037	0.00037	0.00037
ATA	CTA	AC	1.47073	0.00097	0.00185	-1.47073	0.00423	0.00185	0.00185	0.00185
ATA	ATT	AT	1.54240	0.00042	0.00083	-1.54240	0.00197	0.00083	0.00083	0.00083
ATA	ATC	AC	2.49257	0.00097	0.00264	-2.49257	0.01175	0.00264	0.00264	0.00264
ATG	TTG	AT	-0.92808	0.00958	0.00581	0.92808	0.00379	0.00581	0.00581	0.00581
ATG	CTG	AC	1.34070	0.02212	0.04016	-1.34070	0.08452	0.04016	0.04016	0.04016
ATG	ATT	GT	-1.41721	0.00958	0.00434	1.41721	0.00232	0.00434	0.00434	0.00434
ATG	ATC	GC	-0.46704	0.02212	0.01735	0.46704	0.01386	0.01735	0.01735	0.01735
ATG	ATA	GA	-2.95962	0.06597	0.01067	2.95962	0.00342	0.01067	0.01067	0.01067
ACT	TCT	AT	0.97337	0.00099	0.00154	-0.97337	0.00261	0.00154	0.00154	0.00154
ACT	CCT	AC	1.30471	0.00228	0.00408	-1.30471	0.00840	0.00408	0.00408	0.00408
ACT	ATT	CT	0.93042	0.00375	0.00576	-0.93042	0.00950	0.00576	0.00576	0.00576
ACC	TCC	AT	0.35282	0.00811	0.00962	-0.35282	0.01154	0.00962	0.00962	0.00962
ACC	CCC	AC	0.28351	0.01872	0.02150	-0.28351	0.02485	0.02150	0.02150	0.02150
ACC	ATC	CT	0.61146	0.03077	0.04113	-0.61146	0.05671	0.04113	0.04113	0.04113
ACC	ACT	CT	-1.26913	0.03077	0.01527	1.26913	0.00865	0.01527	0.01527	0.01527
ACA	TCA	AT	0.19015	0.00456	0.00501	-0.19015	0.00552	0.00501	0.00501	0.00501
ACA	CCA	AC	-0.36888	0.01054	0.00871	0.36888	0.00729	0.00871	0.00871	0.00871
ACA	ATA	CT	-1.54721	0.01732	0.00725	1.54721	0.00369	0.00725	0.00725	0.00725
ACA	ACT	AT	-0.93523	0.00456	0.00276	0.93523	0.00179	0.00276	0.00276	0.00276
ACA	ACC	AC	0.33390	0.01054	0.01239	-0.33390	0.01471	0.01239	0.01239	0.01239
ACG	TCG	AT	0.32264	0.00583	0.00682	-0.32264	0.00804	0.00682	0.00682	0.00682
ACG	CCG	AC	-0.32742	0.01345	0.01137	0.32742	0.00969	0.01137	0.01137	0.01137
ACG	ATG	CT	1.33400	0.02211	0.04004	-1.33400	0.08393	0.04004	0.04004	0.04004
ACG	ACT	GT	-1.01363	0.00583	0.00336	1.01363	0.00211	0.00336	0.00336	0.00336
ACG	ACC	GC	0.25550	0.01345	0.01524	-0.25550	0.01736	0.01524	0.01524	0.01524
ACG	ACA	GA	-0.07840	0.04011	0.03856	0.07840	0.03709	0.03856	0.03856	0.03856
AAT	TAT	AT	0.40951	0.00172	0.00209	-0.40951	0.00258	0.00209	0.00209	0.00209
AAT	CAT	AC	-0.41579	0.00396	0.00319	0.41579	0.00261	0.00319	0.00319	0.00319
AAT	ATT	AT	0.13706	0.00172	0.00184	-0.13706	0.00197	0.00184	0.00184	0.00184
AAT	ACT	AC	-0.79336	0.00396	0.00259	0.79336	0.00179	0.00259	0.00259	0.00259
AAC	TAC	AT	0.38009	0.01110	0.01334	-0.38009	0.01624	0.01334	0.01334	0.01334
AAC	CAC	AC	-0.24977	0.02563	0.02256	0.24977	0.01996	0.02256	0.02256	0.02256
AAC	ATC	AT	0.05639	0.01110	0.01142	-0.05639	0.01175	0.01142	0.01142	0.01142
AAC	ACC	AC	-0.55507	0.02563	0.01917	0.55507	0.01471	0.01917	0.01917	0.01917
AAC	AAT	CT	-1.03084	0.04213	0.02408	1.03084	0.01503	0.02408	0.02408	0.02408
AAA	CAA	AC	-0.21200	0.00254	0.00228	0.21200	0.00206	0.00228	0.00228	0.00228
AAA	ATA	AT	-0.36561	0.00110	0.00091	0.36561	0.00076	0.00091	0.00091	0.00091
AAA	ACA	AC	1.18160	0.00254	0.00433	-1.18160	0.00828	0.00433	0.00433	0.00433
AAA	AAT	AT	1.03974	0.00110	0.00177	-1.03974	0.00311	0.00177	0.00177	0.00177
AAA	AAC	AC	2.07057	0.00254	0.00602	-2.07057	0.02014	0.00602	0.00602	0.00602
AAG	CAG	AC	0.74403	0.01890	0.02680	-0.74403	0.03978	0.02680	0.02680	0.02680
AAG	ATG	AT	0.75278	0.00819	0.01165	-0.75278	0.01738	0.01165	0.01165	0.01165
AAG	ACG	AC	-0.58123	0.01890	0.01394	0.58123	0.01057	0.01394	0.01394	0.01394
AAG	AAT	GT	-0.80150	0.00819	0.00534	0.80150	0.00367	0.00534	0.00534	0.00534
AAG	AAC	GC	0.22934	0.01890	0.02115	-0.22934	0.02378	0.02115	0.02115	0.02115
AAG	AAA	GA	-1.84123	0.05638	0.01957	1.84123	0.00894	0.01957	0.01957	0.01957
AGT	TGT	AT	0.67565	0.00175	0.00240	-0.67565	0.00343	0.00240	0.00240	0.00240
AGT	CGT	AC	0.10732	0.00403	0.00426	-0.10732	0.00449	0.00426	0.00426	0.00426
AGT	ATT	GT	0.28416	0.00175	0.00201	-0.28416	0.00232	0.00201	0.00201	0.00201
AGT	ACT	GC	-0.64626	0.00403	0.00287	0.64626	0.00211	0.00287	0.00287	0.00287
AGT	AAT	GA	0.14710	0.01203	0.01294	-0.14710	0.01394	0.01294	0.01294	0.01294
AGC	TGC	AT	0.46582	0.01728	0.02162	-0.46582	0.02754	0.02162	0.02162	0.02162
AGC	CGC	AC	-0.78159	0.03990	0.02632	0.78159	0.01826	0.02632	0.02632	0.02632
AGC	ATC	GT	-0.22048	0.01728	0.01545	0.22048	0.01386	0.01545	0.01545	0.01545
AGC	ACC	GC	-0.83194	0.03990	0.02558	0.83194	0.01736	0.02558	0.02558	0.02558
AGC	AAC	GA	-0.27687	0.11901	0.10329	0.27687	0.09023	0.10329	0.10329	0.10329
AGC	AGT	CT	-1.45481	0.06559	0.02906	1.45481	0.01531	0.02906	0.02906	0.02906
AGA	CGA	AC	0.93767	0.00060	0.00092	-0.93767	0.00153	0.00092	0.00092	0.00092
AGA	ATA	GT	1.24711	0.00026	0.00045	-1.24711	0.00090	0.00045	0.00045	0.00045
AGA	ACA	GC	2.79432	0.00060	0.00178	-2.79432	0.00977	0.00178	0.00178	0.00178
AGA	AAA	GA	1.61271	0.00178	0.00359	-1.61271	0.00894	0.00359	0.00359	0.00359
AGA	AGT	AT	2.50535	0.00026	0.00071	-2.50535	0.00317	0.00071	0.00071	0.00071
AGA	AGC	AC	3.96016	0.00060	0.00241	-3.96016	0.03136	0.00241	0.00241	0.00241
AGG	TGG	AT	1.38378	0.00511	0.00944	-1.38378	0.02040	0.00944	0.00944	0.00944
AGG	CGG	AC	0.23375	0.01181	0.01324	-0.23375	0.01491	0.01324	0.01324	0.01324
AGG	ATG	GT	1.38936	0.00511	0.00946	-1.38936	0.02052	0.00946	0.00946	0.00946
AGG	ACG	GC	0.05536	0.01181	0.01214	-0.05536	0.01248	0.01214	0.01214	0.01214
AGG	AAG	GA	0.63659	0.03521	0.04760	-0.63659	0.06655	0.04760	0.04760	0.04760
AGG	AGT	GT	-0.31201	0.00511	0.00436	0.31201	0.00374	0.00436	0.00436	0.00436
AGG	AGC	GC	1.14280	0.01181	0.01981	-1.14280	0.03702	0.01981	0.01981	0.01981
AGG	AGA	GA	-2.81736	0.03521	0.00631	2.81736	0.00210	0.00631	0.00631	0.00631
GTT	TTT	GT	2.01740	0.00076	0.00177	-2.01740	0.00572	0.00177	0.00177	0.00177
GTT	CTT	GC	1.31660	0.00176	0.00316	-1.31660	0.00655	0.00316	0.00316	0.00316
GTT	ATT	GA	0.52053	0.00524	0.00672	-0.52053	0.00881	0.00672	0.00672	0.00672
GTC	TTC	GT	1.78844	0.00709	0.01522	-1.78844	0.04238	0.01522	0.01522	0.01522
GTC	CTC	GC	0.69185	0.01636	0.02267	-0.69185	0.03268	0.02267	0.02267	0.02267
GTC	ATC	GA	0.07523	0.04880	0.05066	-0.07523	0.05261	0.05066	0.05066	0.05066
GTC	GTT	CT	-1.39547	0.02689	0.01236	1.39547	0.00666	0.01236	0.01236	0.01236
GTA	TTA	GT	-0.47809	0.00061	0.00048	0.47809	0.00038	0.00048	0.00048	0.00048
GTA	CTA	GC	1.25723	0.00142	0.00249	-1.25723	0.00499	0.00249	0.00249	0.00249
GTA	ATA	GA	-0.21350	0.00423	0.00380	0.21350	0.00342	0.00380	0.00380	0.00380
GTA	GTT	AT	0.80837	0.00061	0.00090	-0.80837	0.00138	0.00090	0.00090	0.00090
GTA	GTC	AC	2.20384	0.00142	0.00352	-2.20384	0.01286	0.00352	0.00352	0.00352
GTG	TTG	GT	-1.82809	0.02781	0.00974	1.82809	0.00447	0.00974	0.00974	0.00974
GTG	CTG	GC	0.44070	0.06421	0.07939	-0.44070	0.09976	0.07939	0.07939	0.07939
GTG	ATG	GA	-0.90000	0.19151	0.11809	0.90000	0.07786	0.11809	0.11809	0.11809
GTG	GTT	GT	-2.83775	0.02781	0.00491	2.83775	0.00163	0.00491	0.00491	0.00491
GTG	GTC	GC	-1.44228	0.06421	0.02867	1.44228	0.01518	0.02867	0.02867	0.02867
GTG	GTA	GA	-3.64612	0.19151	0.01871	3.64612	0.00500	0.01871	0.01871	0.01871
GCT	TCT	GT	-0.70819	0.00626	0.00430	0.70819	0.00308	0.00430	0.00430	0.00430
GCT	CCT	GC	-0.37685	0.01445	0.01190	0.37685	0.00992	0.01190	0.01190	0.01190
GCT	ACT	GA	-1.68156	0.04312	0.01658	1.68156	0.00802	0.01658	0.01658	0.01658
GCT	GTT	CT	-1.27168	0.02376	0.01177	1.27168	0.00666	0.01177	0.01177	0.01177
GCC	TCC	GT	-0.75232	0.02890	0.01938	0.75232	0.01362	0.01938	0.01938	0.01938
GCC	CCC	GC	-0.82163	0.06671	0.04302	0.82163	0.02933	0.04302	0.04302	0.04302
GCC	ACC	GA	-1.10514	0.19898	0.10888	1.10514	0.06589	0.10888	0.10888	0.10888
GCC	GTC	CT	-0.56891	0.10966	0.08141	0.56891	0.06208	0.08141	0.08141	0.08141
GCC	GCT	CT	-0.69271	0.10966	0.07603	0.69271	0.05485	0.07603	0.07603	0.07603
GCA	TCA	GT	0.44897	0.00416	0.00516	-0.44897	0.00651	0.00516	0.00516	0.00516
GCA	CCA	GC	-0.11006	0.00960	0.00908	0.11006	0.00860	0.00908	0.00908	0.00908
GCA	ACA	GA	0.25882	0.02863	0.03250	-0.25882	0.03709	0.03250	0.03250	0.03250
GCA	GTA	CT	-1.07489	0.01578	0.00879	1.07489	0.00539	0.00879	0.00879	0.00879
GCA	GCT	AT	1.00515	0.00416	0.00659	-1.00515	0.01136	0.00659	0.00659	0.00659
GCA	GCC	AC	1.69786	0.00960	0.01995	-1.69786	0.05243	0.01995	0.01995	0.01995
GCG	TCG	GT	0.59090	0.00526	0.00696	-0.59090	0.00949	0.00696	0.00696	0.00696
GCG	CCG	GC	-0.05915	0.01214	0.01178	0.05915	0.01144	0.01178	0.01178	0.01178
GCG	ACG	GA	0.26827	0.03621	0.04128	-0.26827	0.04735	0.04128	0.04128	0.04128
GCG	GTG	CT	2.50227	0.01995	0.05439	-2.50227	0.24365	0.05439	0.05439	0.05439
GCG	GCT	GT	0.93620	0.00526	0.00810	-0.93620	0.01341	0.00810	0.00810	0.00810
GCG	GCC	GC	1.62891	0.01214	0.02460	-1.62891	0.06189	0.02460	0.02460	0.02460
GCG	GCA	GA	-0.06895	0.03621	0.03497	0.06895	0.03380	0.03497	0.03497	0.03497
GAT	TAT	GT	0.29729	0.00227	0.00262	-0.29729	0.00305	0.00262	0.00262	0.00262
GAT	CAT	GC	-0.52801	0.00523	0.00397	0.52801	0.00308	0.00397	0.00397	0.00397
GAT	AAT	GA	-0.11222	0.01560	0.01474	0.11222	0.01394	0.01474	0.01474	0.01474
GAT	GTT	AT	-0.49569	0.00227	0.00175	0.49569	0.00138	0.00175	0.00175	0.00175
GAT	GCT	AC	0.77599	0.00523	0.00752	-0.77599	0.01136	0.00752	0.00752	0.00752
GAC	TAC	GT	0.32352	0.01387	0.01623	-0.32352	0.01916	0.01623	0.01623	0.01623
GAC	CAC	GC	-0.30635	0.03201	0.02736	0.30635	0.02356	0.02736	0.02736	0.02736
GAC	AAC	GA	-0.05657	0.09548	0.09280	0.05657	0.09023	0.09280	0.09280	0.09280
GAC	GTC	AT	-0.07541	0.01387	0.01335	0.07541	0.01286	0.01335	0.01335	0.01335
GAC	GCC	AC	0.49350	0.03201	0.04056	-0.49350	0.05243	0.04056	0.04056	0.04056
GAC	GAT	CT	-0.97519	0.05262	0.03107	0.97519	0.01984	0.03107	0.03107	0.03107
GAA	CAA	GC	-0.01616	0.00247	0.00245	0.01616	0.00243	0.00245	0.00245	0.00245
GAA	AAA	GA	0.19584	0.00735	0.00810	-0.19584	0.00894	0.00810	0.00810	0.00810
GAA	GTA	AT	0.04374	0.00107	0.00109	-0.04374	0.00112	0.00109	0.00109	0.00109
GAA	GCA	AC	1.11863	0.00247	0.00410	-1.11863	0.00755	0.00410	0.00410	0.00410
GAA	GAT	AT	1.34779	0.00107	0.00194	-1.34779	0.00411	0.00194	0.00194	0.00194
GAA	GAC	AC	2.32299	0.00247	0.00635	-2.32299	0.02516	0.00635	0.00635	0.00635
GAG	CAG	GC	0.14170	0.04075	0.04371	-0.14170	0.04695	0.04371	0.04371	0.04371
GAG	AAG	GA	-0.60233	0.12155	0.08859	0.60233	0.06655	0.08859	0.08859	0.08859
GAG	GTG	AT	1.05045	0.01765	0.02852	-1.05045	0.05047	0.02852	0.02852	0.02852
GAG	GCG	AC	-1.45182	0.04075	0.01809	1.45182	0.00954	0.01809	0.01809	0.01809
GAG	GAT	GT	-1.29161	0.01765	0.00864	1.29161	0.00485	0.00864	0.00864	0.00864
GAG	GAC	GC	-0.31641	0.04075	0.03464	0.31641	0.02970	0.03464	0.03464	0.03464
GAG	GAA	GA	-2.63940	0.12155	0.02467	2.63940	0.00868	0.02467	0.02467	0.02467
GGT	TGT	GT	0.61850	0.00218	0.00293	-0.61850	0.00405	0.00293	0.00293	0.00293
GGT	CGT	GC	0.05016	0.00504	0.00517	-0.05016	0.00530	0.00517	0.00517	0.00517
GGT	AGT	GA	-0.05716	0.01504	0.01461	0.05716	0.01420	0.01461	0.01461	0.01461
GGT	GTT	GT	-0.29353	0.00218	0.00188	0.29353	0.00163	0.00188	0.00188	0.00188
GGT	GCT	GC	0.97815	0.00504	0.00790	-0.97815	0.01341	0.00790	0.00790	0.00790
GGT	GAT	GA	0.20216	0.01504	0.01661	-0.20216	0.01841	0.01661	0.01661	0.01661
GGC	TGC	GT	0.36398	0.02259	0.02695	-0.36398	0.03250	0.02695	0.02695	0.02695
GGC	CGC	GC	-0.88343	0.05214	0.03246	0.88343	0.02155	0.03246	0.03246	0.03246
GGC	AGC	GA	-0.10184	0.15553	0.14774	0.10184	0.14047	0.14774	0.14774	0.14774
GGC	GTC	GT	-0.39755	0.02259	0.01839	0.39755	0.01518	0.01839	0.01839	0.01839
GGC	GCC	GC	0.17137	0.05214	0.05674	-0.17137	0.06189	0.05674	0.05674	0.05674
GGC	GAC	GA	-0.32213	0.15553	0.13182	0.32213	0.11269	0.13182	0.13182	0.13182
GGC	GGT	CT	-1.49949	0.08571	0.03694	1.49949	0.01914	0.03694	0.03694	0.03694
GGA	CGA	GC	-0.90288	0.00444	0.00274	0.90288	0.00180	0.00274	0.00274	0.00274
GGA	AGA	GA	-1.84055	0.01326	0.00460	1.84055	0.00210	0.00460	0.00460	0.00460
GGA	GTA	GT	-0.37994	0.00193	0.00158	0.37994	0.00132	0.00158	0.00158	0.00158
GGA	GCA	GC	0.69495	0.00444	0.00617	-0.69495	0.00891	0.00617	0.00617	0.00617
GGA	GAA	GA	-0.42367	0.01326	0.01065	0.42367	0.00868	0.01065	0.01065	0.01065
GGA	GGT	AT	0.72196	0.00193	0.00270	-0.72196	0.00396	0.00270	0.00270	0.00270
GGA	GGC	AC	2.22145	0.00444	0.01108	-2.22145	0.04098	0.01108	0.01108	0.01108
GGG	TGG	GT	0.85189	0.01027	0.01526	-0.85189	0.02408	0.01526	0.01526	0.01526
GGG	CGG	GC	-0.29815	0.02372	0.02036	0.29815	0.01760	0.02036	0.02036	0.02036
GGG	AGG	GA	-0.53189	0.07074	0.05359	0.53189	0.04156	0.05359	0.05359	0.05359
GGG	GTG	GT	1.75747	0.01027	0.02182	-1.75747	0.05957	0.02182	0.02182	0.02182
GGG	GCG	GC	-0.74480	0.02372	0.01597	0.74480	0.01126	0.01597	0.01597	0.01597
GGG	GAG	GA	0.70702	0.07074	0.09868	-0.70702	0.14347	0.09868	0.09868	0.09868
GGG	GGT	GT	-0.78675	0.01027	0.00676	0.78675	0.00468	0.00676	0.00676	0.00676
GGG	GGC	GC	0.71274	0.02372	0.03317	-0.71274	0.04837	0.03317	0.03317	0.03317
GGG	GGA	GA	-1.50871	0.07074	0.03031	1.50871	0.01565	0.03031	0.03031	0.03031


Histograms
2Ns	FMut	FSub(CodonUsage)	FSubw(after w)

-4.25750	0.00263	0.00017	0.00017
-3.83175	0.01631	0.00195	0.00195
-3.40600	0.00035	0.00006	0.00006
-2.98025	0.07452	0.01587	0.01587
-2.55450	0.03511	0.00966	0.00966
-2.12875	0.05024	0.01834	0.01834
-1.70300	0.04967	0.02437	0.02437
-1.27725	0.13578	0.08682	0.08682
-0.85150	0.13183	0.10589	0.10589
-0.42575	0.15967	0.16253	0.16253
0.00000	0.11816	0.14868	0.14868
0.42575	0.10618	0.16253	0.16253
0.85150	0.05697	0.10589	0.10589
1.27725	0.03972	0.08682	0.08682
1.70300	0.00945	0.02437	0.02437
2.12875	0.00607	0.01834	0.01834
2.55450	0.00279	0.00966	0.00966
2.98025	0.00411	0.01587	0.01587
3.40600	0.00001	0.00006	0.00006
3.83175	0.00041	0.00195	0.00195
4.25750	0.00003	0.00017	0.00017

Proportion of advantageous (S > 0) mutations:
 0.28183

Proportions of good & bad mutations (|S| > 2.0000) among mutations:
0.01094  0.16146

mean |Ns| = 1.11304	mean Ns+ = 0.68454	mean Ns- = -1.28119

