Supplemental results for CODEML (seqf: paml_alt_hominini_altered_dna_aligned_combined_TAS1R3  treef: paml_alt_hominini_ML_tree_output_altered_dna_aligned_combined_TAS1R3.txt)

I	J	ij	2Ns_IJ	pMut_IJ	pSub_IJ	2Ns_JI	pMut_JI	pSub_JI

TTC	TTT	CT	-0.82131	0.08790	0.05669	0.82131	0.03866	0.05669	0.05669	0.05669
TTA	TTT	AT	3.74712	0.00014	0.00055	-3.74712	0.00603	0.00055	0.00055	0.00055
TTA	TTC	AC	4.56843	0.00047	0.00218	-4.56843	0.04551	0.00218	0.00218	0.00218
TTG	TTT	GT	1.24583	0.00164	0.00287	-1.24583	0.00571	0.00287	0.00287	0.00287
TTG	TTC	GC	2.06714	0.00545	0.01290	-2.06714	0.04307	0.01290	0.01290	0.01290
TTG	TTA	GA	-2.50129	0.02534	0.00566	2.50129	0.00208	0.00566	0.00566	0.00566
TCT	TTT	CT	1.87541	0.00593	0.01313	-1.87541	0.03866	0.01313	0.01313	0.01313
TCC	TTC	CT	2.36103	0.02752	0.07173	-2.36103	0.29173	0.07173	0.07173	0.07173
TCC	TCT	CT	-0.33569	0.02752	0.02316	0.33569	0.01967	0.02316	0.02316	0.02316
TCA	TTA	CT	-1.59478	0.01270	0.00516	1.59478	0.00258	0.00516	0.00516	0.00516
TCA	TCT	AT	0.27693	0.00233	0.00266	-0.27693	0.00307	0.00266	0.00266	0.00266
TCA	TCC	AC	0.61263	0.00772	0.01032	-0.61263	0.01425	0.01032	0.01032	0.01032
TCG	TTG	CT	0.44235	0.01912	0.02366	-0.44235	0.02976	0.02366	0.02366	0.02366
TCG	TCT	GT	-0.18723	0.00350	0.00318	0.18723	0.00290	0.00318	0.00318	0.00318
TCG	TCC	GC	0.14846	0.01162	0.01251	-0.14846	0.01348	0.01251	0.01251	0.01251
TCG	TCA	GA	-0.46416	0.05405	0.04247	0.46416	0.03398	0.04247	0.04247	0.04247
TAT	TTT	AT	1.65703	0.00115	0.00235	-1.65703	0.00603	0.00235	0.00235	0.00235
TAT	TCT	AC	-0.21838	0.00382	0.00342	0.21838	0.00307	0.00342	0.00342	0.00342
TAC	TTC	AT	1.84225	0.00721	0.01579	-1.84225	0.04551	0.01579	0.01579	0.01579
TAC	TCC	AC	-0.51878	0.02393	0.01826	0.51878	0.01425	0.01826	0.01826	0.01826
TAC	TAT	CT	-0.63608	0.03937	0.02817	0.63608	0.02084	0.02817	0.02817	0.02817
TGT	TTT	GT	1.30317	0.00155	0.00277	-1.30317	0.00571	0.00277	0.00277	0.00277
TGT	TCT	GC	-0.57224	0.00515	0.00381	0.57224	0.00290	0.00381	0.00381	0.00381
TGT	TAT	GA	-0.35386	0.02393	0.01995	0.35386	0.01680	0.01995	0.01995	0.01995
TGC	TTC	GT	1.27213	0.01207	0.02133	-1.27213	0.04307	0.02133	0.02133	0.02133
TGC	TCC	GC	-1.08890	0.04006	0.02213	1.08890	0.01348	0.02213	0.02213	0.02213
TGC	TAC	GA	-0.57012	0.18627	0.13819	0.57012	0.10533	0.13819	0.13819	0.13819
TGC	TGT	CT	-0.85235	0.06590	0.04176	0.85235	0.02810	0.04176	0.04176	0.04176
TGG	TTG	GT	-0.71068	0.00894	0.00614	0.71068	0.00439	0.00614	0.00614	0.00614
TGG	TCG	GC	-1.15303	0.02968	0.01579	1.15303	0.00937	0.01579	0.01579	0.01579
TGG	TGT	GT	-0.76802	0.00894	0.00594	0.76802	0.00415	0.00594	0.00594	0.00594
TGG	TGC	GC	0.08432	0.02968	0.03095	-0.08432	0.03229	0.03095	0.03095	0.03095
CTT	TTT	CT	1.12445	0.01256	0.02092	-1.12445	0.03866	0.02092	0.02092	0.02092
CTC	TTC	CT	1.46128	0.06766	0.12873	-1.46128	0.29173	0.12873	0.12873	0.12873
CTC	CTT	CT	-0.48447	0.06766	0.05259	0.48447	0.04168	0.05259	0.05259	0.05259
CTA	TTA	CT	-1.36466	0.01009	0.00472	1.36466	0.00258	0.00472	0.00472	0.00472
CTA	CTT	AT	1.25801	0.00185	0.00325	-1.25801	0.00650	0.00325	0.00325	0.00325
CTA	CTC	AC	1.74248	0.00613	0.01296	-1.74248	0.03503	0.01296	0.01296	0.01296
CTG	TTG	CT	-1.93040	0.20511	0.06720	1.93040	0.02976	0.06720	0.06720	0.06720
CTG	CTT	GT	-1.80902	0.03757	0.01331	1.80902	0.00615	0.01331	0.01331	0.01331
CTG	CTC	GC	-1.32455	0.12468	0.05982	1.32455	0.03315	0.05982	0.05982	0.05982
CTG	CTA	GA	-3.06703	0.57976	0.08683	3.06703	0.02699	0.08683	0.08683	0.08683
CCT	TCT	CT	0.08138	0.01813	0.01888	-0.08138	0.01967	0.01888	0.01888	0.01888
CCT	CTT	CT	0.83235	0.01813	0.02671	-0.83235	0.04168	0.02671	0.02671	0.02671
CCC	TCC	CT	0.42291	0.05983	0.07337	-0.42291	0.09133	0.07337	0.07337	0.07337
CCC	CTC	CT	1.32265	0.05983	0.10788	-1.32265	0.22457	0.10788	0.10788	0.10788
CCC	CCT	CT	0.00583	0.05983	0.06001	-0.00583	0.06018	0.06001	0.06001	0.06001
CCA	TCA	CT	0.90780	0.01700	0.02587	-0.90780	0.04215	0.02587	0.02587	0.02587
CCA	CTA	CT	0.67769	0.01700	0.02341	-0.67769	0.03349	0.02341	0.02341	0.02341
CCA	CCT	AT	1.10335	0.00311	0.00514	-1.10335	0.00939	0.00514	0.00514	0.00514
CCA	CCC	AC	1.09752	0.01034	0.01703	-1.09752	0.03097	0.01703	0.01703	0.01703
CCG	TCG	CT	1.00874	0.02314	0.03674	-1.00874	0.06346	0.03674	0.03674	0.03674
CCG	CTG	CT	3.38150	0.02314	0.08101	-3.38150	0.68073	0.08101	0.08101	0.08101
CCG	CCT	GT	0.74014	0.00424	0.00600	-0.74014	0.00889	0.00600	0.00600	0.00600
CCG	CCC	GC	0.73430	0.01407	0.01986	-0.73430	0.02932	0.01986	0.01986	0.01986
CCG	CCA	GA	-0.36322	0.06541	0.05425	0.36322	0.04549	0.05425	0.05425	0.05425
CAT	TAT	CT	1.28156	0.00579	0.01026	-1.28156	0.02084	0.01026	0.01026	0.01026
CAT	CTT	AT	1.81414	0.00106	0.00230	-1.81414	0.00650	0.00230	0.00230	0.00230
CAT	CCT	AC	0.98179	0.00352	0.00552	-0.98179	0.00939	0.00552	0.00552	0.00552
CAC	TAC	CT	1.00929	0.04763	0.07564	-1.00929	0.13067	0.07564	0.07564	0.07564
CAC	CTC	AT	1.39025	0.00872	0.01615	-1.39025	0.03503	0.01615	0.01615	0.01615
CAC	CCC	AC	0.06760	0.02895	0.02994	-0.06760	0.03097	0.02994	0.02994	0.02994
CAC	CAT	CT	-0.90835	0.04763	0.02923	0.90835	0.01920	0.02923	0.02923	0.02923
CAA	CTA	AT	1.82753	0.00084	0.00183	-1.82753	0.00522	0.00183	0.00183	0.00183
CAA	CCA	AC	1.14985	0.00279	0.00469	-1.14985	0.00880	0.00469	0.00469	0.00469
CAA	CAT	AT	1.27141	0.00084	0.00148	-1.27141	0.00300	0.00148	0.00148	0.00148
CAA	CAC	AC	2.17976	0.00279	0.00685	-2.17976	0.02466	0.00685	0.00685	0.00685
CAG	CTG	AT	1.79504	0.01764	0.03797	-1.79504	0.10618	0.03797	0.03797	0.03797
CAG	CCG	AC	-1.58646	0.05854	0.02390	1.58646	0.01198	0.02390	0.02390	0.02390
CAG	CAT	GT	-1.82812	0.01764	0.00617	1.82812	0.00283	0.00617	0.00617	0.00617
CAG	CAC	GC	-0.91976	0.05854	0.03569	0.91976	0.02334	0.03569	0.03569	0.03569
CAG	CAA	GA	-3.09952	0.27223	0.03982	3.09952	0.01227	0.03982	0.03982	0.03982
CGT	TGT	CT	0.95669	0.01080	0.01677	-0.95669	0.02810	0.01677	0.01677	0.01677
CGT	CTT	GT	1.13542	0.00198	0.00331	-1.13542	0.00615	0.00331	0.00331	0.00331
CGT	CCT	GC	0.30307	0.00656	0.00761	-0.30307	0.00889	0.00761	0.00761	0.00761
CGT	CAT	GA	-0.67872	0.03051	0.02132	0.67872	0.01548	0.02132	0.02132	0.02132
CGC	TGC	CT	1.60618	0.04389	0.08818	-1.60618	0.21872	0.08818	0.08818	0.08818
CGC	CTC	GT	1.41702	0.00804	0.01503	-1.41702	0.03315	0.01503	0.01503	0.01503
CGC	CCC	GC	0.09437	0.02668	0.02796	-0.09437	0.02932	0.02796	0.02796	0.02796
CGC	CAC	GA	0.02677	0.12405	0.12572	-0.02677	0.12741	0.12572	0.12572	0.12572
CGC	CGT	CT	-0.20286	0.04389	0.03958	0.20286	0.03583	0.03958	0.03958	0.03958
CGA	CTA	GT	1.99567	0.00067	0.00155	-1.99567	0.00494	0.00155	0.00155	0.00155
CGA	CCA	GC	1.31799	0.00223	0.00401	-1.31799	0.00833	0.00401	0.00401	0.00401
CGA	CAA	GA	0.16814	0.01037	0.01127	-0.16814	0.01227	0.01127	0.01127	0.01127
CGA	CGT	AT	2.11827	0.00067	0.00162	-2.11827	0.00559	0.00162	0.00162	0.00162
CGA	CGC	AC	2.32113	0.00223	0.00574	-2.32113	0.02272	0.00574	0.00574	0.00574
CGG	TGG	CT	1.50678	0.03591	0.06952	-1.50678	0.16205	0.06952	0.06952	0.06952
CGG	CTG	GT	2.72650	0.00658	0.01919	-2.72650	0.10050	0.01919	0.01919	0.01919
CGG	CCG	GC	-0.65500	0.02183	0.01546	0.65500	0.01134	0.01546	0.01546	0.01546
CGG	CAG	GA	0.93146	0.10151	0.15602	-0.93146	0.25766	0.15602	0.15602	0.15602
CGG	CGT	GT	-0.21794	0.00658	0.00589	0.21794	0.00529	0.00589	0.00589	0.00589
CGG	CGC	GC	-0.01507	0.02183	0.02167	0.01507	0.02150	0.02167	0.02167	0.02167
CGG	CGA	GA	-2.33621	0.10151	0.02539	2.33621	0.00982	0.02539	0.02539	0.02539
ATT	TTT	AT	1.92616	0.00088	0.00198	-1.92616	0.00603	0.00198	0.00198	0.00198
ATT	CTT	AC	0.80171	0.00292	0.00424	-0.80171	0.00650	0.00424	0.00424	0.00424
ATC	TTC	AT	2.17265	0.00518	0.01271	-2.17265	0.04551	0.01271	0.01271	0.01271
ATC	CTC	AC	0.71137	0.01720	0.02403	-0.71137	0.03503	0.02403	0.02403	0.02403
ATC	ATT	CT	-0.57481	0.02829	0.02094	0.57481	0.01592	0.02094	0.02094	0.02094
ATA	TTA	AT	0.14178	0.00035	0.00037	-0.14178	0.00040	0.00037	0.00037	0.00037
ATA	CTA	AC	1.50644	0.00116	0.00224	-1.50644	0.00522	0.00224	0.00224	0.00224
ATA	ATT	AT	1.96275	0.00035	0.00080	-1.96275	0.00248	0.00080	0.00080	0.00080
ATA	ATC	AC	2.53756	0.00116	0.00319	-2.53756	0.01465	0.00319	0.00319	0.00319
ATG	TTG	AT	-0.50801	0.00771	0.00592	0.50801	0.00464	0.00592	0.00592	0.00592
ATG	CTG	AC	1.42240	0.02560	0.04799	-1.42240	0.10618	0.04799	0.04799	0.04799
ATG	ATT	GT	-1.18834	0.00771	0.00402	1.18834	0.00235	0.00402	0.00402	0.00402
ATG	ATC	GC	-0.61352	0.02560	0.01855	0.61352	0.01386	0.01855	0.01855	0.01855
ATG	ATA	GA	-3.15108	0.11906	0.01678	3.15108	0.00510	0.01678	0.01678	0.01678
ACT	TCT	AT	1.42684	0.00074	0.00138	-1.42684	0.00307	0.00138	0.00138	0.00138
ACT	CCT	AC	1.34546	0.00244	0.00445	-1.34546	0.00939	0.00445	0.00445	0.00445
ACT	ATT	CT	1.37610	0.00402	0.00740	-1.37610	0.01592	0.00740	0.00740	0.00740
ACC	TCC	AT	0.77474	0.00656	0.00943	-0.77474	0.01425	0.00943	0.00943	0.00943
ACC	CCC	AC	0.35183	0.02179	0.02584	-0.35183	0.03097	0.02584	0.02584	0.02584
ACC	ATC	CT	0.96312	0.03584	0.05583	-0.96312	0.09390	0.05583	0.05583	0.05583
ACC	ACT	CT	-0.98779	0.03584	0.02101	0.98779	0.01335	0.02101	0.02101	0.02101
ACA	TCA	AT	0.57604	0.00370	0.00486	-0.57604	0.00657	0.00486	0.00486	0.00486
ACA	CCA	AC	-0.33176	0.01227	0.01034	0.33176	0.00880	0.01034	0.01034	0.01034
ACA	ATA	CT	-1.16052	0.02018	0.01069	1.16052	0.00632	0.01069	0.01069	0.01069
ACA	ACT	AT	-0.57387	0.00370	0.00274	0.57387	0.00208	0.00274	0.00274	0.00274
ACA	ACC	AC	0.41393	0.01227	0.01498	-0.41393	0.01856	0.01498	0.01498	0.01498
ACG	TCG	AT	0.75787	0.00464	0.00662	-0.75787	0.00990	0.00662	0.00662	0.00662
ACG	CCG	AC	-0.25087	0.01540	0.01355	0.25087	0.01198	0.01355	0.01355	0.01355
ACG	ATG	CT	1.70823	0.02533	0.05284	-1.70823	0.13980	0.05284	0.05284	0.05284
ACG	ACT	GT	-0.85620	0.00464	0.00293	0.85620	0.00197	0.00293	0.00293	0.00293
ACG	ACC	GC	0.13159	0.01540	0.01643	-0.13159	0.01756	0.01643	0.01643	0.01643
ACG	ACA	GA	-0.28233	0.07160	0.06196	0.28233	0.05399	0.06196	0.06196	0.06196
AAT	TAT	AT	0.84558	0.00140	0.00207	-0.84558	0.00325	0.00207	0.00207	0.00207
AAT	CAT	AC	-0.43598	0.00463	0.00370	0.43598	0.00300	0.00370	0.00370	0.00370
AAT	ATT	AT	0.57645	0.00140	0.00184	-0.57645	0.00248	0.00184	0.00184	0.00184
AAT	ACT	AC	-0.79964	0.00463	0.00302	0.79964	0.00208	0.00302	0.00302	0.00302
AAC	TAC	AT	0.82240	0.00896	0.01314	-0.82240	0.02038	0.01314	0.01314	0.01314
AAC	CAC	AC	-0.18688	0.02972	0.02703	0.18688	0.02466	0.02703	0.02703	0.02703
AAC	ATC	AT	0.49201	0.00896	0.01134	-0.49201	0.01465	0.01134	0.01134	0.01134
AAC	ACC	AC	-0.47111	0.02972	0.02327	0.47111	0.01856	0.02327	0.02327	0.02327
AAC	AAT	CT	-0.65926	0.04890	0.03454	0.65926	0.02529	0.03454	0.03454	0.03454
AAA	CAA	AC	-0.19087	0.00287	0.00261	0.19087	0.00237	0.00261	0.00261	0.00261
AAA	ATA	AT	0.13022	0.00087	0.00092	-0.13022	0.00099	0.00092	0.00092	0.00092
AAA	ACA	AC	1.29073	0.00287	0.00512	-1.29073	0.01045	0.00512	0.00512	0.00512
AAA	AAT	AT	1.51651	0.00087	0.00168	-1.51651	0.00394	0.00168	0.00168	0.00168
AAA	AAC	AC	2.17577	0.00287	0.00705	-2.17577	0.02531	0.00705	0.00705	0.00705
AAG	CAG	AC	0.83181	0.02170	0.03196	-0.83181	0.04986	0.03196	0.03196	0.03196
AAG	ATG	AT	1.20446	0.00654	0.01125	-1.20446	0.02181	0.01125	0.01125	0.01125
AAG	ACG	AC	-0.50378	0.02170	0.01669	0.50378	0.01311	0.01669	0.01669	0.01669
AAG	AAT	GT	-0.56033	0.00654	0.00488	0.56033	0.00373	0.00488	0.00488	0.00488
AAG	AAC	GC	0.09893	0.02170	0.02279	-0.09893	0.02396	0.02279	0.02279	0.02279
AAG	AAA	GA	-2.07685	0.10091	0.03003	2.07685	0.01265	0.03003	0.03003	0.03003
AGT	TGT	AT	1.06439	0.00151	0.00246	-1.06439	0.00438	0.00246	0.00246	0.00246
AGT	CGT	AC	0.10770	0.00502	0.00529	-0.10770	0.00559	0.00529	0.00529	0.00529
AGT	ATT	GT	0.44141	0.00151	0.00187	-0.44141	0.00235	0.00187	0.00187	0.00187
AGT	ACT	GC	-0.93469	0.00502	0.00303	0.93469	0.00197	0.00303	0.00303	0.00303
AGT	AAT	GA	-0.13504	0.02333	0.02179	0.13504	0.02039	0.02179	0.02179	0.02179
AGC	TGC	AT	0.88096	0.01414	0.02127	-0.88096	0.03412	0.02127	0.02127	0.02127
AGC	CGC	AC	-0.72522	0.04692	0.03195	0.72522	0.02272	0.03195	0.03195	0.03195
AGC	ATC	GT	-0.01956	0.01414	0.01400	0.01956	0.01386	0.01400	0.01400	0.01400
AGC	ACC	GC	-0.98268	0.04692	0.02758	0.98268	0.01756	0.02758	0.02758	0.02758
AGC	AAC	GA	-0.51157	0.21818	0.16711	0.51157	0.13081	0.16711	0.16711	0.16711
AGC	AGT	CT	-1.03578	0.07719	0.04399	1.03578	0.02740	0.04399	0.04399	0.04399
AGA	CGA	AC	1.30577	0.00051	0.00092	-1.30577	0.00190	0.00092	0.00092	0.00092
AGA	ATA	GT	1.79500	0.00016	0.00033	-1.79500	0.00093	0.00033	0.00033	0.00033
AGA	ACA	GC	2.95552	0.00051	0.00160	-2.95552	0.00989	0.00160	0.00160	0.00160
AGA	AAA	GA	1.66479	0.00239	0.00491	-1.66479	0.01265	0.00491	0.00491	0.00491
AGA	AGT	AT	3.31634	0.00016	0.00053	-3.31634	0.00427	0.00053	0.00053	0.00053
AGA	AGC	AC	4.35212	0.00051	0.00227	-4.35212	0.03996	0.00227	0.00227	0.00227
AGG	TGG	AT	1.82292	0.00408	0.00888	-1.82292	0.02528	0.00888	0.00888	0.00888
AGG	CGG	AC	0.31614	0.01355	0.01581	-0.31614	0.01859	0.01581	0.01581	0.01581
AGG	ATG	GT	1.62025	0.00408	0.00825	-1.62025	0.02064	0.00825	0.00825	0.00825
AGG	ACG	GC	-0.08799	0.01355	0.01297	0.08799	0.01241	0.01297	0.01297	0.01297
AGG	AAG	GA	0.41579	0.06302	0.07703	-0.41579	0.09551	0.07703	0.07703	0.07703
AGG	AGT	GT	-0.00949	0.00408	0.00406	0.00949	0.00404	0.00406	0.00406	0.00406
AGG	AGC	GC	1.02629	0.01355	0.02168	-1.02629	0.03782	0.02168	0.02168	0.02168
AGG	AGA	GA	-3.32584	0.06302	0.00781	3.32584	0.00227	0.00781	0.00781	0.00781
GTT	TTT	GT	2.30648	0.00057	0.00146	-2.30648	0.00571	0.00146	0.00146	0.00146
GTT	CTT	GC	1.18203	0.00189	0.00322	-1.18203	0.00615	0.00322	0.00322	0.00322
GTT	ATT	GA	0.38032	0.00878	0.01055	-0.38032	0.01284	0.01055	0.01055	0.01055
GTC	TTC	GT	2.01354	0.00575	0.01336	-2.01354	0.04307	0.01336	0.01336	0.01336
GTC	CTC	GC	0.55225	0.01909	0.02484	-0.55225	0.03315	0.02484	0.02484	0.02484
GTC	ATC	GA	-0.15911	0.08875	0.08187	0.15911	0.07569	0.08187	0.08187	0.08187
GTC	GTT	CT	-1.11425	0.03140	0.01709	1.11425	0.01030	0.01709	0.01709	0.01709
GTA	TTA	GT	-0.25497	0.00049	0.00043	0.25497	0.00038	0.00043	0.00043	0.00043
GTA	CTA	GC	1.10969	0.00163	0.00270	-1.10969	0.00494	0.00270	0.00270	0.00270
GTA	ATA	GA	-0.39675	0.00758	0.00617	0.39675	0.00510	0.00617	0.00617	0.00617
GTA	GTT	AT	1.18568	0.00049	0.00084	-1.18568	0.00161	0.00084	0.00084	0.00084
GTA	GTC	AC	2.29992	0.00163	0.00417	-2.29992	0.01625	0.00417	0.00417	0.00417
GTG	TTG	GT	-1.65039	0.02289	0.00897	1.65039	0.00439	0.00897	0.00897	0.00897
GTG	CTG	GC	0.28001	0.07596	0.08709	-0.28001	0.10050	0.08709	0.08709	0.08709
GTG	ATG	GA	-1.14238	0.35320	0.18906	1.14238	0.11269	0.18906	0.18906	0.18906
GTG	GTT	GT	-2.71104	0.02289	0.00442	2.71104	0.00152	0.00442	0.00442	0.00442
GTG	GTC	GC	-1.59679	0.07596	0.03081	1.59679	0.01538	0.03081	0.03081	0.03081
GTG	GTA	GA	-3.89671	0.35320	0.02853	3.89671	0.00717	0.02853	0.02853	0.02853
GCT	TCT	GT	-0.49861	0.00478	0.00369	0.49861	0.00290	0.00369	0.00369	0.00369
GCT	CCT	GC	-0.57999	0.01587	0.01171	0.57999	0.00889	0.01171	0.01171	0.01171
GCT	ACT	GA	-1.92545	0.07379	0.02425	1.92545	0.01076	0.02425	0.02425	0.02425
GCT	GTT	CT	-0.92967	0.02611	0.01582	0.92967	0.01030	0.01582	0.01582	0.01582
GCC	TCC	GT	-0.54643	0.02329	0.01750	0.54643	0.01348	0.01750	0.01750	0.01750
GCC	CCC	GC	-0.96934	0.07729	0.04579	0.96934	0.02932	0.04579	0.04579	0.04579
GCC	ACC	GA	-1.32117	0.35938	0.17279	1.32117	0.09589	0.17279	0.17279	0.17279
GCC	GTC	CT	-0.19894	0.12714	0.11491	0.19894	0.10421	0.11491	0.11491	0.11491
GCC	GCT	CT	-0.38351	0.12714	0.10432	0.38351	0.08664	0.10432	0.10432	0.10432
GCA	TCA	GT	0.67577	0.00317	0.00436	-0.67577	0.00622	0.00436	0.00436	0.00436
GCA	CCA	GC	-0.23203	0.01051	0.00934	0.23203	0.00833	0.00934	0.00934	0.00934
GCA	ACA	GA	0.09973	0.04886	0.05134	-0.09973	0.05399	0.05134	0.05134	0.05134
GCA	GTA	CT	-0.66403	0.01729	0.01218	0.66403	0.00890	0.01218	0.01218	0.01218
GCA	GCT	AT	1.45132	0.00317	0.00600	-1.45132	0.01351	0.00600	0.00600	0.00600
GCA	GCC	AC	1.83483	0.01051	0.02294	-1.83483	0.06582	0.02294	0.02294	0.02294
GCG	TCG	GT	0.80237	0.00420	0.00611	-0.80237	0.00937	0.00611	0.00611	0.00611
GCG	CCG	GC	-0.20638	0.01394	0.01255	0.20638	0.01134	0.01255	0.01255	0.01255
GCG	ACG	GA	0.04450	0.06482	0.06627	-0.04450	0.06777	0.06627	0.06627	0.06627
GCG	GTG	CT	2.89511	0.02293	0.07027	-2.89511	0.41472	0.07027	0.07027	0.07027
GCG	GCT	GT	1.11375	0.00420	0.00696	-1.11375	0.01279	0.00696	0.00696	0.00696
GCG	GCC	GC	1.49726	0.01394	0.02689	-1.49726	0.06230	0.02689	0.02689	0.02689
GCG	GCA	GA	-0.33757	0.06482	0.05449	0.33757	0.04625	0.05449	0.05449	0.05449
GAT	TAT	GT	0.53824	0.00180	0.00232	-0.53824	0.00308	0.00232	0.00232	0.00232
GAT	CAT	GC	-0.74332	0.00596	0.00402	0.74332	0.00283	0.00402	0.00402	0.00402
GAT	AAT	GA	-0.30734	0.02772	0.02368	0.30734	0.02039	0.02368	0.02368	0.02368
GAT	GTT	AT	-0.11121	0.00180	0.00170	0.11121	0.00161	0.00170	0.00170	0.00170
GAT	GCT	AC	0.81846	0.00596	0.00873	-0.81846	0.01351	0.00873	0.00873	0.00873
GAC	TAC	GT	0.55266	0.01110	0.01445	-0.55266	0.01929	0.01445	0.01445	0.01445
GAC	CAC	GC	-0.45662	0.03684	0.02907	0.45662	0.02334	0.02907	0.02907	0.02907
GAC	AAC	GA	-0.26974	0.17131	0.14925	0.26974	0.13081	0.14925	0.14925	0.14925
GAC	GTC	AT	0.38138	0.01110	0.01335	-0.38138	0.01625	0.01335	0.01335	0.01335
GAC	GCC	AC	0.58032	0.03684	0.04856	-0.58032	0.06582	0.04856	0.04856	0.04856
GAC	GAT	CT	-0.62166	0.06061	0.04371	0.62166	0.03255	0.04371	0.04371	0.04371
GAA	CAA	GC	-0.23083	0.00283	0.00252	0.23083	0.00225	0.00252	0.00252	0.00252
GAA	AAA	GA	-0.03996	0.01316	0.01290	0.03996	0.01265	0.01290	0.01290	0.01290
GAA	GTA	AT	0.48701	0.00085	0.00108	-0.48701	0.00139	0.00108	0.00108	0.00108
GAA	GCA	AC	1.15104	0.00283	0.00477	-1.15104	0.00895	0.00477	0.00477	0.00477
GAA	GAT	AT	1.78389	0.00085	0.00183	-1.78389	0.00508	0.00183	0.00183	0.00183
GAA	GAC	AC	2.40555	0.00283	0.00748	-2.40555	0.03138	0.00748	0.00748	0.00748
GAG	CAG	GC	0.00119	0.04713	0.04716	-0.00119	0.04719	0.04716	0.04716	0.04716
GAG	AAG	GA	-0.83062	0.21918	0.14061	0.83062	0.09551	0.14061	0.14061	0.14061
GAG	GTG	AT	1.51622	0.01420	0.02759	-1.51622	0.06469	0.02759	0.02759	0.02759
GAG	GCG	AC	-1.37890	0.04713	0.02188	1.37890	0.01187	0.02188	0.02188	0.02188
GAG	GAT	GT	-1.08361	0.01420	0.00787	1.08361	0.00481	0.00787	0.00787	0.00787
GAG	GAC	GC	-0.46195	0.04713	0.03708	0.46195	0.02970	0.03708	0.03708	0.03708
GAG	GAA	GA	-2.86750	0.21918	0.03788	2.86750	0.01246	0.03788	0.03788	0.03788
GGT	TGT	GT	0.98407	0.00155	0.00244	-0.98407	0.00415	0.00244	0.00244	0.00244
GGT	CGT	GC	0.02738	0.00515	0.00522	-0.02738	0.00529	0.00522	0.00522	0.00522
GGT	AGT	GA	-0.08032	0.02393	0.02298	0.08032	0.02209	0.02298	0.02298	0.02298
GGT	GTT	GT	-0.01923	0.00155	0.00154	0.01923	0.00152	0.00154	0.00154	0.00154
GGT	GCT	GC	0.91045	0.00515	0.00784	-0.91045	0.01279	0.00784	0.00784	0.00784
GGT	GAT	GA	0.09198	0.02393	0.02505	-0.09198	0.02624	0.02505	0.02505	0.02505
GGC	TGC	GT	0.58362	0.01801	0.02378	-0.58362	0.03229	0.02378	0.02378	0.02378
GGC	CGC	GC	-1.02256	0.05979	0.03434	1.02256	0.02150	0.03434	0.03434	0.03434
GGC	AGC	GA	-0.29734	0.27801	0.23872	0.29734	0.20650	0.23872	0.23872	0.23872
GGC	GTC	GT	-0.15778	0.01801	0.01663	0.15778	0.01538	0.01663	0.01663	0.01663
GGC	GCC	GC	0.04115	0.05979	0.06103	-0.04115	0.06230	0.06103	0.06103	0.06103
GGC	GAC	GA	-0.53916	0.27801	0.20977	0.53916	0.16215	0.20977	0.20977	0.20977
GGC	GGT	CT	-1.25280	0.09836	0.04929	1.25280	0.02810	0.04929	0.04929	0.04929
GGA	CGA	GC	-1.02650	0.00502	0.00288	1.02650	0.00180	0.00288	0.00288	0.00288
GGA	AGA	GA	-2.33227	0.02333	0.00585	2.33227	0.00227	0.00585	0.00585	0.00585
GGA	GTA	GT	-0.14051	0.00151	0.00141	0.14051	0.00131	0.00141	0.00141	0.00141
GGA	GCA	GC	0.52352	0.00502	0.00645	-0.52352	0.00847	0.00645	0.00645	0.00645
GGA	GAA	GA	-0.62752	0.02333	0.01677	0.62752	0.01246	0.01677	0.01677	0.01677
GGA	GGT	AT	1.06439	0.00151	0.00246	-1.06439	0.00438	0.00246	0.00246	0.00246
GGA	GGC	AC	2.31719	0.00502	0.01290	-2.31719	0.05092	0.01290	0.01290	0.01290
GGG	TGG	GT	1.08751	0.00806	0.01323	-1.08751	0.02392	0.01323	0.01323	0.01323
GGG	CGG	GC	-0.41927	0.02676	0.02154	0.41927	0.01760	0.02154	0.02154	0.02154
GGG	AGG	GA	-0.73541	0.12445	0.08425	0.73541	0.05965	0.08425	0.08425	0.08425
GGG	GTG	GT	2.02722	0.00806	0.01883	-2.02722	0.06123	0.01883	0.01883	0.01883
GGG	GCG	GC	-0.86789	0.02676	0.01681	0.86789	0.01124	0.01681	0.01681	0.01681
GGG	GAG	GA	0.51100	0.12445	0.15894	-0.51100	0.20745	0.15894	0.15894	0.15894
GGG	GGT	GT	-0.66458	0.00806	0.00568	0.66458	0.00415	0.00568	0.00568	0.00568
GGG	GGC	GC	0.58822	0.02676	0.03540	-0.58822	0.04819	0.03540	0.03540	0.03540
GGG	GGA	GA	-1.72898	0.12445	0.04642	1.72898	0.02209	0.04642	0.04642	0.04642


Histograms
2Ns	FMut	FSub(CodonUsage)	FSubw(after w)

-4.35089	0.00451	0.00031	0.00031
-3.91580	0.01894	0.00203	0.00203
-3.48071	0.03945	0.00625	0.00625
-3.04562	0.08515	0.01772	0.01772
-2.61053	0.01027	0.00279	0.00279
-2.17544	0.04582	0.01630	0.01630
-1.74035	0.07207	0.03517	0.03517
-1.30527	0.12700	0.08138	0.08138
-0.87018	0.11669	0.09663	0.09663
-0.43509	0.16040	0.16916	0.16916
0.00000	0.10914	0.14449	0.14449
0.43509	0.10341	0.16916	0.16916
0.87018	0.04862	0.09663	0.09663
1.30527	0.03428	0.08138	0.08138
1.74035	0.01255	0.03517	0.03517
2.17544	0.00493	0.01630	0.01630
2.61053	0.00075	0.00279	0.00279
3.04562	0.00423	0.01772	0.01772
3.48071	0.00135	0.00625	0.00625
3.91580	0.00039	0.00203	0.00203
4.35089	0.00005	0.00031	0.00031

Proportion of advantageous (S > 0) mutations:
 0.26256

Proportions of good & bad mutations (|S| > 2.0000) among mutations:
0.01164  0.20375

mean |Ns| = 1.27653	mean Ns+ = 0.72387	mean Ns- = -1.47330

