Supplemental results for CODEML (seqf: paml_null_selected_removal_dna_aligned_combined_TAS1R3  treef: paml_null_ML_tree_selected_removal_dna_aligned_combined_TAS1R3.txt)

I	J	ij	2Ns_IJ	pMut_IJ	pSub_IJ	2Ns_JI	pMut_JI	pSub_JI

TTC	TTT	CT	-0.54625	0.10097	0.07589	0.54625	0.05847	0.07589	0.07589	0.07589
TTA	TTT	AT	3.99845	0.00013	0.00053	-3.99845	0.00705	0.00053	0.00010	0.00010
TTA	TTC	AC	4.54469	0.00056	0.00257	-4.54469	0.05272	0.00257	0.00048	0.00048
TTG	TTT	GT	1.40733	0.00145	0.00269	-1.40733	0.00590	0.00269	0.00051	0.00051
TTG	TTC	GC	1.95358	0.00626	0.01426	-1.95358	0.04418	0.01426	0.00268	0.00268
TTG	TTA	GA	-2.59111	0.03793	0.00796	2.59111	0.00284	0.00796	0.00796	0.00796
TCT	TTT	CT	2.17242	0.00666	0.01633	-2.17242	0.05847	0.01633	0.00307	0.00307
TCC	TTC	CT	2.63463	0.03139	0.08908	-2.63463	0.43747	0.08908	0.01675	0.01675
TCC	TCT	CT	-0.08404	0.03139	0.03009	0.08404	0.02886	0.03009	0.03009	0.03009
TCA	TTA	CT	-1.28275	0.01432	0.00705	1.28275	0.00397	0.00705	0.00133	0.00133
TCA	TCT	AT	0.54328	0.00202	0.00262	-0.54328	0.00348	0.00262	0.00262	0.00262
TCA	TCC	AC	0.62731	0.00875	0.01178	-0.62731	0.01639	0.01178	0.01178	0.01178
TCG	TTG	CT	0.69930	0.02206	0.03067	-0.69930	0.04440	0.03067	0.00577	0.00577
TCG	TCT	GT	-0.06578	0.00311	0.00301	0.06578	0.00291	0.00301	0.00301	0.00301
TCG	TCC	GC	0.01825	0.01348	0.01361	-0.01825	0.01373	0.01361	0.01361	0.01361
TCG	TCA	GA	-0.60906	0.08166	0.05930	0.60906	0.04441	0.05930	0.05930	0.05930
TAT	TTT	AT	1.94266	0.00101	0.00229	-1.94266	0.00705	0.00229	0.00043	0.00043
TAT	TCT	AC	-0.22976	0.00438	0.00389	0.22976	0.00348	0.00389	0.00073	0.00073
TAC	TTC	AT	2.10865	0.00640	0.01536	-2.10865	0.05272	0.01536	0.00289	0.00289
TAC	TCC	AC	-0.52598	0.02773	0.02107	0.52598	0.01639	0.02107	0.00396	0.00396
TAC	TAT	CT	-0.38026	0.04537	0.03729	0.38026	0.03102	0.03729	0.03729	0.03729
TGT	TTT	GT	1.49279	0.00133	0.00256	-1.49279	0.00590	0.00256	0.00048	0.00048
TGT	TCT	GC	-0.67962	0.00575	0.00402	0.67962	0.00291	0.00402	0.00076	0.00076
TGT	TAT	GA	-0.44986	0.03482	0.02757	0.44986	0.02221	0.02757	0.00519	0.00519
TGC	TTC	GT	1.41588	0.01072	0.02005	-1.41588	0.04418	0.02005	0.00377	0.00377
TGC	TCC	GC	-1.21875	0.04646	0.02376	1.21875	0.01373	0.02376	0.00447	0.00447
TGC	TAC	GA	-0.69277	0.28135	0.19506	0.69277	0.14073	0.19506	0.03668	0.03668
TGC	TGT	CT	-0.62316	0.07601	0.05477	0.62316	0.04076	0.05477	0.05477	0.05477
TGG	TTG	GT	-0.56400	0.00788	0.00587	0.56400	0.00448	0.00587	0.00110	0.00110
TGG	TCG	GC	-1.26330	0.03414	0.01700	1.26330	0.00965	0.01700	0.00320	0.00320
TGG	TGT	GT	-0.64946	0.00788	0.00560	0.64946	0.00412	0.00560	0.00105	0.00105
TGG	TGC	GC	-0.02629	0.03414	0.03369	0.02629	0.03326	0.03369	0.00634	0.00634
CTT	TTT	CT	1.41864	0.01415	0.02649	-1.41864	0.05847	0.02649	0.00498	0.00498
CTC	TTC	CT	1.72099	0.07826	0.16402	-1.72099	0.43747	0.16402	0.03084	0.03084
CTC	CTT	CT	-0.24390	0.07826	0.06910	0.24390	0.06132	0.06910	0.06910	0.06910
CTA	TTA	CT	-1.06973	0.01157	0.00647	1.06973	0.00397	0.00647	0.00647	0.00647
CTA	CTT	AT	1.51007	0.00163	0.00316	-1.51007	0.00739	0.00316	0.00316	0.00316
CTA	CTC	AC	1.75397	0.00707	0.01500	-1.75397	0.04086	0.01500	0.01500	0.01500
CTG	TTG	CT	-1.67288	0.23652	0.09143	1.67288	0.04440	0.09143	0.09143	0.09143
CTG	CTT	GT	-1.68419	0.03336	0.01281	1.68419	0.00619	0.01281	0.01281	0.01281
CTG	CTC	GC	-1.44029	0.14456	0.06462	1.44029	0.03424	0.06462	0.06462	0.06462
CTG	CTA	GA	-3.19426	0.87549	0.11955	3.19426	0.03589	0.11955	0.11955	0.11955
CCT	TCT	CT	0.45005	0.01840	0.02285	-0.45005	0.02886	0.02285	0.00430	0.00430
CCT	CTT	CT	1.20382	0.01840	0.03164	-1.20382	0.06132	0.03164	0.00595	0.00595
CCC	TCC	CT	0.69279	0.06802	0.09428	-0.69279	0.13599	0.09428	0.01773	0.01773
CCC	CTC	CT	1.60642	0.06802	0.13668	-1.60642	0.33906	0.13668	0.02570	0.02570
CCC	CCT	CT	0.15871	0.06802	0.07356	-0.15871	0.07972	0.07356	0.07356	0.07356
CCA	TCA	CT	1.16694	0.01931	0.03273	-1.16694	0.06204	0.03273	0.00615	0.00615
CCA	CTA	CT	0.95392	0.01931	0.02997	-0.95392	0.05014	0.02997	0.00564	0.00564
CCA	CCT	AT	1.26017	0.00272	0.00479	-1.26017	0.00961	0.00479	0.00479	0.00479
CCA	CCC	AC	1.10146	0.01180	0.01948	-1.10146	0.03551	0.01948	0.01948	0.01948
CCG	TCG	CT	1.28701	0.02639	0.04692	-1.28701	0.09559	0.04692	0.00882	0.00882
CCG	CTG	CT	3.65919	0.02639	0.09912	-3.65919	1.02477	0.09912	0.01864	0.01864
CCG	CCT	GT	0.77118	0.00372	0.00534	-0.77118	0.00805	0.00534	0.00534	0.00534
CCG	CCC	GC	0.61248	0.01613	0.02157	-0.61248	0.02976	0.02157	0.02157	0.02157
CCG	CCA	GA	-0.48899	0.09769	0.07574	0.48899	0.05991	0.07574	0.07574	0.07574
CAT	TAT	CT	1.79340	0.00516	0.01110	-1.79340	0.03102	0.01110	0.00209	0.00209
CAT	CTT	AT	2.31741	0.00073	0.00187	-2.31741	0.00739	0.00187	0.00035	0.00035
CAT	CCT	AC	1.11359	0.00315	0.00523	-1.11359	0.00961	0.00523	0.00098	0.00098
CAC	TAC	CT	1.28846	0.05420	0.09641	-1.28846	0.19658	0.09641	0.01813	0.01813
CAC	CTC	AT	1.67612	0.00765	0.01576	-1.67612	0.04086	0.01576	0.00296	0.00296
CAC	CCC	AC	0.06969	0.03312	0.03429	-0.06969	0.03551	0.03429	0.00645	0.00645
CAC	CAT	CT	-0.88519	0.05420	0.03370	0.88519	0.02236	0.03370	0.03370	0.03370
CAA	CTA	AT	2.29198	0.00061	0.00156	-2.29198	0.00604	0.00156	0.00029	0.00029
CAA	CCA	AC	1.33806	0.00265	0.00480	-1.33806	0.01008	0.00480	0.00090	0.00090
CAA	CAT	AT	1.48464	0.00061	0.00117	-1.48464	0.00270	0.00117	0.00022	0.00022
CAA	CAC	AC	2.36983	0.00265	0.00692	-2.36983	0.02830	0.00692	0.00130	0.00130
CAG	CTG	AT	2.08977	0.01528	0.03644	-2.08977	0.12350	0.03644	0.00685	0.00685
CAG	CCG	AC	-1.56943	0.06620	0.02731	1.56943	0.01378	0.02731	0.00514	0.00514
CAG	CAT	GT	-1.91183	0.01528	0.00507	1.91183	0.00226	0.00507	0.00095	0.00095
CAG	CAC	GC	-1.02664	0.06620	0.03793	1.02664	0.02371	0.03793	0.00713	0.00713
CAG	CAA	GA	-3.39647	0.40092	0.04719	3.39647	0.01343	0.04719	0.04719	0.04719
CGT	TGT	CT	1.20996	0.01215	0.02096	-1.20996	0.04076	0.02096	0.00394	0.00394
CGT	CTT	GT	1.28411	0.00171	0.00304	-1.28411	0.00619	0.00304	0.00057	0.00057
CGT	CCT	GC	0.08029	0.00743	0.00773	-0.08029	0.00805	0.00773	0.00145	0.00145
CGT	CAT	GA	-1.03329	0.04499	0.02568	1.03329	0.01601	0.02568	0.00483	0.00483
CGC	TGC	CT	1.87110	0.05070	0.11213	-1.87110	0.32932	0.11213	0.02109	0.02109
CGC	CTC	GT	1.56598	0.00715	0.01416	-1.56598	0.03424	0.01416	0.00266	0.00266
CGC	CCC	GC	-0.04044	0.03099	0.03036	0.04044	0.02976	0.03036	0.00571	0.00571
CGC	CAC	GA	-0.11013	0.18767	0.17753	0.11013	0.16810	0.17753	0.03338	0.03338
CGC	CGT	CT	0.03797	0.05070	0.05167	-0.03797	0.05266	0.05167	0.05167	0.05167
CGA	CTA	GT	2.48288	0.00042	0.00115	-2.48288	0.00506	0.00115	0.00022	0.00022
CGA	CCA	GC	1.52896	0.00183	0.00358	-1.52896	0.00845	0.00358	0.00067	0.00067
CGA	CAA	GA	0.19090	0.01109	0.01219	-0.19090	0.01343	0.01219	0.00229	0.00229
CGA	CGT	AT	2.70883	0.00042	0.00123	-2.70883	0.00635	0.00123	0.00123	0.00123
CGA	CGC	AC	2.67086	0.00183	0.00526	-2.67086	0.02647	0.00526	0.00526	0.00526
CGG	TGG	CT	1.83507	0.03863	0.08435	-1.83507	0.24203	0.08435	0.01586	0.01586
CGG	CTG	GT	2.94395	0.00545	0.01693	-2.94395	0.10348	0.01693	0.00318	0.00318
CGG	CCG	GC	-0.71524	0.02361	0.01616	0.71524	0.01155	0.01616	0.00304	0.00304
CGG	CAG	GA	0.85418	0.14299	0.21265	-0.85418	0.33594	0.21265	0.03999	0.03999
CGG	CGT	GT	-0.02436	0.00545	0.00538	0.02436	0.00532	0.00538	0.00538	0.00538
CGG	CGC	GC	-0.06233	0.02361	0.02288	0.06233	0.02218	0.02288	0.02288	0.02288
CGG	CGA	GA	-2.73319	0.14299	0.02717	2.73319	0.00930	0.02717	0.02717	0.02717
ATT	TTT	AT	2.22262	0.00076	0.00190	-2.22262	0.00705	0.00190	0.00036	0.00036
ATT	CTT	AC	0.80397	0.00331	0.00481	-0.80397	0.00739	0.00481	0.00091	0.00091
ATC	TTC	AT	2.44073	0.00459	0.01228	-2.44073	0.05272	0.01228	0.00231	0.00231
ATC	CTC	AC	0.71973	0.01989	0.02791	-0.71973	0.04086	0.02791	0.00525	0.00525
ATC	ATT	CT	-0.32814	0.03255	0.02750	0.32814	0.02345	0.02750	0.02750	0.02750
ATA	TTA	AT	0.44921	0.00031	0.00038	-0.44921	0.00048	0.00038	0.00007	0.00007
ATA	CTA	AC	1.51894	0.00132	0.00257	-1.51894	0.00604	0.00257	0.00048	0.00048
ATA	ATT	AT	2.22504	0.00031	0.00076	-2.22504	0.00283	0.00076	0.00076	0.00076
ATA	ATC	AC	2.55317	0.00132	0.00366	-2.55317	0.01700	0.00366	0.00366	0.00366
ATG	TTG	AT	-0.22580	0.00671	0.00598	0.22580	0.00535	0.00598	0.00112	0.00112
ATG	CTG	AC	1.44708	0.02905	0.05498	-1.44708	0.12350	0.05498	0.01034	0.01034
ATG	ATT	GT	-1.04108	0.00671	0.00381	1.04108	0.00237	0.00381	0.00072	0.00072
ATG	ATC	GC	-0.71294	0.02905	0.01992	0.71294	0.01424	0.01992	0.00375	0.00375
ATG	ATA	GA	-3.26612	0.17596	0.02280	3.26612	0.00671	0.02280	0.00429	0.00429
ACT	TCT	AT	1.81957	0.00056	0.00122	-1.81957	0.00348	0.00122	0.00023	0.00023
ACT	CCT	AC	1.36952	0.00244	0.00449	-1.36952	0.00961	0.00449	0.00084	0.00084
ACT	ATT	CT	1.76937	0.00400	0.00852	-1.76937	0.02345	0.00852	0.00160	0.00160
ACC	TCC	AT	1.04658	0.00575	0.00928	-1.04658	0.01639	0.00928	0.00175	0.00175
ACC	CCC	AC	0.35380	0.02493	0.02960	-0.35380	0.03551	0.02960	0.00557	0.00557
ACC	ATC	CT	1.24049	0.04079	0.07120	-1.24049	0.14104	0.07120	0.01339	0.01339
ACC	ACT	CT	-0.85702	0.04079	0.02578	0.85702	0.01731	0.02578	0.02578	0.02578
ACA	TCA	AT	0.95907	0.00287	0.00446	-0.95907	0.00748	0.00446	0.00084	0.00084
ACA	CCA	AC	-0.20787	0.01242	0.01117	0.20787	0.01008	0.01117	0.00210	0.00210
ACA	ATA	CT	-0.77289	0.02031	0.01346	0.77289	0.00938	0.01346	0.00253	0.00253
ACA	ACT	AT	-0.31722	0.00287	0.00243	0.31722	0.00209	0.00243	0.00243	0.00243
ACA	ACC	AC	0.53980	0.01242	0.01607	-0.53980	0.02130	0.01607	0.01607	0.01607
ACG	TCG	AT	1.03340	0.00410	0.00657	-1.03340	0.01152	0.00657	0.00124	0.00124
ACG	CCG	AC	-0.25361	0.01776	0.01560	0.25361	0.01378	0.01560	0.00293	0.00293
ACG	ATG	CT	1.95850	0.02906	0.06625	-1.95850	0.20596	0.06625	0.01246	0.01246
ACG	ACT	GT	-0.85195	0.00410	0.00260	0.85195	0.00175	0.00260	0.00260	0.00260
ACG	ACC	GC	0.00507	0.01776	0.01780	-0.00507	0.01785	0.01780	0.01780	0.01780
ACG	ACA	GA	-0.53473	0.10755	0.08134	0.53473	0.06301	0.08134	0.08134	0.08134
AAT	TAT	AT	1.45903	0.00087	0.00165	-1.45903	0.00374	0.00165	0.00031	0.00031
AAT	CAT	AC	-0.33437	0.00377	0.00317	0.33437	0.00270	0.00317	0.00060	0.00060
AAT	ATT	AT	1.17907	0.00087	0.00148	-1.17907	0.00283	0.00148	0.00028	0.00028
AAT	ACT	AC	-0.59030	0.00377	0.00276	0.59030	0.00209	0.00276	0.00052	0.00052
AAC	TAC	AT	1.12642	0.00768	0.01280	-1.12642	0.02369	0.01280	0.00241	0.00241
AAC	CAC	AC	-0.16204	0.03328	0.03065	0.16204	0.02830	0.03065	0.00576	0.00576
AAC	ATC	AT	0.79435	0.00768	0.01113	-0.79435	0.01700	0.01113	0.00209	0.00209
AAC	ACC	AC	-0.44614	0.03328	0.02640	0.44614	0.02130	0.02640	0.00497	0.00497
AAC	AAT	CT	-0.71286	0.05445	0.03733	0.71286	0.02669	0.03733	0.03733	0.03733
AAA	CAA	AC	0.21029	0.00183	0.00203	-0.21029	0.00226	0.00203	0.00038	0.00038
AAA	ATA	AT	0.98332	0.00042	0.00066	-0.98332	0.00113	0.00066	0.00012	0.00012
AAA	ACA	AC	1.75621	0.00183	0.00389	-1.75621	0.01061	0.00389	0.00073	0.00073
AAA	AAT	AT	2.02929	0.00042	0.00099	-2.02929	0.00322	0.00099	0.00019	0.00019
AAA	AAC	AC	2.74215	0.00183	0.00537	-2.74215	0.02843	0.00537	0.00101	0.00101
AAG	CAG	AC	0.83758	0.02447	0.03614	-0.83758	0.05655	0.03614	0.00680	0.00680
AAG	ATG	AT	1.48027	0.00565	0.01083	-1.48027	0.02482	0.01083	0.00204	0.00204
AAG	ACG	AC	-0.47823	0.02447	0.01909	0.47823	0.01517	0.01909	0.00359	0.00359
AAG	AAT	GT	-0.73988	0.00565	0.00381	0.73988	0.00270	0.00381	0.00072	0.00072
AAG	AAC	GC	-0.02702	0.02447	0.02414	0.02702	0.02382	0.02414	0.00454	0.00454
AAG	AAA	GA	-2.76917	0.14823	0.02746	2.76917	0.00930	0.02746	0.02746	0.02746
AGT	TGT	AT	1.35400	0.00127	0.00232	-1.35400	0.00491	0.00232	0.00044	0.00044
AGT	CGT	AC	0.14404	0.00550	0.00590	-0.14404	0.00635	0.00590	0.00111	0.00111
AGT	ATT	GT	0.62418	0.00127	0.00171	-0.62418	0.00237	0.00171	0.00032	0.00032
AGT	ACT	GC	-1.14519	0.00550	0.00294	1.14519	0.00175	0.00294	0.00055	0.00055
AGT	AAT	GA	-0.55489	0.03328	0.02490	0.55489	0.01911	0.02490	0.00468	0.00468
AGC	TGC	AT	1.16135	0.01242	0.02101	-1.16135	0.03969	0.02101	0.00395	0.00395
AGC	CGC	AC	-0.70976	0.05383	0.03697	0.70976	0.02647	0.03697	0.00695	0.00695
AGC	ATC	GT	0.13649	0.01242	0.01329	-0.13649	0.01424	0.01329	0.00250	0.00250
AGC	ACC	GC	-1.10399	0.05383	0.02948	1.10399	0.01785	0.02948	0.00554	0.00554
AGC	AAC	GA	-0.65785	0.32604	0.23047	0.65785	0.16887	0.23047	0.04334	0.04334
AGC	AGT	CT	-0.81582	0.08808	0.05698	0.81582	0.03896	0.05698	0.05698	0.05698
AGA	CGA	AC	1.02819	0.00056	0.00090	-1.02819	0.00156	0.00090	0.00090	0.00090
AGA	ATA	GT	1.99212	0.00013	0.00030	-1.99212	0.00095	0.00030	0.00006	0.00006
AGA	ACA	GC	2.76501	0.00056	0.00165	-2.76501	0.00889	0.00165	0.00031	0.00031
AGA	AAA	GA	1.00880	0.00339	0.00538	-1.00880	0.00930	0.00538	0.00101	0.00101
AGA	AGT	AT	3.59298	0.00013	0.00048	-3.59298	0.00469	0.00048	0.00009	0.00009
AGA	AGC	AC	4.40880	0.00056	0.00250	-4.40880	0.04599	0.00250	0.00047	0.00047
AGG	TGG	AT	2.13393	0.00345	0.00836	-2.13393	0.02917	0.00836	0.00157	0.00157
AGG	CGG	AC	0.29887	0.01496	0.01731	-0.29887	0.02017	0.01731	0.01731	0.01731
AGG	ATG	GT	1.79573	0.00345	0.00743	-1.79573	0.02080	0.00743	0.00140	0.00140
AGG	ACG	GC	-0.16277	0.01496	0.01377	0.16277	0.01271	0.01377	0.00259	0.00259
AGG	AAG	GA	0.31546	0.09060	0.10564	-0.31546	0.12420	0.10564	0.01987	0.01987
AGG	AGT	GT	0.13047	0.00345	0.00368	-0.13047	0.00393	0.00368	0.00069	0.00069
AGG	AGC	GC	0.94629	0.01496	0.02314	-0.94629	0.03854	0.02314	0.00435	0.00435
AGG	AGA	GA	-3.46251	0.09060	0.01015	3.46251	0.00284	0.01015	0.01015	0.01015
GTT	TTT	GT	2.45898	0.00050	0.00136	-2.45898	0.00590	0.00136	0.00026	0.00026
GTT	CTT	GC	1.04034	0.00219	0.00352	-1.04034	0.00619	0.00352	0.00066	0.00066
GTT	ATT	GA	0.23636	0.01325	0.01488	-0.23636	0.01678	0.01488	0.00280	0.00280
GTC	TTC	GT	2.16187	0.00509	0.01242	-2.16187	0.04418	0.01242	0.00234	0.00234
GTC	CTC	GC	0.44088	0.02203	0.02724	-0.44088	0.03424	0.02724	0.00512	0.00512
GTC	ATC	GA	-0.27885	0.13343	0.11569	0.27885	0.10096	0.11569	0.02176	0.02176
GTC	GTT	CT	-0.84335	0.03605	0.02296	0.84335	0.01551	0.02296	0.02296	0.02296
GTA	TTA	GT	-0.02487	0.00041	0.00041	0.02487	0.00040	0.00041	0.00008	0.00008
GTA	CTA	GC	1.04486	0.00178	0.00287	-1.04486	0.00506	0.00287	0.00054	0.00054
GTA	ATA	GA	-0.47407	0.01079	0.00843	0.47407	0.00671	0.00843	0.00159	0.00159
GTA	GTT	AT	1.51460	0.00041	0.00080	-1.51460	0.00187	0.00080	0.00080	0.00080
GTA	GTC	AC	2.35795	0.00178	0.00464	-2.35795	0.01882	0.00464	0.00464	0.00464
GTG	TTG	GT	-1.49889	0.02007	0.00865	1.49889	0.00448	0.00865	0.00163	0.00163
GTG	CTG	GC	0.17399	0.08696	0.09474	-0.17399	0.10348	0.09474	0.01782	0.01782
GTG	ATG	GA	-1.27310	0.52665	0.26069	1.27310	0.14744	0.26069	0.04902	0.04902
GTG	GTT	GT	-2.55054	0.02007	0.00433	2.55054	0.00157	0.00433	0.00433	0.00433
GTG	GTC	GC	-1.70719	0.08696	0.03289	1.70719	0.01577	0.03289	0.03289	0.03289
GTG	GTA	GA	-4.06514	0.52665	0.03738	4.06514	0.00904	0.03738	0.03738	0.03738
GCT	TCT	GT	-0.32669	0.00404	0.00342	0.32669	0.00291	0.00342	0.00064	0.00064
GCT	CCT	GC	-0.77674	0.01750	0.01158	0.77674	0.00805	0.01158	0.00218	0.00218
GCT	ACT	GA	-2.14626	0.10601	0.03012	2.14626	0.01239	0.03012	0.00566	0.00566
GCT	GTT	CT	-0.61326	0.02864	0.02075	0.61326	0.01551	0.02075	0.00390	0.00390
GCC	TCC	GT	-0.38417	0.02016	0.01654	0.38417	0.01373	0.01654	0.00311	0.00311
GCC	CCC	GC	-1.07696	0.08736	0.04861	1.07696	0.02976	0.04861	0.00914	0.00914
GCC	ACC	GA	-1.43075	0.52911	0.23792	1.43075	0.12653	0.23792	0.04474	0.04474
GCC	GTC	CT	0.08859	0.14294	0.14937	-0.08859	0.15619	0.14937	0.02809	0.02809
GCC	GCT	CT	-0.14151	0.14294	0.13307	0.14151	0.12408	0.13307	0.13307	0.13307
GCA	TCA	GT	0.81136	0.00278	0.00406	-0.81136	0.00627	0.00406	0.00076	0.00076
GCA	CCA	GC	-0.35558	0.01206	0.01004	0.35558	0.00845	0.01004	0.00189	0.00189
GCA	ACA	GA	-0.14771	0.07303	0.06777	0.14771	0.06301	0.06777	0.01274	0.01274
GCA	GTA	CT	-0.44653	0.01973	0.01565	0.44653	0.01262	0.01565	0.00294	0.00294
GCA	GCT	AT	1.68133	0.00278	0.00575	-1.68133	0.01495	0.00575	0.00575	0.00575
GCA	GCC	AC	1.82284	0.01206	0.02622	-1.82284	0.07464	0.02622	0.02622	0.02622
GCG	TCG	GT	0.95275	0.00372	0.00577	-0.95275	0.00965	0.00577	0.00109	0.00109
GCG	CCG	GC	-0.33426	0.01613	0.01358	0.33426	0.01155	0.01358	0.00255	0.00255
GCG	ACG	GA	-0.08065	0.09769	0.09380	0.08065	0.09012	0.09380	0.01764	0.01764
GCG	GTG	CT	3.15095	0.02639	0.08688	-3.15095	0.61645	0.08688	0.01634	0.01634
GCG	GCT	GT	1.21366	0.00372	0.00643	-1.21366	0.01253	0.00643	0.00643	0.00643
GCG	GCC	GC	1.35517	0.01613	0.02945	-1.35517	0.06254	0.02945	0.02945	0.02945
GCG	GCA	GA	-0.46766	0.09769	0.07662	0.46766	0.06120	0.07662	0.07662	0.07662
GAT	TAT	GT	0.95154	0.00121	0.00188	-0.95154	0.00313	0.00188	0.00035	0.00035
GAT	CAT	GC	-0.84186	0.00524	0.00334	0.84186	0.00226	0.00334	0.00063	0.00063
GAT	AAT	GA	-0.50749	0.03174	0.02437	0.50749	0.01911	0.02437	0.00458	0.00458
GAT	GTT	AT	0.43522	0.00121	0.00149	-0.43522	0.00187	0.00149	0.00028	0.00028
GAT	GCT	AC	1.04847	0.00524	0.00846	-1.04847	0.01495	0.00846	0.00159	0.00159
GAC	TAC	GT	0.76958	0.00920	0.01318	-0.76958	0.01985	0.01318	0.00248	0.00248
GAC	CAC	GC	-0.51888	0.03984	0.03039	0.51888	0.02371	0.03039	0.00572	0.00572
GAC	AAC	GA	-0.35685	0.24129	0.20079	0.35685	0.16887	0.20079	0.03776	0.03776
GAC	GTC	AT	0.71635	0.00920	0.01288	-0.71635	0.01882	0.01288	0.00242	0.00242
GAC	GCC	AC	0.62776	0.03984	0.05365	-0.62776	0.07464	0.05365	0.01009	0.01009
GAC	GAT	CT	-0.56222	0.06519	0.04857	0.56222	0.03715	0.04857	0.04857	0.04857
GAA	CAA	GC	-0.25422	0.00244	0.00215	0.25422	0.00189	0.00215	0.00040	0.00040
GAA	AAA	GA	-0.46450	0.01479	0.01162	0.46450	0.00930	0.01162	0.00219	0.00219
GAA	GTA	AT	0.99289	0.00056	0.00089	-0.99289	0.00152	0.00089	0.00017	0.00017
GAA	GCA	AC	1.43942	0.00244	0.00461	-1.43942	0.01030	0.00461	0.00087	0.00087
GAA	GAT	AT	2.07227	0.00056	0.00134	-2.07227	0.00448	0.00134	0.00025	0.00025
GAA	GAC	AC	2.63449	0.00244	0.00693	-2.63449	0.03404	0.00693	0.00130	0.00130
GAG	CAG	GC	-0.10456	0.05261	0.04991	0.10456	0.04739	0.04991	0.00939	0.00939
GAG	AAG	GA	-0.94215	0.31864	0.19177	0.94215	0.12420	0.19177	0.03606	0.03606
GAG	GTG	AT	1.81122	0.01214	0.02629	-1.81122	0.07429	0.02629	0.00494	0.00494
GAG	GCG	AC	-1.33973	0.05261	0.02501	1.33973	0.01378	0.02501	0.00470	0.00470
GAG	GAT	GT	-1.17454	0.01214	0.00638	1.17454	0.00375	0.00638	0.00120	0.00120
GAG	GAC	GC	-0.61232	0.05261	0.03814	0.61232	0.02852	0.03814	0.00717	0.00717
GAG	GAA	GA	-3.24681	0.31864	0.04187	3.24681	0.01239	0.04187	0.04187	0.04187
GGT	TGT	GT	1.16796	0.00128	0.00217	-1.16796	0.00412	0.00217	0.00041	0.00041
GGT	CGT	GC	-0.04200	0.00555	0.00543	0.04200	0.00532	0.00543	0.00102	0.00102
GGT	AGT	GA	-0.18604	0.03359	0.03056	0.18604	0.02789	0.03056	0.00575	0.00575
GGT	GTT	GT	0.20177	0.00128	0.00141	-0.20177	0.00157	0.00141	0.00027	0.00027
GGT	GCT	GC	0.81503	0.00555	0.00811	-0.81503	0.01253	0.00811	0.00153	0.00153
GGT	GAT	GA	-0.23344	0.03359	0.02982	0.23344	0.02660	0.02982	0.00561	0.00561
GGC	TGC	GT	0.77164	0.01537	0.02206	-0.77164	0.03326	0.02206	0.00415	0.00415
GGC	CGC	GC	-1.09946	0.06660	0.03657	1.09946	0.02218	0.03657	0.00688	0.00688
GGC	AGC	GA	-0.38971	0.40338	0.32988	0.38971	0.27319	0.32988	0.06203	0.06203
GGC	GTC	GT	0.02564	0.01537	0.01557	-0.02564	0.01577	0.01557	0.00293	0.00293
GGC	GCC	GC	-0.06295	0.06660	0.06453	0.06295	0.06254	0.06453	0.01213	0.01213
GGC	GAC	GA	-0.69071	0.40338	0.27998	0.69071	0.20218	0.27998	0.05265	0.05265
GGC	GGT	CT	-1.01949	0.10898	0.06271	1.01949	0.03932	0.06271	0.06271	0.06271
GGA	CGA	GC	-0.82828	0.00300	0.00193	0.82828	0.00131	0.00193	0.00036	0.00036
GGA	AGA	GA	-1.85646	0.01818	0.00625	1.85646	0.00284	0.00625	0.00118	0.00118
GGA	GTA	GT	0.60973	0.00069	0.00093	-0.60973	0.00127	0.00093	0.00017	0.00017
GGA	GCA	GC	1.05626	0.00300	0.00486	-1.05626	0.00863	0.00486	0.00091	0.00091
GGA	GAA	GA	-0.38316	0.01818	0.01492	0.38316	0.01239	0.01492	0.00281	0.00281
GGA	GGT	AT	1.92256	0.00069	0.00156	-1.92256	0.00474	0.00156	0.00156	0.00156
GGA	GGC	AC	2.94204	0.00300	0.00932	-2.94204	0.05690	0.00932	0.00932	0.00932
GGG	TGG	GT	1.33991	0.00640	0.01162	-1.33991	0.02444	0.01162	0.00218	0.00218
GGG	CGG	GC	-0.49516	0.02773	0.02143	0.49516	0.01690	0.02143	0.00403	0.00403
GGG	AGG	GA	-0.79403	0.16795	0.11000	0.79403	0.07592	0.11000	0.02069	0.02069
GGG	GTG	GT	2.27480	0.00640	0.01623	-2.27480	0.06225	0.01623	0.00305	0.00305
GGG	GCG	GC	-0.87615	0.02773	0.01733	0.87615	0.01155	0.01733	0.00326	0.00326
GGG	GAG	GA	0.46358	0.16795	0.20987	-0.46358	0.26700	0.20987	0.03947	0.03947
GGG	GGT	GT	-0.47752	0.00640	0.00499	0.47752	0.00397	0.00499	0.00499	0.00499
GGG	GGC	GC	0.54197	0.02773	0.03592	-0.54197	0.04768	0.03592	0.03592	0.03592
GGG	GGA	GA	-2.40007	0.16795	0.04021	2.40007	0.01523	0.04021	0.04021	0.04021


Histograms
2Ns	FMut	FSub(CodonUsage)	FSubw(after w)

-4.32828	0.00403	0.00029	0.00014
-3.89545	0.02178	0.00217	0.00570
-3.46262	0.08226	0.01268	0.01858
-3.02980	0.06744	0.01331	0.02256
-2.59697	0.04651	0.01345	0.02120
-2.16414	0.03288	0.01351	0.00741
-1.73131	0.08978	0.04682	0.04631
-1.29848	0.10805	0.07313	0.05242
-0.86566	0.13152	0.12003	0.09141
-0.43283	0.11536	0.12880	0.15307
0.00000	0.10840	0.15163	0.16241
0.43283	0.07462	0.12880	0.15307
0.86566	0.05908	0.12003	0.09141
1.29848	0.02911	0.07313	0.05242
1.73131	0.01590	0.04682	0.04631
2.16414	0.00404	0.01351	0.00741
2.59697	0.00341	0.01345	0.02120
3.02980	0.00289	0.01331	0.02256
3.46262	0.00253	0.01268	0.01858
3.89545	0.00037	0.00217	0.00570
4.32828	0.00005	0.00029	0.00014

Proportion of advantageous (S > 0) mutations:
 0.24330

Proportions of good & bad mutations (|S| > 2.0000) among mutations:
0.01183  0.24465

mean |Ns| = 1.44634	mean Ns+ = 0.76718	mean Ns- = -1.66471

