

TREE # 1

  0  0.0000  13688.187115  x:  0.24563   0.00945   0.23122   0.04579   0.12611   0.06551   0.06047   0.05645   0.08661   0.02525   0.02646   0.00256   0.10337   0.07854   0.11389   0.08760   0.00818   0.00455   0.05419   0.03408   0.01581   0.01017   0.04348   0.04664   0.04553   0.05701   0.00788   0.02222   0.00974   0.00000   0.01199   0.01013   0.00706   0.00721   0.00932   0.00782   0.00699   0.01095   0.01394   0.01041   0.00475   0.00715   0.01069   0.00560   0.01247   0.01572   0.00931   0.00604   0.01082   0.02299   0.01921   0.02809   0.03429   0.09033   0.02056   0.01406   0.01034   0.02769   0.00156   0.00700   0.01782   0.01933   0.00502   0.01415   0.01119   0.00704   0.00343   1.17658   1.16959   1.05374   0.98310   1.12692   0.93588  
  1 99.0000  13685.053271  x:  0.24563   0.00964   0.23124   0.04586   0.12611   0.06550   0.06046   0.05647   0.08661   0.02526   0.02643   0.00296   0.10337   0.07858   0.11394   0.08761   0.00810   0.00459   0.05420   0.03404   0.01573   0.01011   0.04350   0.04664   0.04556   0.05701   0.00784   0.02223   0.00956   0.00379   0.01195   0.01012   0.00688   0.00717   0.00924   0.00777   0.00689   0.01088   0.01383   0.01027   0.00475   0.00711   0.01065   0.00555   0.01248   0.01565   0.00917   0.00591   0.01075   0.02296   0.01918   0.02807   0.03427   0.09034   0.02049   0.01399   0.01030   0.02767   0.00151   0.00697   0.01784   0.01928   0.00488   0.01406   0.01112   0.00695   0.00334   1.17671   1.16958   1.05376   0.98310   1.12680   0.93588  
  2 14812.4660  13650.089370  x:  0.24575   0.01522   0.23194   0.04788   0.12618   0.06526   0.06013   0.05709   0.08676   0.02544   0.02542   0.01386   0.10333   0.07968   0.11538   0.08790   0.00582   0.00599   0.05463   0.03283   0.01317   0.00816   0.04424   0.04673   0.04647   0.05728   0.00684   0.02212   0.00341   0.00367   0.01075   0.00974   0.00136   0.00602   0.00688   0.00620   0.00367   0.00859   0.01059   0.00592   0.00473   0.00604   0.00928   0.00425   0.01281   0.01331   0.00509   0.00191   0.00858   0.02196   0.01831   0.02758   0.03365   0.09063   0.01842   0.01161   0.00903   0.02702   0.00012   0.00602   0.01838   0.01777   0.00036   0.01158   0.00879   0.00416   0.00063   1.18083   1.16919   1.05431   0.98307   1.12299   0.93583  
  3 2755.6415  13648.068890  x:  0.24576   0.01578   0.23201   0.04809   0.12619   0.06523   0.06010   0.05715   0.08677   0.02546   0.02532   0.01490   0.10332   0.07979   0.11553   0.08793   0.00559   0.00612   0.05468   0.03270   0.01290   0.00797   0.04432   0.04674   0.04657   0.05731   0.00674   0.02211   0.00275   0.00366   0.01063   0.00970   0.00082   0.00591   0.00664   0.00605   0.00337   0.00836   0.01025   0.00547   0.00472   0.00594   0.00915   0.00413   0.01284   0.01307   0.00468   0.00155   0.00836   0.02186   0.01822   0.02753   0.03358   0.09066   0.01820   0.01137   0.00890   0.02695   0.00066   0.00593   0.01843   0.01762   0.00007   0.01133   0.00856   0.00390   0.00049   1.18127   1.16915   1.05437   0.98307   1.12259   0.93583  
  4 22800.1216  13645.193033  x:  0.24577   0.01658   0.23212   0.04839   0.12620   0.06519   0.06005   0.05724   0.08678   0.02550   0.02516   0.01626   0.10331   0.07996   0.11575   0.08798   0.00526   0.00628   0.05474   0.03252   0.01252   0.00770   0.04443   0.04675   0.04671   0.05735   0.00661   0.02209   0.00177   0.00365   0.01046   0.00965   0.00020   0.00577   0.00632   0.00585   0.00297   0.00804   0.00977   0.00484   0.00472   0.00580   0.00896   0.00397   0.01289   0.01273   0.00410   0.00115   0.00805   0.02171   0.01809   0.02745   0.03349   0.09071   0.01789   0.01102   0.00872   0.02685   0.00101   0.00581   0.01852   0.01741   0.00079   0.01096   0.00823   0.00358   0.00058   1.18192   1.16909   1.05446   0.98307   1.12198   0.93582  
  5 13271.5447  13640.245098  x:  0.24580   0.01790   0.23232   0.04893   0.12622   0.06513   0.05995   0.05738   0.08680   0.02556   0.02488   0.01828   0.10329   0.08025   0.11615   0.08806   0.00471   0.00651   0.05486   0.03219   0.01188   0.00727   0.04463   0.04678   0.04696   0.05742   0.00642   0.02208   0.00000   0.00363   0.01019   0.00956   0.00127   0.00556   0.00582   0.00555   0.00245   0.00752   0.00897   0.00381   0.00472   0.00561   0.00865   0.00378   0.01296   0.01215   0.00321   0.00095   0.00756   0.02145   0.01787   0.02732   0.03333   0.09079   0.01735   0.01043   0.00844   0.02667   0.00140   0.00565   0.01866   0.01704   0.00133   0.01035   0.00770   0.00318   0.00119   1.18311   1.16898   1.05462   0.98306   1.12088   0.93581  
  6 8966.3184  13635.487153  x:  0.24586   0.02092   0.23293   0.05042   0.12626   0.06496   0.05963   0.05772   0.08679   0.02577   0.02406   0.02083   0.10316   0.08106   0.11732   0.08830   0.00351   0.00657   0.05518   0.03128   0.01028   0.00657   0.04524   0.04690   0.04771   0.05765   0.00625   0.02212   0.00000   0.00361   0.00966   0.00943   0.00091   0.00548   0.00515   0.00534   0.00323   0.00657   0.00706   0.00208   0.00473   0.00552   0.00810   0.00399   0.01313   0.01074   0.00229   0.00568   0.00665   0.02075   0.01732   0.02694   0.03288   0.09105   0.01591   0.00906   0.00790   0.02617   0.00155   0.00558   0.01899   0.01611   0.00120   0.00894   0.00669   0.00363   0.00321   1.18695   1.16862   1.05513   0.98305   1.11730   0.93577  
  7 2960.2441  13625.104250  x:  0.24598   0.02839   0.23506   0.05500   0.12638   0.06444   0.05852   0.05858   0.08661   0.02652   0.02151   0.02232   0.10264   0.08367   0.12118   0.08906   0.00200   0.00555   0.05616   0.02853   0.00679   0.00637   0.04720   0.04739   0.05009   0.05847   0.00675   0.02241   0.00000   0.00362   0.00896   0.00933   0.00145   0.00632   0.00583   0.00629   0.00569   0.00596   0.00387   0.00754   0.00479   0.00629   0.00755   0.00573   0.01345   0.00764   0.00721   0.00649   0.00600   0.01885   0.01593   0.02574   0.03150   0.09194   0.01210   0.00641   0.00717   0.02479   0.00192   0.00627   0.01981   0.01360   0.00178   0.00661   0.00585   0.00512   0.00214   1.20067   1.16732   1.05697   0.98299   1.10446   0.93562  
  8 1802.1740  13586.879437  x:  0.24628   0.05281   0.24434   0.07268   0.12677   0.06240   0.05389   0.06161   0.08555   0.02946   0.01284   0.01642   0.10019   0.09431   0.13740   0.09229   0.00852   0.00293   0.05991   0.01910   0.00665   0.00902   0.05501   0.04975   0.05960   0.06186   0.00852   0.02368   0.00000   0.00376   0.00895   0.00962   0.00116   0.00753   0.00826   0.00788   0.00582   0.00921   0.01676   0.00571   0.00466   0.00747   0.00832   0.00827   0.01399   0.00489   0.00640   0.00502   0.00898   0.01355   0.01240   0.02130   0.02684   0.09575   0.00403   0.00782   0.00798   0.02005   0.00170   0.00730   0.02197   0.00834   0.00143   0.00746   0.00921   0.00712   0.00304   1.26340   1.16134   1.06537   0.98274   1.04526   0.93494  
  9 2854.7799  13534.408394  x:  0.24650   0.08902   0.25995   0.10008   0.12733   0.05938   0.04691   0.06607   0.08389   0.03363   0.00679   0.00367   0.09611   0.11134   0.16394   0.09720   0.01054   0.00843   0.06590   0.00898   0.00899   0.00977   0.06620   0.05294   0.07421   0.06712   0.00905   0.02533   0.00000   0.00402   0.00922   0.00986   0.00145   0.00760   0.00889   0.00818   0.00622   0.00985   0.02138   0.00482   0.00485   0.00748   0.00882   0.01007   0.01427   0.01114   0.00604   0.00466   0.00966   0.01100   0.01090   0.01572   0.02128   0.10193   0.02580   0.00920   0.00900   0.01564   0.00161   0.00729   0.02402   0.01030   0.00163   0.00891   0.00982   0.00748   0.00072   1.37383   1.15074   1.08018   0.98235   0.94004   0.93374  
 10 9166.6450  13494.153100  x:  0.24636   0.10302   0.26756   0.11183   0.12753   0.05837   0.04455   0.06777   0.08333   0.03496   0.01514   0.00000   0.09434   0.11899   0.17640   0.09917   0.01082   0.00687   0.06836   0.01526   0.01074   0.00986   0.07014   0.05403   0.08024   0.06932   0.00871   0.02573   0.00000   0.00412   0.00985   0.00997   0.00014   0.00726   0.00892   0.00789   0.00594   0.01002   0.02212   0.00672   0.00476   0.00715   0.00930   0.00933   0.01390   0.01228   0.00689   0.00278   0.00989   0.01453   0.01309   0.01527   0.02132   0.10468   0.02884   0.01038   0.00990   0.01691   0.00102   0.00698   0.02384   0.01331   0.00020   0.01015   0.01004   0.00722   0.00650   1.43266   1.14501   1.08809   0.98219   0.88297   0.93309  
 11 10455.2822  13441.252446  x:  0.24588   0.11957   0.27915   0.12803   0.12779   0.05735   0.04196   0.07000   0.08276   0.03599   0.02739   0.00502   0.09200   0.13010   0.19489   0.10174   0.01267   0.00251   0.07146   0.02635   0.01567   0.01095   0.07485   0.05534   0.08834   0.07233   0.00830   0.02610   0.00000   0.00418   0.01162   0.01030   0.00214   0.00697   0.00981   0.00777   0.00761   0.01164   0.02606   0.00894   0.00459   0.00688   0.01084   0.00750   0.01289   0.01509   0.00856   0.00786   0.01155   0.02127   0.01759   0.01637   0.02335   0.10861   0.03183   0.01433   0.01193   0.02104   0.00222   0.00673   0.02245   0.01864   0.00237   0.01449   0.01188   0.00705   0.00000   1.52763   1.13569   1.10087   0.98196   0.78982   0.93203  
 12 24401.0563  13426.517137  x:  0.24546   0.12879   0.28683   0.13819   0.12795   0.05683   0.04057   0.07138   0.08247   0.03626   0.03268   0.01339   0.09059   0.13729   0.20699   0.10329   0.01455   0.00000   0.07327   0.03189   0.01984   0.01226   0.07758   0.05611   0.09332   0.07424   0.00826   0.02630   0.00000   0.00416   0.01312   0.01061   0.00267   0.00705   0.01115   0.00807   0.00943   0.01348   0.02972   0.01243   0.00454   0.00694   0.01225   0.00631   0.01210   0.01820   0.01159   0.01080   0.01337   0.02542   0.02054   0.01756   0.02510   0.11114   0.03572   0.01779   0.01349   0.02421   0.00286   0.00677   0.02116   0.02221   0.00302   0.01853   0.01388   0.00654   0.00055   1.59234   1.12931   1.10958   0.98182   0.72602   0.93131  
 13 73002.0626  13407.991121  x:  0.24453   0.13889   0.29839   0.15200   0.12811   0.05672   0.03981   0.07285   0.08211   0.03556   0.04000   0.02403   0.08869   0.14730   0.22479   0.10509   0.01758   0.01599   0.07533   0.04118   0.02542   0.01418   0.08041   0.05680   0.09969   0.07659   0.00824   0.02621   0.00000   0.00417   0.01508   0.01094   0.00350   0.00743   0.01320   0.00868   0.01218   0.01630   0.03567   0.01811   0.00456   0.00734   0.01412   0.00433   0.01097   0.02110   0.01655   0.01544   0.01611   0.03137   0.02469   0.02063   0.02912   0.11460   0.03577   0.02266   0.01544   0.02973   0.00384   0.00711   0.01854   0.02629   0.00403   0.02423   0.01697   0.00637   0.00115   1.69635   1.11895   1.12358   0.98166   0.62219   0.93014  
 14 33447.0321  13184.469933  x:  0.23819   0.10673   0.32330   0.15961   0.12708   0.06657   0.05771   0.06693   0.08217   0.01743   0.02313   0.01722   0.08798   0.15611   0.25738   0.10015   0.00912   0.01361   0.06751   0.04212   0.02793   0.00694   0.06437   0.04940   0.09538   0.07281   0.00433   0.01963   0.00000   0.00467   0.00982   0.00758   0.00311   0.00516   0.00609   0.00370   0.00552   0.01075   0.03484   0.01957   0.00654   0.00565   0.00812   0.00532   0.01492   0.02269   0.01750   0.01618   0.01060   0.03121   0.02313   0.03727   0.04768   0.11640   0.02848   0.02282   0.00760   0.04235   0.00336   0.00552   0.00878   0.02321   0.00361   0.02733   0.01216   0.00170   0.00102   2.02799   1.08416   1.16781   0.98257   0.27128   0.92626  
 15 7675.4317  13170.375014  x:  0.23767   0.10071   0.32549   0.15877   0.12710   0.06705   0.05830   0.06641   0.08254   0.01935   0.02315   0.01832   0.08843   0.15593   0.25982   0.09935   0.00778   0.01341   0.06650   0.04185   0.02728   0.00818   0.06217   0.04895   0.09383   0.07198   0.00789   0.02032   0.00000   0.00471   0.01105   0.00951   0.00292   0.00660   0.00732   0.00839   0.00507   0.01024   0.03267   0.01724   0.00476   0.00645   0.00944   0.00376   0.01377   0.02242   0.01517   0.01390   0.01015   0.03084   0.02292   0.03735   0.04789   0.11617   0.02886   0.02182   0.00858   0.04245   0.00320   0.00637   0.01496   0.02296   0.00336   0.02654   0.01133   0.01008   0.00099   2.06547   1.07997   1.17252   0.98304   0.23445   0.92580  
 16 6821.6871  13157.309777  x:  0.23800   0.09151   0.32659   0.15561   0.12758   0.06568   0.05481   0.06671   0.08352   0.02778   0.02640   0.01898   0.08977   0.15389   0.26012   0.09868   0.00831   0.01355   0.06602   0.04015   0.02457   0.01231   0.06084   0.05012   0.09117   0.07084   0.00788   0.02359   0.00000   0.00473   0.01446   0.01120   0.00293   0.00754   0.01152   0.00664   0.01038   0.01231   0.02820   0.01427   0.00425   0.00789   0.01216   0.00570   0.01050   0.02061   0.01258   0.01261   0.01225   0.02929   0.02260   0.03297   0.04332   0.11539   0.02872   0.01933   0.01217   0.03883   0.00312   0.00746   0.01864   0.02246   0.00328   0.02369   0.01236   0.00265   0.00100   2.09886   1.07563   1.17590   0.98443   0.21536   0.92536  
 17 1760.8510  13146.021369  x:  0.23928   0.08002   0.32805   0.15172   0.12854   0.06307   0.04837   0.06800   0.08477   0.03279   0.02947   0.02053   0.09155   0.15126   0.26033   0.09856   0.01141   0.01360   0.06651   0.03807   0.02197   0.01273   0.06103   0.05254   0.08843   0.07018   0.00385   0.02564   0.00000   0.00473   0.01466   0.00872   0.00286   0.00508   0.01144   0.00387   0.01187   0.01480   0.02429   0.01306   0.00795   0.00564   0.01230   0.00257   0.01200   0.01893   0.01194   0.01139   0.01471   0.02797   0.02283   0.02611   0.03562   0.11455   0.02855   0.01787   0.01311   0.03349   0.00307   0.00530   0.01311   0.02228   0.00322   0.02146   0.01482   0.00738   0.00100   2.14010   1.06984   1.17940   0.98689   0.20916   0.92480  
 18 1489.7529  13132.226514  x:  0.24153   0.06492   0.33043   0.14684   0.12999   0.05986   0.04034   0.07010   0.08627   0.03425   0.03293   0.02252   0.09372   0.14793   0.26099   0.09890   0.01518   0.01383   0.06778   0.03681   0.01954   0.00997   0.06210   0.05557   0.08534   0.06994   0.00801   0.02603   0.00000   0.00475   0.01244   0.00670   0.00277   0.00569   0.00784   0.01003   0.00979   0.01610   0.02010   0.01138   0.00717   0.00483   0.01127   0.00654   0.01498   0.01769   0.01125   0.01106   0.01614   0.02742   0.02366   0.01876   0.02664   0.11364   0.02809   0.01729   0.01205   0.02757   0.00299   0.00545   0.00681   0.02280   0.00314   0.01935   0.01686   0.00675   0.00102   2.19972   1.06130   1.18421   0.99072   0.20873   0.92397  
 19 3360.9210  13110.362803  x:  0.24554   0.04243   0.33463   0.13997   0.13234   0.05599   0.03065   0.07350   0.08817   0.03156   0.03538   0.02394   0.09660   0.14320   0.26255   0.09999   0.02045   0.01399   0.07024   0.03498   0.01703   0.00527   0.06450   0.05963   0.08157   0.07042   0.00710   0.02475   0.00000   0.00480   0.00802   0.00842   0.00267   0.00630   0.00320   0.00957   0.00506   0.01658   0.01569   0.01144   0.00482   0.00710   0.00823   0.00500   0.01825   0.01638   0.01260   0.01235   0.01673   0.02716   0.02445   0.01211   0.01725   0.11252   0.02643   0.01773   0.00943   0.02117   0.00293   0.00644   0.01571   0.02332   0.00302   0.01745   0.01890   0.00415   0.00104   2.29674   1.04725   1.19183   0.99718   0.21562   0.92263  
 20 5456.6256  13078.391637  x:  0.25183   0.01603   0.34075   0.13156   0.13564   0.05294   0.02447   0.07827   0.09023   0.02647   0.03621   0.02456   0.09989   0.13700   0.26507   0.10206   0.02342   0.01351   0.07393   0.03146   0.01294   0.00829   0.06826   0.06393   0.07766   0.07201   0.00860   0.02274   0.00000   0.00488   0.00790   0.01010   0.00235   0.00684   0.01611   0.00780   0.00061   0.01315   0.00834   0.00788   0.00318   0.00621   0.00734   0.00476   0.01892   0.01420   0.01043   0.01145   0.01355   0.02610   0.02362   0.01360   0.01664   0.11120   0.02463   0.01626   0.00816   0.01720   0.00265   0.00652   0.01684   0.02254   0.00268   0.01350   0.01716   0.00422   0.00101   2.43607   1.02673   1.20243   1.00687   0.23313   0.92068  
 21 6580.5525  13064.599213  x:  0.25585   0.00000   0.34458   0.12626   0.13770   0.05135   0.02160   0.08121   0.09145   0.02273   0.03650   0.02489   0.10189   0.13307   0.26660   0.10336   0.02504   0.01317   0.07619   0.02944   0.01077   0.00901   0.07054   0.06641   0.07523   0.07300   0.00972   0.02126   0.00000   0.00493   0.00761   0.01089   0.00220   0.00697   0.02137   0.00731   0.00515   0.01060   0.00470   0.00473   0.00270   0.00563   0.00665   0.00439   0.01948   0.01301   0.00792   0.00884   0.01115   0.02550   0.02301   0.01485   0.01693   0.11037   0.02344   0.01547   0.00723   0.01538   0.00244   0.00643   0.01772   0.02203   0.00244   0.01123   0.01566   0.00465   0.00098   2.52412   1.01372   1.20910   1.01303   0.24478   0.91944  
 22 44714.1804  13064.599213  x:  0.25585   0.00000   0.34458   0.12626   0.13770   0.05135   0.02160   0.08121   0.09145   0.02273   0.03650   0.02489   0.10189   0.13307   0.26660   0.10336   0.02504   0.01317   0.07619   0.02944   0.01077   0.00901   0.07054   0.06641   0.07523   0.07300   0.00972   0.02126   0.00000   0.00493   0.00761   0.01089   0.00220   0.00697   0.02137   0.00731   0.00515   0.01060   0.00470   0.00473   0.00270   0.00563   0.00665   0.00439   0.01948   0.01301   0.00792   0.00884   0.01115   0.02550   0.02301   0.01485   0.01693   0.11037   0.02344   0.01547   0.00723   0.01538   0.00244   0.00643   0.01772   0.02203   0.00244   0.01123   0.01566   0.00465   0.00098   2.52412   1.01372   1.20910   1.01303   0.24478   0.91944  
 23 6884.3715  13038.063419  x:  0.25602   0.00214   0.34389   0.12492   0.13756   0.05314   0.02697   0.08050   0.09127   0.02319   0.03497   0.02311   0.10183   0.13197   0.26529   0.10293   0.02205   0.01091   0.07532   0.02896   0.01031   0.00813   0.06911   0.06521   0.07436   0.07246   0.00865   0.02155   0.00000   0.00191   0.00891   0.01033   0.00014   0.00629   0.01814   0.00646   0.00376   0.00917   0.00696   0.00366   0.00594   0.00598   0.00738   0.00457   0.01818   0.01206   0.00544   0.00554   0.00961   0.02452   0.02178   0.01692   0.02058   0.10994   0.02166   0.01361   0.00817   0.01813   0.00018   0.00612   0.01820   0.02060   0.00060   0.01032   0.01326   0.00428   0.00451   2.52453   1.01336   1.20894   1.01335   0.24660   0.91942  
 24 2693.6748  13028.360001  x:  0.25611   0.00318   0.34354   0.12423   0.13749   0.05402   0.02959   0.08015   0.09117   0.02343   0.03420   0.02222   0.10181   0.13141   0.26463   0.10270   0.02054   0.00979   0.07488   0.02873   0.01009   0.00771   0.06840   0.06460   0.07392   0.07218   0.00812   0.02170   0.00000   0.00050   0.00952   0.01006   0.00113   0.00598   0.01652   0.00606   0.00313   0.00847   0.00796   0.00318   0.00731   0.00613   0.00772   0.00466   0.01753   0.01160   0.00424   0.00392   0.00886   0.02403   0.02116   0.01793   0.02233   0.10972   0.02078   0.01269   0.00861   0.01946   0.00059   0.00598   0.01844   0.01989   0.00000   0.00988   0.01207   0.00409   0.00592   2.52474   1.01318   1.20885   1.01352   0.24751   0.91941  
 25 19541.6883  13024.342186  x:  0.25615   0.00371   0.34335   0.12386   0.13746   0.05448   0.03092   0.07996   0.09112   0.02355   0.03379   0.02174   0.10179   0.13111   0.26427   0.10258   0.01974   0.00920   0.07464   0.02860   0.00997   0.00750   0.06801   0.06428   0.07369   0.07204   0.00786   0.02177   0.00000   0.00009   0.00981   0.00993   0.00139   0.00583   0.01566   0.00587   0.00286   0.00812   0.00842   0.00297   0.00791   0.00620   0.00788   0.00469   0.01719   0.01136   0.00365   0.00309   0.00847   0.02377   0.02084   0.01844   0.02322   0.10961   0.02031   0.01221   0.00881   0.02013   0.00078   0.00591   0.01857   0.01952   0.00080   0.00968   0.01145   0.00398   0.00650   2.52486   1.01308   1.20881   1.01361   0.24800   0.91940  
 26 20889.5334  13015.215354  x:  0.25629   0.00531   0.34278   0.12275   0.13734   0.05585   0.03494   0.07938   0.09097   0.02391   0.03256   0.02030   0.10175   0.13021   0.26318   0.10222   0.01731   0.00743   0.07394   0.02823   0.00964   0.00688   0.06686   0.06331   0.07297   0.07159   0.00707   0.02199   0.00000   0.00120   0.01067   0.00952   0.00215   0.00540   0.01307   0.00531   0.00208   0.00708   0.00976   0.00239   0.00965   0.00640   0.00837   0.00480   0.01618   0.01065   0.00192   0.00065   0.00733   0.02300   0.01988   0.01999   0.02587   0.10926   0.01891   0.01078   0.00941   0.02214   0.00137   0.00572   0.01896   0.01840   0.00242   0.00906   0.00959   0.00366   0.00819   2.52520   1.01278   1.20868   1.01387   0.24948   0.91938  
 27 41499.7384  12999.649172  x:  0.25666   0.00909   0.34103   0.11934   0.13697   0.05936   0.04442   0.07768   0.09056   0.02489   0.02907   0.01623   0.10165   0.12753   0.25988   0.10116   0.01025   0.00307   0.07187   0.02732   0.00904   0.00595   0.06353   0.06051   0.07083   0.07027   0.00552   0.02250   0.00000   0.00220   0.01195   0.00879   0.00256   0.00504   0.00590   0.00480   0.00382   0.00521   0.01102   0.00350   0.01056   0.00648   0.00913   0.00487   0.01358   0.00911   0.00264   0.00778   0.00516   0.02097   0.01741   0.02361   0.03159   0.10823   0.01521   0.00738   0.01009   0.02647   0.00252   0.00558   0.01983   0.01544   0.00398   0.00790   0.00509   0.00258   0.00836   2.52623   1.01189   1.20828   1.01468   0.25376   0.91931  
 28 4504.8113  12984.395174  x:  0.25705   0.01195   0.33869   0.11483   0.13643   0.06246   0.05168   0.07559   0.09011   0.02579   0.02531   0.01189   0.10157   0.12416   0.25549   0.09988   0.00243   0.00364   0.06942   0.02685   0.00926   0.00708   0.05974   0.05734   0.06811   0.06859   0.00620   0.02279   0.00000   0.00179   0.01133   0.00905   0.00206   0.00629   0.00172   0.00644   0.00417   0.00714   0.00871   0.00427   0.00623   0.00586   0.00890   0.00468   0.01182   0.00899   0.00551   0.00514   0.00695   0.01928   0.01566   0.02607   0.03483   0.10697   0.01241   0.00689   0.00906   0.02872   0.00195   0.00607   0.02028   0.01316   0.00321   0.00812   0.00580   0.00309   0.00282   2.52760   1.01071   1.20777   1.01573   0.25891   0.91923  
 29 2168.0538  12980.641616  x:  0.25719   0.01295   0.33777   0.11308   0.13622   0.06355   0.05424   0.07480   0.08996   0.02611   0.02399   0.01043   0.10155   0.12288   0.25378   0.09941   0.00024   0.00374   0.06849   0.02673   0.00931   0.00726   0.05835   0.05621   0.06708   0.06796   0.00630   0.02288   0.00000   0.00170   0.01113   0.00911   0.00189   0.00645   0.00378   0.00662   0.00431   0.00736   0.00801   0.00438   0.00490   0.00575   0.00883   0.00465   0.01134   0.00897   0.00574   0.00479   0.00715   0.01874   0.01513   0.02690   0.03593   0.10649   0.01163   0.00684   0.00874   0.02945   0.00188   0.00614   0.02042   0.01254   0.00303   0.00822   0.00582   0.00330   0.00129   2.52814   1.01025   1.20757   1.01613   0.26085   0.91920  
 30 3964.4052  12975.027352  x:  0.25754   0.01490   0.33534   0.10845   0.13567   0.06583   0.05927   0.07282   0.08961   0.02679   0.02115   0.00755   0.10155   0.11959   0.24923   0.09832   0.00383   0.00486   0.06612   0.02678   0.00954   0.00756   0.05503   0.05373   0.06447   0.06635   0.00671   0.02300   0.00000   0.00165   0.01026   0.00940   0.00167   0.00650   0.00502   0.00664   0.00465   0.00760   0.00599   0.00441   0.00190   0.00568   0.00841   0.00459   0.01096   0.00934   0.00550   0.00473   0.00749   0.01787   0.01451   0.02831   0.03753   0.10527   0.01091   0.00771   0.00776   0.03027   0.00198   0.00622   0.02055   0.01199   0.00290   0.00875   0.00650   0.00444   0.00119   2.52957   1.00903   1.20705   1.01721   0.26574   0.91911  
 31 2029.0718  12970.003789  x:  0.25797   0.01641   0.33183   0.10185   0.13489   0.06800   0.06332   0.07020   0.08925   0.02745   0.01845   0.00571   0.10163   0.11511   0.24268   0.09684   0.00503   0.00677   0.06308   0.02706   0.01002   0.00812   0.05088   0.05062   0.06095   0.06419   0.00763   0.02294   0.00000   0.00184   0.00865   0.00998   0.00192   0.00664   0.00574   0.00678   0.00505   0.00839   0.00370   0.00458   0.00608   0.00572   0.00759   0.00448   0.01171   0.01035   0.00568   0.00548   0.00843   0.01758   0.01483   0.02893   0.03748   0.10363   0.01182   0.00964   0.00633   0.02956   0.00215   0.00633   0.02036   0.01277   0.00324   0.00972   0.00834   0.00490   0.00137   2.53165   1.00727   1.20631   1.01875   0.27224   0.91899  
 32 2204.3737  12960.305562  x:  0.25891   0.01805   0.32319   0.08598   0.13306   0.07112   0.06786   0.06453   0.08872   0.02840   0.01596   0.00801   0.10205   0.10489   0.22659   0.09359   0.00410   0.00839   0.05671   0.02785   0.01059   0.00823   0.04253   0.04447   0.05320   0.05952   0.00862   0.02255   0.00000   0.00204   0.00687   0.01066   0.00229   0.00619   0.00538   0.00624   0.00446   0.00865   0.01073   0.00397   0.00516   0.00599   0.00663   0.00442   0.01467   0.01206   0.00465   0.00677   0.00903   0.01871   0.01720   0.02829   0.03405   0.09993   0.01588   0.01220   0.00582   0.02534   0.00205   0.00611   0.01944   0.01624   0.00357   0.01083   0.01006   0.00312   0.00214   2.53682   1.00289   1.20454   1.02252   0.28675   0.91868  
 33 2140.9805  12951.914901  x:  0.25971   0.01838   0.31514   0.07204   0.13153   0.07207   0.06800   0.06034   0.08846   0.02864   0.01832   0.01172   0.10251   0.09648   0.21157   0.09123   0.00386   0.00656   0.05263   0.02840   0.01005   0.00716   0.03820   0.04137   0.04771   0.05637   0.00758   0.02229   0.00000   0.00178   0.01034   0.00998   0.00165   0.00589   0.00463   0.00585   0.00394   0.00709   0.00682   0.00414   0.00461   0.00585   0.00823   0.00447   0.01565   0.01150   0.00365   0.00599   0.00740   0.02013   0.01852   0.02663   0.02975   0.09698   0.01723   0.01086   0.00860   0.02166   0.00228   0.00597   0.01886   0.01744   0.00305   0.00995   0.00796   0.00467   0.00049   2.54182   0.99868   1.20290   1.02609   0.29848   0.91838  
 34 1855.1345  12950.565696  x:  0.25991   0.01840   0.31297   0.06844   0.13114   0.07217   0.06768   0.05934   0.08841   0.02864   0.01904   0.01250   0.10262   0.09436   0.20753   0.09067   0.00319   0.00617   0.05175   0.02851   0.00993   0.00709   0.03743   0.04079   0.04646   0.05566   0.00736   0.02223   0.00000   0.00177   0.01092   0.00983   0.00169   0.00602   0.00469   0.00602   0.00405   0.00703   0.00549   0.00431   0.00403   0.00576   0.00850   0.00444   0.01568   0.01128   0.00407   0.00576   0.00726   0.02042   0.01870   0.02615   0.02861   0.09625   0.01727   0.01038   0.00903   0.02083   0.00230   0.00602   0.01876   0.01751   0.00307   0.00967   0.00754   0.00495   0.00207   2.54320   0.99753   1.20246   1.02706   0.30147   0.91829  
 35 4756.6302  12946.340581  x:  0.26048   0.01857   0.30696   0.06005   0.13030   0.07134   0.06501   0.05787   0.08833   0.02809   0.02130   0.01271   0.10288   0.08981   0.19630   0.08989   0.00463   0.00520   0.05142   0.02854   0.00959   0.00759   0.03912   0.04184   0.04527   0.05512   0.00640   0.02222   0.00000   0.00173   0.00955   0.00942   0.00255   0.00646   0.00538   0.00658   0.00506   0.00766   0.00589   0.00397   0.00482   0.00600   0.00801   0.00430   0.01396   0.00985   0.00572   0.00471   0.00733   0.02029   0.01773   0.02530   0.02723   0.09478   0.01501   0.00792   0.00775   0.02155   0.00097   0.00622   0.01915   0.01574   0.00312   0.00866   0.00644   0.00229   0.00195   2.54732   0.99410   1.20122   1.02987   0.30819   0.91805  
 36 1194.6824  12943.770742  x:  0.26094   0.01889   0.30205   0.05413   0.12972   0.07034   0.06231   0.05724   0.08832   0.02749   0.02267   0.01240   0.10307   0.08675   0.18717   0.08954   0.00478   0.00520   0.05190   0.02845   0.00951   0.00780   0.04140   0.04330   0.04518   0.05521   0.00631   0.02229   0.00000   0.00165   0.00828   0.00935   0.00103   0.00640   0.00548   0.00652   0.00498   0.00788   0.00723   0.00390   0.00543   0.00608   0.00768   0.00452   0.01261   0.00921   0.00567   0.00461   0.00747   0.01998   0.01680   0.02489   0.02692   0.09382   0.01327   0.00715   0.00675   0.02283   0.00310   0.00621   0.01954   0.01425   0.00285   0.00845   0.00656   0.00388   0.00195   2.55084   0.99118   1.20020   1.03223   0.31304   0.91783  
 37 2039.5379  12940.820430  x:  0.26152   0.01984   0.29597   0.04858   0.12920   0.06886   0.05887   0.05731   0.08835   0.02671   0.02321   0.01140   0.10327   0.08404   0.17591   0.08949   0.00389   0.00600   0.05334   0.02821   0.00970   0.00739   0.04475   0.04553   0.04626   0.05599   0.00717   0.02251   0.00000   0.00176   0.00818   0.00963   0.00235   0.00576   0.00496   0.00571   0.00384   0.00722   0.00743   0.00424   0.00514   0.00590   0.00797   0.00499   0.01181   0.00966   0.00359   0.00572   0.00733   0.01943   0.01586   0.02501   0.02800   0.09302   0.01233   0.00889   0.00704   0.02485   0.00131   0.00590   0.01994   0.01323   0.00314   0.00919   0.00758   0.00516   0.00201   2.55551   0.98733   1.19890   1.03529   0.31817   0.91755  
 38 1524.0964  12938.665931  x:  0.26203   0.02145   0.29080   0.04620   0.12897   0.06774   0.05668   0.05818   0.08844   0.02627   0.02220   0.01046   0.10340   0.08293   0.16647   0.08978   0.00356   0.00616   0.05491   0.02799   0.00993   0.00697   0.04708   0.04722   0.04807   0.05704   0.00747   0.02274   0.00000   0.00170   0.00934   0.00988   0.00139   0.00578   0.00475   0.00570   0.00401   0.00671   0.00665   0.00380   0.00472   0.00589   0.00827   0.00465   0.01268   0.01064   0.00354   0.00560   0.00711   0.01908   0.01585   0.02572   0.03003   0.09272   0.01353   0.01037   0.00809   0.02617   0.00259   0.00594   0.02001   0.01404   0.00295   0.00980   0.00764   0.00265   0.00213   2.55988   0.98374   1.19773   1.03810   0.32172   0.91729  
 39 1112.1638  12936.771574  x:  0.26262   0.02392   0.28488   0.04612   0.12892   0.06679   0.05532   0.05983   0.08861   0.02623   0.02018   0.01033   0.10353   0.08296   0.15591   0.09032   0.00380   0.00524   0.05659   0.02785   0.00993   0.00711   0.04850   0.04844   0.05055   0.05839   0.00674   0.02286   0.00000   0.00173   0.01017   0.00980   0.00190   0.00629   0.00503   0.00636   0.00491   0.00710   0.00718   0.00387   0.00483   0.00610   0.00810   0.00403   0.01436   0.01113   0.00547   0.00501   0.00703   0.01908   0.01676   0.02674   0.03233   0.09275   0.01563   0.00996   0.00837   0.02656   0.00195   0.00614   0.01973   0.01580   0.00305   0.00973   0.00656   0.00455   0.00196   2.56543   0.97920   1.19632   1.04158   0.32494   0.91696  
 40 1040.5240  12934.756230  x:  0.26324   0.02678   0.27815   0.04914   0.12911   0.06620   0.05511   0.06214   0.08885   0.02692   0.01875   0.01154   0.10365   0.08454   0.14446   0.09108   0.00364   0.00522   0.05787   0.02794   0.00960   0.00779   0.04813   0.04852   0.05321   0.05965   0.00640   0.02259   0.00000   0.00171   0.00919   0.00940   0.00180   0.00602   0.00491   0.00605   0.00383   0.00782   0.00615   0.00489   0.00448   0.00574   0.00777   0.00526   0.01489   0.01021   0.00384   0.00539   0.00756   0.01958   0.01790   0.02732   0.03320   0.09323   0.01609   0.00743   0.00687   0.02495   0.00198   0.00603   0.01919   0.01663   0.00298   0.00862   0.00706   0.00415   0.00192   2.57267   0.97331   1.19455   1.04603   0.32742   0.91653  
 41 806.9983  12932.801947  x:  0.26384   0.02913   0.27096   0.05409   0.12944   0.06606   0.05597   0.06439   0.08908   0.02795   0.01953   0.01258   0.10369   0.08726   0.13313   0.09186   0.00365   0.00606   0.05839   0.02821   0.00953   0.00724   0.04632   0.04756   0.05534   0.06048   0.00743   0.02225   0.00000   0.00173   0.00867   0.00947   0.00185   0.00587   0.00489   0.00581   0.00480   0.00696   0.00629   0.00301   0.00468   0.00604   0.00836   0.00421   0.01349   0.00909   0.00423   0.00543   0.00719   0.02008   0.01781   0.02702   0.03226   0.09409   0.01424   0.00851   0.00722   0.02262   0.00197   0.00597   0.01900   0.01541   0.00304   0.00869   0.00749   0.00419   0.00193   2.58155   0.96611   1.19246   1.05138   0.32891   0.91599  
 42 846.0902  12931.997016  x:  0.26408   0.02968   0.26743   0.05660   0.12961   0.06611   0.05656   0.06515   0.08912   0.02822   0.02049   0.01237   0.10366   0.08877   0.12823   0.09218   0.00402   0.00587   0.05826   0.02830   0.00975   0.00708   0.04529   0.04692   0.05592   0.06058   0.00729   0.02223   0.00000   0.00171   0.00909   0.00971   0.00176   0.00614   0.00510   0.00616   0.00447   0.00695   0.00693   0.00508   0.00500   0.00603   0.00828   0.00447   0.01279   0.00979   0.00465   0.00510   0.00711   0.02006   0.01725   0.02647   0.03121   0.09460   0.01344   0.00956   0.00781   0.02223   0.00212   0.00608   0.01918   0.01462   0.00302   0.00928   0.00717   0.00391   0.00199   2.58661   0.96202   1.19130   1.05438   0.32910   0.91569  
 43 908.1541  12931.082416  x:  0.26427   0.02899   0.26364   0.05890   0.12977   0.06627   0.05706   0.06520   0.08905   0.02779   0.02174   0.01097   0.10351   0.09046   0.12446   0.09237   0.00397   0.00501   0.05754   0.02826   0.01006   0.00759   0.04448   0.04621   0.05568   0.06016   0.00628   0.02247   0.00000   0.00173   0.00959   0.00990   0.00177   0.00622   0.00504   0.00630   0.00385   0.00781   0.00694   0.00370   0.00494   0.00576   0.00751   0.00508   0.01298   0.01143   0.00428   0.00547   0.00748   0.01961   0.01627   0.02534   0.02940   0.09523   0.01391   0.00963   0.00780   0.02355   0.00210   0.00612   0.01969   0.01438   0.00303   0.00985   0.00673   0.00399   0.00203   2.59353   0.95643   1.18978   1.05840   0.32830   0.91527  
 44 546.7659  12929.903093  x:  0.26444   0.02699   0.25865   0.06094   0.12995   0.06655   0.05762   0.06439   0.08889   0.02654   0.02256   0.00920   0.10323   0.09245   0.12147   0.09245   0.00368   0.00567   0.05623   0.02812   0.00984   0.00737   0.04426   0.04559   0.05450   0.05920   0.00696   0.02285   0.00000   0.00169   0.00946   0.00961   0.00179   0.00572   0.00485   0.00563   0.00509   0.00719   0.00699   0.00448   0.00473   0.00620   0.00796   0.00388   0.01394   0.01146   0.00376   0.00517   0.00719   0.01899   0.01569   0.02407   0.02774   0.09603   0.01524   0.00829   0.00748   0.02626   0.00200   0.00590   0.02020   0.01503   0.00296   0.00939   0.00720   0.00406   0.00203   2.60474   0.94739   1.18737   1.06484   0.32621   0.91459  
 45 666.0245  12928.216596  x:  0.26464   0.02397   0.25181   0.06227   0.13015   0.06700   0.05835   0.06256   0.08871   0.02492   0.02206   0.00925   0.10283   0.09454   0.11975   0.09240   0.00384   0.00624   0.05446   0.02790   0.00939   0.00665   0.04498   0.04540   0.05230   0.05781   0.00785   0.02309   0.00000   0.00175   0.00881   0.00936   0.00184   0.00625   0.00502   0.00633   0.00332   0.00614   0.00696   0.00414   0.00478   0.00580   0.00891   0.00571   0.01442   0.00946   0.00541   0.00535   0.00680   0.01874   0.01650   0.02386   0.02795   0.09695   0.01567   0.00858   0.00787   0.02868   0.00202   0.00611   0.02019   0.01573   0.00306   0.00862   0.00737   0.00403   0.00199   2.62299   0.93264   1.18348   1.07525   0.32253   0.91347  
 46 949.8212  12924.761825  x:  0.26509   0.01891   0.23854   0.06304   0.13052   0.06771   0.05912   0.05859   0.08845   0.02334   0.02005   0.01218   0.10210   0.09749   0.11930   0.09222   0.00380   0.00534   0.05177   0.02766   0.00962   0.00752   0.04717   0.04583   0.04814   0.05543   0.00677   0.02320   0.00000   0.00171   0.00859   0.00979   0.00175   0.00642   0.00498   0.00656   0.00554   0.00845   0.00653   0.00448   0.00471   0.00550   0.00861   0.00570   0.01375   0.00746   0.00366   0.00526   0.00759   0.01947   0.01854   0.02528   0.03067   0.09837   0.01442   0.01094   0.00855   0.02981   0.00212   0.00621   0.01933   0.01591   0.00301   0.00918   0.00683   0.00402   0.00201   2.66310   0.90019   1.17496   1.09807   0.31470   0.91102  
 47 1891.9590  12920.614646  x:  0.26571   0.01652   0.22474   0.06240   0.13091   0.06826   0.05929   0.05465   0.08823   0.02451   0.01864   0.01412   0.10137   0.09904   0.12156   0.09207   0.00379   0.00555   0.05040   0.02788   0.01002   0.00768   0.04930   0.04673   0.04488   0.05372   0.00623   0.02290   0.00000   0.00175   0.00944   0.00984   0.00177   0.00537   0.00499   0.00516   0.00352   0.00740   0.00611   0.00436   0.00468   0.00687   0.00766   0.00308   0.01272   0.01186   0.00510   0.00541   0.00737   0.02037   0.01904   0.02767   0.03359   0.09932   0.01291   0.00948   0.00703   0.02740   0.00214   0.00574   0.01851   0.01509   0.00307   0.00965   0.00741   0.00392   0.00197   2.71189   0.86064   1.16460   1.12575   0.30637   0.90802  
 48 2726.7562  12916.272428  x:  0.26654   0.01831   0.21167   0.06057   0.13132   0.06863   0.05884   0.05173   0.08805   0.02773   0.01925   0.01278   0.10074   0.09874   0.12648   0.09205   0.00378   0.00635   0.05082   0.02849   0.01008   0.00694   0.05033   0.04756   0.04353   0.05321   0.00811   0.02230   0.00000   0.00172   0.01019   0.00965   0.00189   0.00672   0.00497   0.00703   0.00642   0.00588   0.00687   0.00380   0.00488   0.00582   0.00796   0.00646   0.01287   0.01481   0.00410   0.00507   0.00696   0.02029   0.01724   0.02978   0.03481   0.09961   0.01368   0.00733   0.00654   0.02304   0.00196   0.00627   0.01877   0.01421   0.00305   0.00972   0.00761   0.00420   0.00198   2.76920   0.81412   1.15245   1.15817   0.29855   0.90447  
 49 3420.8003  12908.897136  x:  0.26792   0.02535   0.19631   0.05711   0.13198   0.06899   0.05801   0.05036   0.08804   0.03189   0.02171   0.00826   0.10022   0.09589   0.13602   0.09221   0.00383   0.00534   0.05342   0.02930   0.00916   0.00688   0.04936   0.04795   0.04472   0.05428   0.00822   0.02175   0.00000   0.00174   0.00808   0.00920   0.00180   0.00613   0.00500   0.00620   0.00388   0.00894   0.00717   0.00428   0.00483   0.00483   0.00852   0.00405   0.01437   0.01067   0.00399   0.00554   0.00713   0.01906   0.01401   0.03083   0.03335   0.09901   0.01648   0.00892   0.00852   0.01884   0.00209   0.00614   0.02033   0.01465   0.00306   0.00813   0.00641   0.00417   0.00191   2.85944   0.74078   1.13334   1.20907   0.28967   0.89887  
 50 4190.8654  12902.888753  x:  0.26901   0.03193   0.18930   0.05467   0.13261   0.06913   0.05775   0.05302   0.08852   0.03217   0.02233   0.00909   0.10051   0.09205   0.14434   0.09249   0.00358   0.00519   0.05621   0.02933   0.01018   0.00833   0.04619   0.04706   0.04804   0.05628   0.00518   0.02234   0.00000   0.00174   0.00959   0.01019   0.00181   0.00564   0.00485   0.00542   0.00436   0.00653   0.00679   0.00451   0.00451   0.00950   0.00747   0.00588   0.01428   0.00749   0.00477   0.00531   0.00793   0.01859   0.01599   0.02906   0.02986   0.09765   0.01590   0.01011   0.00727   0.02238   0.00206   0.00578   0.02085   0.01573   0.00304   0.01006   0.00840   0.00406   0.00194   2.93883   0.67630   1.11661   1.25360   0.28614   0.89390  
 51 3832.0933  12896.028373  x:  0.26996   0.03676   0.18797   0.05315   0.13332   0.06911   0.05785   0.05851   0.08938   0.02860   0.02075   0.01320   0.10145   0.08755   0.15224   0.09275   0.00412   0.00568   0.05854   0.02856   0.01029   0.00761   0.04220   0.04551   0.05225   0.05881   0.00829   0.02332   0.00000   0.00175   0.00953   0.01014   0.00179   0.00668   0.00513   0.00713   0.00407   0.00766   0.00657   0.00429   0.00484   0.00573   0.00818   0.00378   0.01306   0.01046   0.00402   0.00557   0.00739   0.01928   0.01966   0.02530   0.02646   0.09571   0.01302   0.00936   0.00689   0.02894   0.00210   0.00641   0.01999   0.01618   0.00306   0.01028   0.00678   0.00389   0.00201   3.02867   0.60362   1.09786   1.30365   0.28604   0.88823  
 52 4620.3883  12892.093761  x:  0.27003   0.03466   0.19411   0.05416   0.13354   0.06878   0.05781   0.06203   0.08979   0.02521   0.01970   0.01322   0.10232   0.08614   0.15390   0.09261   0.00414   0.00615   0.05794   0.02773   0.00927   0.00661   0.04172   0.04486   0.05326   0.05955   0.00673   0.02304   0.00000   0.00173   0.00789   0.00921   0.00181   0.00494   0.00512   0.00433   0.00556   0.00801   0.00650   0.00431   0.00492   0.00447   0.00752   0.00582   0.01284   0.01217   0.00549   0.00494   0.00733   0.02023   0.01835   0.02350   0.02781   0.09476   0.01350   0.00935   0.00945   0.02819   0.00210   0.00537   0.01880   0.01444   0.00307   0.00858   0.00770   0.00395   0.00195   3.08023   0.56272   1.08743   1.33184   0.28936   0.88492  
 53 2394.1880  12887.064853  x:  0.26982   0.02899   0.20648   0.05647   0.13366   0.06820   0.05775   0.06642   0.09023   0.02161   0.01913   0.01170   0.10363   0.08523   0.15431   0.09225   0.00406   0.00613   0.05611   0.02674   0.00883   0.00712   0.04251   0.04442   0.05367   0.05998   0.00600   0.02249   0.00000   0.00174   0.00756   0.00887   0.00181   0.00645   0.00504   0.00744   0.00467   0.00737   0.00665   0.00421   0.00487   0.00804   0.00790   0.00490   0.01308   0.01200   0.00392   0.00547   0.00729   0.02121   0.01521   0.02207   0.03085   0.09369   0.01483   0.00915   0.00988   0.02481   0.00207   0.00613   0.01772   0.01268   0.00310   0.00764   0.00792   0.00405   0.00196   3.15170   0.50685   1.07327   1.37050   0.29555   0.88030  
 54 4849.6133  12883.784991  x:  0.26949   0.02454   0.21650   0.05814   0.13356   0.06784   0.05793   0.06809   0.09032   0.02294   0.02037   0.01018   0.10437   0.08566   0.15327   0.09199   0.00407   0.00538   0.05480   0.02680   0.01023   0.00801   0.04399   0.04477   0.05324   0.05981   0.00741   0.02249   0.00000   0.00172   0.00991   0.01013   0.00180   0.00613   0.00503   0.00586   0.00432   0.00683   0.00706   0.00428   0.00491   0.00594   0.00834   0.00483   0.01333   0.00981   0.00441   0.00527   0.00758   0.02073   0.01473   0.02303   0.03233   0.09338   0.01474   0.00884   0.00694   0.02280   0.00205   0.00618   0.01862   0.01414   0.00304   0.01023   0.00694   0.00400   0.00200   3.19679   0.47275   1.06467   1.39444   0.29986   0.87736  
 55 3335.6844  12882.237823  x:  0.26917   0.02315   0.22337   0.05871   0.13324   0.06776   0.05828   0.06704   0.09009   0.02735   0.02193   0.01015   0.10450   0.08711   0.15149   0.09194   0.00383   0.00597   0.05472   0.02788   0.00995   0.00656   0.04533   0.04566   0.05238   0.05934   0.00655   0.02277   0.00000   0.00172   0.00899   0.00976   0.00180   0.00611   0.00493   0.00667   0.00448   0.00735   0.00683   0.00430   0.00476   0.00617   0.00735   0.00473   0.01345   0.01035   0.00417   0.00534   0.00689   0.01924   0.01704   0.02561   0.03160   0.09377   0.01396   0.00902   0.00768   0.02375   0.00204   0.00586   0.02028   0.01580   0.00302   0.00961   0.00731   0.00407   0.00197   3.21990   0.45746   1.06084   1.40600   0.30159   0.87580  
 56 1158.3154  12881.678321  x:  0.26899   0.02386   0.22676   0.05853   0.13296   0.06775   0.05836   0.06533   0.08981   0.02879   0.02162   0.01084   0.10433   0.08831   0.15018   0.09203   0.00395   0.00546   0.05522   0.02849   0.00955   0.00815   0.04578   0.04625   0.05181   0.05895   0.00713   0.02280   0.00000   0.00174   0.00883   0.00948   0.00180   0.00631   0.00503   0.00602   0.00453   0.00709   0.00687   0.00430   0.00482   0.00656   0.00842   0.00488   0.01350   0.01088   0.00424   0.00537   0.00779   0.01902   0.01720   0.02667   0.03054   0.09428   0.01430   0.00937   0.00824   0.02459   0.00207   0.00644   0.02027   0.01524   0.00305   0.00874   0.00732   0.00407   0.00198   3.22943   0.45303   1.05972   1.41021   0.30150   0.87512  
 57 570.4149  12880.846586  x:  0.26864   0.02658   0.23259   0.05760   0.13232   0.06772   0.05812   0.06113   0.08915   0.02908   0.01979   0.01191   0.10374   0.09074   0.14745   0.09236   0.00391   0.00565   0.05664   0.02914   0.00964   0.00749   0.04608   0.04714   0.05088   0.05811   0.00658   0.02275   0.00000   0.00172   0.00914   0.00980   0.00179   0.00601   0.00501   0.00662   0.00446   0.00703   0.00678   0.00435   0.00483   0.00595   0.00842   0.00462   0.01364   0.01030   0.00431   0.00531   0.00743   0.01968   0.01604   0.02725   0.02851   0.09548   0.01537   0.00948   0.00766   0.02538   0.00207   0.00557   0.01911   0.01366   0.00305   0.00926   0.00732   0.00399   0.00201   3.24493   0.44882   1.05861   1.41621   0.29996   0.87395  
 58 514.4618  12880.359799  x:  0.26838   0.02854   0.23620   0.05666   0.13191   0.06774   0.05784   0.05845   0.08872   0.02808   0.01947   0.01170   0.10323   0.09204   0.14555   0.09263   0.00386   0.00565   0.05744   0.02893   0.00997   0.00680   0.04580   0.04731   0.05057   0.05775   0.00702   0.02272   0.00000   0.00172   0.00905   0.00978   0.00179   0.00636   0.00497   0.00582   0.00441   0.00748   0.00669   0.00431   0.00479   0.00658   0.00767   0.00483   0.01346   0.01020   0.00429   0.00529   0.00706   0.02004   0.01599   0.02664   0.02839   0.09626   0.01476   0.00916   0.00793   0.02504   0.00204   0.00703   0.01886   0.01445   0.00303   0.00971   0.00713   0.00401   0.00199   3.25544   0.44777   1.05829   1.41978   0.29825   0.87313  
 59 501.5393  12879.756189  x:  0.26805   0.03074   0.24039   0.05522   0.13147   0.06786   0.05755   0.05572   0.08829   0.02644   0.02023   0.01100   0.10255   0.09316   0.14316   0.09299   0.00393   0.00552   0.05806   0.02820   0.00997   0.00770   0.04505   0.04703   0.05055   0.05758   0.00712   0.02271   0.00000   0.00173   0.00902   0.00958   0.00180   0.00603   0.00501   0.00644   0.00448   0.00704   0.00680   0.00429   0.00482   0.00636   0.00759   0.00477   0.01323   0.01047   0.00427   0.00533   0.00747   0.02006   0.01679   0.02539   0.02949   0.09710   0.01353   0.00911   0.00827   0.02419   0.00206   0.00581   0.01931   0.01599   0.00303   0.00944   0.00730   0.00404   0.00197   3.26950   0.44805   1.05823   1.42410   0.29558   0.87199  
 60 626.1595  12879.185530  x:  0.26772   0.03155   0.24351   0.05371   0.13132   0.06813   0.05750   0.05535   0.08829   0.02610   0.02161   0.01141   0.10205   0.09305   0.14120   0.09323   0.00394   0.00602   0.05768   0.02753   0.00946   0.00727   0.04419   0.04619   0.05105   0.05796   0.00605   0.02280   0.00000   0.00174   0.00914   0.00994   0.00181   0.00650   0.00501   0.00614   0.00458   0.00729   0.00683   0.00431   0.00479   0.00602   0.00876   0.00463   0.01339   0.01081   0.00430   0.00539   0.00747   0.01941   0.01766   0.02472   0.03105   0.09743   0.01417   0.00967   0.00685   0.02401   0.00207   0.00639   0.02011   0.01523   0.00306   0.00890   0.00747   0.00403   0.00195   3.28470   0.45074   1.05873   1.42815   0.29274   0.87072  
 61 408.6324  12877.992311  x:  0.26706   0.03136   0.24890   0.05087   0.13135   0.06873   0.05743   0.05725   0.08874   0.02718   0.02276   0.01266   0.10131   0.09149   0.13773   0.09350   0.00413   0.00572   0.05597   0.02701   0.01018   0.00736   0.04291   0.04445   0.05229   0.05911   0.00781   0.02305   0.00000   0.00175   0.00850   0.01014   0.00182   0.00562   0.00512   0.00641   0.00444   0.00792   0.00650   0.00434   0.00477   0.00685   0.00782   0.00485   0.01386   0.01052   0.00459   0.00538   0.00745   0.01856   0.01801   0.02476   0.03274   0.09748   0.01581   0.00889   0.00748   0.02446   0.00208   0.00592   0.02064   0.01321   0.00308   0.01011   0.00727   0.00400   0.00195   3.31920   0.45920   1.06041   1.43672   0.28712   0.86776  
 62 789.4958  12876.244198  x:  0.26630   0.03002   0.25520   0.04799   0.13162   0.06947   0.05733   0.06121   0.08950   0.02902   0.02134   0.01238   0.10068   0.08844   0.13392   0.09351   0.00415   0.00612   0.05370   0.02770   0.01017   0.00802   0.04238   0.04308   0.05355   0.06042   0.00695   0.02298   0.00000   0.00175   0.00885   0.00925   0.00183   0.00755   0.00511   0.00603   0.00434   0.00646   0.00670   0.00438   0.00488   0.00546   0.00631   0.00410   0.01359   0.00990   0.00426   0.00546   0.00773   0.01928   0.01631   0.02580   0.03183   0.09698   0.01521   0.00881   0.00824   0.02477   0.00205   0.00628   0.01965   0.01426   0.00308   0.00973   0.00788   0.00404   0.00195   3.37060   0.47345   1.06335   1.44904   0.28075   0.86331  
 63 1424.1453  12874.705529  x:  0.26584   0.02887   0.25993   0.04657   0.13192   0.06999   0.05749   0.06450   0.09010   0.02999   0.01929   0.01112   0.10050   0.08573   0.13154   0.09326   0.00408   0.00598   0.05241   0.02868   0.00972   0.00741   0.04269   0.04289   0.05409   0.06102   0.00683   0.02262   0.00000   0.00174   0.00936   0.00942   0.00181   0.00602   0.00506   0.00641   0.00450   0.00769   0.00690   0.00425   0.00487   0.00660   0.00844   0.00497   0.01318   0.01035   0.00436   0.00538   0.00740   0.02026   0.01527   0.02670   0.02982   0.09627   0.01362   0.00932   0.00742   0.02446   0.00206   0.00597   0.01868   0.01616   0.00306   0.00900   0.00728   0.00400   0.00195   3.41755   0.48718   1.06626   1.46009   0.27695   0.85921  
 64 2436.9535  12871.759536  x:  0.26604   0.02901   0.26483   0.04919   0.13241   0.07040   0.05974   0.06690   0.09051   0.02780   0.01858   0.00909   0.10184   0.08266   0.13197   0.09189   0.00364   0.00404   0.05420   0.02999   0.00953   0.00719   0.04553   0.04649   0.05212   0.05890   0.00641   0.02215   0.00000   0.00165   0.00717   0.01187   0.00173   0.00551   0.00473   0.00663   0.00460   0.00563   0.00648   0.00437   0.00456   0.00601   0.00850   0.00458   0.01355   0.01082   0.00396   0.00497   0.00736   0.02018   0.01886   0.02701   0.02705   0.09433   0.01396   0.00948   0.00748   0.02242   0.00198   0.00688   0.01987   0.01488   0.00289   0.00978   0.00660   0.00404   0.00189   3.50761   0.51585   1.07274   1.48057   0.27962   0.85118  
 65 1234.8240  12868.280480  x:  0.26661   0.02987   0.26991   0.05347   0.13292   0.07058   0.06286   0.06835   0.09081   0.02544   0.01988   0.00905   0.10396   0.08021   0.13403   0.09020   0.00379   0.00669   0.05722   0.03098   0.00984   0.00798   0.04873   0.05082   0.04932   0.05582   0.00687   0.02221   0.00000   0.00178   0.01039   0.01104   0.00184   0.00719   0.00503   0.00578   0.00421   0.00803   0.00726   0.00416   0.00484   0.00650   0.00816   0.00458   0.01369   0.01029   0.00417   0.00568   0.00718   0.01953   0.02075   0.02718   0.02590   0.09204   0.01446   0.00847   0.00859   0.02139   0.00210   0.00553   0.02116   0.01368   0.00311   0.00970   0.00730   0.00398   0.00202   3.62267   0.55296   1.08137   1.50650   0.28624   0.84087  
 66 5001.4352  12865.048720  x:  0.26740   0.03022   0.27310   0.05712   0.13307   0.06965   0.06347   0.06743   0.09075   0.02587   0.02270   0.01205   0.10592   0.08091   0.13754   0.08932   0.00381   0.00573   0.05952   0.03021   0.01032   0.00743   0.04939   0.05244   0.04786   0.05417   0.00744   0.02252   0.00000   0.00179   0.01036   0.00758   0.00185   0.00510   0.00509   0.00701   0.00447   0.00761   0.00682   0.00436   0.00470   0.00606   0.00712   0.00453   0.01377   0.01041   0.00446   0.00560   0.00798   0.01917   0.01731   0.02660   0.02779   0.09089   0.01510   0.01005   0.00687   0.02275   0.00212   0.00694   0.02051   0.01583   0.00311   0.00931   0.00809   0.00406   0.00195   3.72203   0.58531   1.08934   1.52860   0.29518   0.83187  
 67 3529.6487  12862.758301  x:  0.26809   0.02941   0.27477   0.05918   0.13292   0.06806   0.06150   0.06520   0.09038   0.02786   0.02380   0.01360   0.10715   0.08355   0.14117   0.08939   0.00381   0.00540   0.06043   0.02886   0.01018   0.00724   0.04828   0.05165   0.04814   0.05445   0.00748   0.02278   0.00000   0.00176   0.00834   0.01057   0.00180   0.00720   0.00505   0.00608   0.00446   0.00750   0.00627   0.00443   0.00459   0.00667   0.00799   0.00477   0.01386   0.01082   0.00444   0.00543   0.00757   0.01939   0.01449   0.02595   0.02980   0.09096   0.01484   0.00983   0.00697   0.02441   0.00210   0.00516   0.01924   0.01774   0.00304   0.00955   0.00742   0.00413   0.00190   3.79579   0.60937   1.09572   1.54477   0.30364   0.82511  
 68 3409.9483  12860.717321  x:  0.26877   0.02727   0.27562   0.05987   0.13248   0.06602   0.05730   0.06184   0.08963   0.03020   0.02231   0.01180   0.10765   0.08799   0.14524   0.09043   0.00400   0.00678   0.06003   0.02756   0.00976   0.00825   0.04605   0.04890   0.05026   0.05657   0.00637   0.02314   0.00000   0.00176   0.00913   0.01147   0.00183   0.00546   0.00511   0.00688   0.00422   0.00742   0.00690   0.00430   0.00488   0.00594   0.00868   0.00451   0.01366   0.01013   0.00431   0.00553   0.00725   0.01986   0.01546   0.02564   0.03084   0.09228   0.01406   0.00859   0.00840   0.02527   0.00207   0.00695   0.01871   0.01654   0.00306   0.00998   0.00728   0.00407   0.00201   3.86076   0.63045   1.10201   1.55868   0.31259   0.81902  
 69 2349.5118  12859.777477  x:  0.26907   0.02597   0.27585   0.05967   0.13219   0.06520   0.05506   0.06017   0.08918   0.03065   0.02087   0.01040   0.10750   0.09065   0.14732   0.09130   0.00400   0.00553   0.05936   0.02737   0.00981   0.00737   0.04502   0.04727   0.05190   0.05817   0.00702   0.02316   0.00000   0.00172   0.00972   0.00958   0.00177   0.00639   0.00502   0.00631   0.00424   0.00737   0.00701   0.00429   0.00486   0.00635   0.00828   0.00460   0.01343   0.00996   0.00410   0.00534   0.00736   0.01984   0.01687   0.02583   0.03060   0.09344   0.01389   0.00922   0.00754   0.02515   0.00206   0.00599   0.01924   0.01527   0.00299   0.00949   0.00700   0.00401   0.00203   3.89012   0.63983   1.10527   1.56477   0.31702   0.81620  
 70 1867.4091  12859.495600  x:  0.26914   0.02569   0.27572   0.05856   0.13200   0.06597   0.05551   0.06007   0.08899   0.02914   0.02077   0.01114   0.10652   0.09243   0.14824   0.09231   0.00393   0.00571   0.05835   0.02862   0.01021   0.00768   0.04555   0.04685   0.05332   0.05952   0.00700   0.02269   0.00000   0.00171   0.00966   0.00981   0.00177   0.00627   0.00500   0.00634   0.00429   0.00732   0.00691   0.00430   0.00485   0.00632   0.00810   0.00465   0.01320   0.01010   0.00413   0.00530   0.00685   0.01897   0.01631   0.02689   0.02988   0.09491   0.01404   0.00929   0.00746   0.02464   0.00205   0.00604   0.02061   0.01562   0.00296   0.00919   0.00691   0.00403   0.00201   3.89928   0.64228   1.10745   1.56613   0.31889   0.81511  
 71 241.4012  12859.409730  x:  0.26915   0.02571   0.27565   0.05801   0.13191   0.06646   0.05597   0.06026   0.08891   0.02880   0.02111   0.01121   0.10591   0.09312   0.14856   0.09276   0.00398   0.00559   0.05793   0.02896   0.00986   0.00724   0.04594   0.04691   0.05376   0.05992   0.00697   0.02265   0.00000   0.00172   0.00972   0.00986   0.00178   0.00629   0.00505   0.00637   0.00426   0.00735   0.00696   0.00429   0.00488   0.00633   0.00827   0.00457   0.01332   0.01011   0.00414   0.00537   0.00761   0.01909   0.01630   0.02711   0.02971   0.09563   0.01400   0.00905   0.00763   0.02454   0.00206   0.00604   0.02045   0.01572   0.00299   0.00956   0.00715   0.00403   0.00202   3.90217   0.64283   1.10864   1.56633   0.31955   0.81467  
 72 192.1599  12859.316021  x:  0.26912   0.02583   0.27555   0.05726   0.13179   0.06717   0.05663   0.06082   0.08883   0.02886   0.02177   0.01097   0.10487   0.09393   0.14889   0.09335   0.00390   0.00568   0.05750   0.02901   0.00969   0.00757   0.04651   0.04725   0.05404   0.06012   0.00701   0.02280   0.00000   0.00172   0.00956   0.00967   0.00178   0.00633   0.00502   0.00634   0.00428   0.00740   0.00692   0.00430   0.00482   0.00634   0.00819   0.00464   0.01361   0.01017   0.00416   0.00536   0.00718   0.01969   0.01663   0.02688   0.02961   0.09666   0.01403   0.00922   0.00748   0.02450   0.00206   0.00602   0.01950   0.01567   0.00299   0.00971   0.00706   0.00403   0.00201   3.90539   0.64308   1.11081   1.56616   0.32030   0.81404  
 73 142.0506  12859.242231  x:  0.26903   0.02593   0.27547   0.05679   0.13167   0.06756   0.05682   0.06152   0.08879   0.02925   0.02165   0.01092   0.10384   0.09440   0.14907   0.09375   0.00391   0.00564   0.05741   0.02865   0.01044   0.00739   0.04672   0.04764   0.05382   0.05987   0.00705   0.02294   0.00000   0.00173   0.00972   0.00999   0.00179   0.00627   0.00503   0.00638   0.00428   0.00738   0.00695   0.00430   0.00483   0.00632   0.00812   0.00462   0.01343   0.01014   0.00415   0.00538   0.00739   0.01975   0.01673   0.02623   0.02959   0.09747   0.01414   0.00924   0.00754   0.02441   0.00206   0.00605   0.01936   0.01565   0.00300   0.00908   0.00712   0.00405   0.00201   3.90809   0.64285   1.11365   1.56554   0.32078   0.81332  
 74 105.7411  12859.087037  x:  0.26878   0.02609   0.27530   0.05617   0.13143   0.06789   0.05660   0.06298   0.08876   0.02989   0.02077   0.01117   0.10183   0.09497   0.14930   0.09434   0.00390   0.00567   0.05763   0.02790   0.00983   0.00750   0.04662   0.04826   0.05293   0.05903   0.00693   0.02293   0.00000   0.00172   0.00963   0.00966   0.00178   0.00633   0.00502   0.00635   0.00426   0.00737   0.00692   0.00429   0.00484   0.00636   0.00829   0.00462   0.01312   0.01012   0.00414   0.00535   0.00726   0.01923   0.01652   0.02511   0.02961   0.09881   0.01418   0.00917   0.00763   0.02417   0.00206   0.00601   0.02021   0.01579   0.00298   0.00962   0.00705   0.00404   0.00201   3.91390   0.64179   1.12103   1.56361   0.32155   0.81155  
 75 185.1105  12858.619137  x:  0.26790   0.02640   0.27489   0.05608   0.13075   0.06716   0.05488   0.06516   0.08870   0.02898   0.02123   0.01102   0.09831   0.09477   0.14940   0.09495   0.00394   0.00551   0.05901   0.02849   0.00947   0.00744   0.04473   0.04791   0.05073   0.05754   0.00717   0.02234   0.00000   0.00172   0.00995   0.01014   0.00178   0.00620   0.00503   0.00635   0.00429   0.00735   0.00700   0.00429   0.00489   0.00635   0.00782   0.00461   0.01490   0.01005   0.00413   0.00533   0.00722   0.01949   0.01627   0.02711   0.03011   0.10030   0.01307   0.00929   0.00741   0.02459   0.00205   0.00609   0.02049   0.01530   0.00298   0.00912   0.00712   0.00403   0.00202   3.93210   0.63701   1.14742   1.55598   0.32298   0.80538  
 76 213.9039  12858.072424  x:  0.26693   0.02663   0.27442   0.05637   0.13013   0.06633   0.05384   0.06608   0.08862   0.02806   0.02195   0.01051   0.09617   0.09405   0.14932   0.09522   0.00393   0.00587   0.05998   0.02916   0.01080   0.00741   0.04370   0.04713   0.04952   0.05700   0.00660   0.02234   0.00000   0.00171   0.00918   0.00928   0.00177   0.00640   0.00501   0.00628   0.00423   0.00729   0.00699   0.00428   0.00487   0.00631   0.00884   0.00456   0.01308   0.01014   0.00409   0.00532   0.00738   0.01965   0.01668   0.02901   0.03036   0.10078   0.01406   0.00893   0.00758   0.02487   0.00204   0.00598   0.01976   0.01564   0.00296   0.00985   0.00673   0.00402   0.00201   3.95344   0.63103   1.17922   1.54661   0.32429   0.79796  
 77 849.0264  12857.086594  x:  0.26541   0.02678   0.27356   0.05705   0.12944   0.06557   0.05417   0.06531   0.08855   0.02778   0.02215   0.01037   0.09581   0.09252   0.14895   0.09515   0.00404   0.00477   0.06009   0.02906   0.00911   0.00751   0.04438   0.04595   0.04993   0.05776   0.00729   0.02350   0.00000   0.00172   0.00997   0.01038   0.00178   0.00625   0.00508   0.00649   0.00428   0.00764   0.00710   0.00427   0.00488   0.00621   0.00806   0.00450   0.01063   0.01009   0.00419   0.00532   0.00667   0.01923   0.01695   0.02933   0.03014   0.09987   0.01532   0.00898   0.00747   0.02475   0.00204   0.00609   0.01887   0.01612   0.00297   0.00930   0.00810   0.00404   0.00201   3.99156   0.61991   1.23694   1.52934   0.32620   0.78448  
 78 1228.1362  12854.743479  x:  0.26209   0.02687   0.27148   0.05843   0.12831   0.06462   0.05647   0.06195   0.08855   0.02847   0.02135   0.01119   0.09792   0.08916   0.14793   0.09455   0.00388   0.00655   0.05912   0.02801   0.00870   0.00735   0.04761   0.04423   0.05286   0.06060   0.00723   0.02508   0.00000   0.00171   0.00983   0.01032   0.00176   0.00593   0.00498   0.00627   0.00431   0.00691   0.00684   0.00431   0.00482   0.00661   0.00713   0.00477   0.01227   0.01020   0.00404   0.00529   0.00817   0.01846   0.01671   0.02709   0.02913   0.09653   0.01465   0.00955   0.00730   0.02399   0.00205   0.00595   0.01878   0.01587   0.00294   0.00892   0.00548   0.00407   0.00199   4.08265   0.59309   1.37538   1.48772   0.33040   0.75208  
 79 3745.9938  12853.682870  x:  0.26076   0.02687   0.27050   0.05878   0.12810   0.06462   0.05769   0.06034   0.08864   0.02910   0.02083   0.01158   0.09985   0.08797   0.14743   0.09410   0.00400   0.00544   0.05833   0.02765   0.01031   0.00744   0.04870   0.04427   0.05456   0.06189   0.00672   0.02456   0.00000   0.00172   0.00939   0.00961   0.00177   0.00637   0.00506   0.00631   0.00432   0.00736   0.00689   0.00428   0.00486   0.00628   0.00851   0.00463   0.01428   0.01026   0.00417   0.00531   0.00716   0.01886   0.01645   0.02562   0.02892   0.09483   0.01359   0.00917   0.00781   0.02390   0.00206   0.00605   0.01951   0.01549   0.00295   0.00956   0.00737   0.00404   0.00200   4.12583   0.58033   1.44105   1.46792   0.33233   0.73666  
 80 5253.3021  12853.167279  x:  0.26107   0.02673   0.27010   0.05785   0.12910   0.06585   0.05763   0.06026   0.08900   0.02958   0.02093   0.01127   0.10315   0.08896   0.14718   0.09342   0.00389   0.00564   0.05747   0.02856   0.01007   0.00745   0.04709   0.04680   0.05568   0.06167   0.00689   0.02139   0.00000   0.00172   0.00956   0.00974   0.00178   0.00632   0.00504   0.00635   0.00431   0.00738   0.00683   0.00430   0.00480   0.00632   0.00817   0.00463   0.01367   0.01022   0.00421   0.00534   0.00728   0.02070   0.01657   0.02476   0.02955   0.09412   0.01412   0.00923   0.00776   0.02464   0.00206   0.00605   0.02051   0.01550   0.00295   0.00944   0.00719   0.00405   0.00200   4.14595   0.57432   1.47162   1.45850   0.33307   0.72927  
 81 824.6848  12852.913834  x:  0.26236   0.02671   0.26998   0.05649   0.13072   0.06728   0.05683   0.06109   0.08944   0.02921   0.02086   0.01106   0.10658   0.09070   0.14706   0.09267   0.00386   0.00562   0.05707   0.02881   0.01011   0.00742   0.04538   0.04875   0.05604   0.06086   0.00681   0.02253   0.00000   0.00172   0.00951   0.00968   0.00177   0.00633   0.00503   0.00632   0.00431   0.00734   0.00690   0.00428   0.00484   0.00631   0.00827   0.00463   0.01381   0.01020   0.00417   0.00532   0.00725   0.01923   0.01657   0.02513   0.02957   0.09408   0.01385   0.00917   0.00776   0.02424   0.00206   0.00604   0.01958   0.01547   0.00295   0.00945   0.00718   0.00404   0.00200   4.15593   0.57131   1.48666   1.45363   0.33327   0.72534  
 82 341.4736  12852.848635  x:  0.26380   0.02700   0.27004   0.05589   0.13185   0.06780   0.05659   0.06169   0.08960   0.02909   0.02092   0.01100   0.10795   0.09146   0.14702   0.09233   0.00390   0.00565   0.05735   0.02813   0.01011   0.00743   0.04584   0.04792   0.05569   0.06043   0.00681   0.02309   0.00000   0.00172   0.00945   0.00969   0.00177   0.00632   0.00504   0.00632   0.00431   0.00734   0.00688   0.00428   0.00484   0.00632   0.00830   0.00465   0.01378   0.01023   0.00418   0.00531   0.00726   0.02002   0.01651   0.02564   0.02939   0.09438   0.01391   0.00916   0.00776   0.02420   0.00205   0.00604   0.02017   0.01548   0.00294   0.00944   0.00718   0.00404   0.00200   4.15856   0.57049   1.49042   1.45216   0.33329   0.72403  
 83 91.5916  12852.818928  x:  0.26523   0.02715   0.27012   0.05565   0.13266   0.06785   0.05651   0.06195   0.08962   0.02912   0.02092   0.01096   0.10845   0.09168   0.14699   0.09221   0.00392   0.00561   0.05759   0.02821   0.01012   0.00743   0.04636   0.04711   0.05536   0.06029   0.00681   0.02241   0.00000   0.00172   0.00950   0.00969   0.00177   0.00632   0.00504   0.00632   0.00431   0.00735   0.00689   0.00428   0.00484   0.00631   0.00828   0.00462   0.01380   0.01023   0.00417   0.00531   0.00725   0.01960   0.01661   0.02549   0.02939   0.09466   0.01387   0.00916   0.00776   0.02421   0.00205   0.00604   0.01984   0.01549   0.00294   0.00945   0.00718   0.00404   0.00200   4.15978   0.57010   1.49198   1.45132   0.33328   0.72317  
 84 56.1956  12852.791476  x:  0.26802   0.02703   0.27029   0.05570   0.13357   0.06743   0.05664   0.06177   0.08949   0.02922   0.02086   0.01097   0.10819   0.09134   0.14691   0.09234   0.00390   0.00560   0.05758   0.02898   0.01011   0.00743   0.04629   0.04716   0.05516   0.06058   0.00681   0.02279   0.00000   0.00172   0.00948   0.00969   0.00177   0.00632   0.00504   0.00632   0.00431   0.00735   0.00688   0.00428   0.00483   0.00632   0.00829   0.00463   0.01380   0.01022   0.00417   0.00531   0.00725   0.01975   0.01659   0.02510   0.02961   0.09498   0.01387   0.00916   0.00776   0.02423   0.00206   0.00604   0.01996   0.01546   0.00294   0.00945   0.00718   0.00404   0.00200   4.16103   0.56967   1.49309   1.45011   0.33320   0.72172  
 85 28.7929  12852.771534  x:  0.27035   0.02683   0.27041   0.05583   0.13395   0.06719   0.05681   0.06150   0.08940   0.02916   0.02091   0.01102   0.10774   0.09099   0.14685   0.09250   0.00390   0.00563   0.05740   0.02830   0.01012   0.00743   0.04605   0.04758   0.05530   0.06078   0.00681   0.02259   0.00000   0.00172   0.00948   0.00969   0.00177   0.00632   0.00504   0.00632   0.00432   0.00735   0.00689   0.00428   0.00484   0.00632   0.00827   0.00463   0.01381   0.01022   0.00418   0.00531   0.00726   0.01968   0.01658   0.02542   0.02940   0.09502   0.01389   0.00917   0.00776   0.02421   0.00206   0.00604   0.01991   0.01548   0.00294   0.00945   0.00719   0.00404   0.00200   4.16198   0.56933   1.49369   1.44901   0.33313   0.72030  
 86 41.6985  12852.754095  x:  0.27201   0.02664   0.27043   0.05589   0.13274   0.06784   0.05660   0.06148   0.08960   0.02918   0.02090   0.01102   0.10733   0.09116   0.14684   0.09253   0.00390   0.00562   0.05754   0.02841   0.01011   0.00743   0.04614   0.04740   0.05589   0.06008   0.00681   0.02263   0.00000   0.00172   0.00948   0.00969   0.00177   0.00632   0.00504   0.00632   0.00431   0.00734   0.00689   0.00428   0.00484   0.00632   0.00829   0.00463   0.01380   0.01022   0.00417   0.00531   0.00725   0.01970   0.01656   0.02542   0.02944   0.09423   0.01388   0.00916   0.00777   0.02421   0.00205   0.00604   0.01991   0.01547   0.00294   0.00944   0.00718   0.00405   0.00200   4.16302   0.56893   1.49343   1.44717   0.33303   0.71770  
 87 14.0711  12852.711492  x:  0.27339   0.02697   0.27025   0.05582   0.13017   0.06765   0.05661   0.06210   0.08973   0.02912   0.02091   0.01098   0.10783   0.09173   0.14686   0.09193   0.00390   0.00563   0.05727   0.02836   0.01011   0.00743   0.04617   0.04754   0.05476   0.06133   0.00681   0.02260   0.00000   0.00172   0.00950   0.00969   0.00177   0.00632   0.00504   0.00632   0.00431   0.00734   0.00689   0.00428   0.00484   0.00632   0.00827   0.00463   0.01380   0.01023   0.00417   0.00531   0.00725   0.01968   0.01659   0.02536   0.02944   0.09406   0.01388   0.00917   0.00776   0.02421   0.00205   0.00604   0.01993   0.01548   0.00294   0.00945   0.00719   0.00404   0.00200   4.16594   0.56777   1.49135   1.44116   0.33285   0.70885  
 88 21.6849  12852.364985  x:  0.27416   0.02580   0.26837   0.05493   0.12598   0.06436   0.05875   0.06288   0.08861   0.02905   0.02092   0.01095   0.11069   0.09047   0.14677   0.09253   0.00391   0.00566   0.05870   0.02828   0.01009   0.00744   0.04562   0.04733   0.05635   0.05920   0.00682   0.02257   0.00000   0.00172   0.00941   0.00969   0.00178   0.00633   0.00506   0.00633   0.00433   0.00736   0.00686   0.00428   0.00482   0.00631   0.00826   0.00466   0.01379   0.01025   0.00421   0.00530   0.00730   0.01973   0.01654   0.02550   0.02929   0.09844   0.01398   0.00916   0.00778   0.02395   0.00205   0.00605   0.01983   0.01551   0.00293   0.00941   0.00724   0.00406   0.00197   4.19042   0.55795   1.47116   1.38884   0.33252   0.63123  
 89 77.4934  12851.053473  x:  0.27248   0.02831   0.26275   0.05693   0.12766   0.06730   0.05564   0.06263   0.08855   0.02850   0.02099   0.01105   0.10952   0.08799   0.14621   0.09380   0.00386   0.00562   0.05557   0.02803   0.00999   0.00737   0.04639   0.04735   0.05559   0.05898   0.00680   0.02258   0.00000   0.00169   0.00944   0.00970   0.00175   0.00628   0.00506   0.00625   0.00431   0.00730   0.00686   0.00425   0.00483   0.00629   0.00827   0.00464   0.01360   0.01028   0.00415   0.00517   0.00728   0.01965   0.01658   0.02585   0.02978   0.09945   0.01391   0.00912   0.00786   0.02437   0.00202   0.00603   0.01972   0.01547   0.00284   0.00932   0.00719   0.00410   0.00196   4.27213   0.52508   1.40287   1.21376   0.33359   0.37060  
 90 684.5715  12850.868877  x:  0.27191   0.02684   0.26174   0.05575   0.12897   0.06706   0.05699   0.06276   0.08916   0.02845   0.02100   0.01100   0.10816   0.08949   0.14597   0.09328   0.00390   0.00563   0.05821   0.02787   0.00997   0.00737   0.04574   0.04730   0.05535   0.06023   0.00681   0.02252   0.00000   0.00169   0.00943   0.00969   0.00176   0.00628   0.00507   0.00626   0.00432   0.00732   0.00686   0.00424   0.00482   0.00629   0.00823   0.00467   0.01363   0.01028   0.00418   0.00516   0.00731   0.01970   0.01655   0.02568   0.02958   0.09736   0.01402   0.00910   0.00786   0.02412   0.00201   0.00603   0.01966   0.01550   0.00284   0.00929   0.00722   0.00410   0.00195   4.28512   0.51987   1.39202   1.18598   0.33359   0.32896  
 91 569.2968  12850.857444  x:  0.27187   0.02714   0.26169   0.05552   0.12917   0.06614   0.05719   0.06297   0.08924   0.02840   0.02101   0.01097   0.10787   0.09002   0.14602   0.09297   0.00389   0.00563   0.05770   0.02791   0.00997   0.00737   0.04585   0.04732   0.05550   0.05986   0.00681   0.02252   0.00000   0.00169   0.00942   0.00969   0.00176   0.00628   0.00507   0.00626   0.00433   0.00732   0.00685   0.00424   0.00482   0.00629   0.00823   0.00467   0.01362   0.01029   0.00418   0.00517   0.00731   0.01970   0.01658   0.02570   0.02956   0.09680   0.01401   0.00911   0.00786   0.02411   0.00201   0.00603   0.01966   0.01550   0.00284   0.00929   0.00723   0.00410   0.00194   4.28588   0.51958   1.39141   1.18443   0.33358   0.32639  
 92 33.2258  12850.846329  x:  0.27187   0.02709   0.26177   0.05560   0.12921   0.06632   0.05709   0.06300   0.08852   0.02841   0.02101   0.01102   0.10755   0.09001   0.14603   0.09154   0.00391   0.00564   0.05773   0.02792   0.00997   0.00737   0.04588   0.04733   0.05586   0.05988   0.00681   0.02252   0.00000   0.00169   0.00942   0.00969   0.00176   0.00628   0.00507   0.00626   0.00432   0.00732   0.00685   0.00424   0.00482   0.00629   0.00823   0.00467   0.01362   0.01029   0.00418   0.00516   0.00731   0.01970   0.01657   0.02568   0.02957   0.09713   0.01401   0.00910   0.00787   0.02411   0.00201   0.00603   0.01966   0.01549   0.00284   0.00929   0.00722   0.00410   0.00195   4.28578   0.51979   1.39210   1.18624   0.33355   0.32421  
 93  1.5838  12850.360552  x:  0.27215   0.02665   0.26551   0.05695   0.12874   0.06621   0.05672   0.06293   0.09130   0.02831   0.02113   0.01100   0.10815   0.09015   0.14695   0.09202   0.00391   0.00557   0.05767   0.02806   0.00997   0.00733   0.04637   0.04761   0.05626   0.05971   0.00681   0.02260   0.00000   0.00165   0.00946   0.00966   0.00172   0.00625   0.00509   0.00622   0.00426   0.00729   0.00684   0.00420   0.00480   0.00623   0.00828   0.00466   0.01361   0.01025   0.00412   0.00495   0.00725   0.01970   0.01653   0.02559   0.02987   0.09897   0.01395   0.00908   0.00791   0.02427   0.00196   0.00602   0.01974   0.01548   0.00275   0.00925   0.00717   0.00411   0.00194   4.27943   0.52997   1.42399   1.26968   0.33160   0.23602  
 94 20.3910  12850.322255  x:  0.27216   0.02660   0.26579   0.05693   0.12872   0.06627   0.05667   0.06338   0.08873   0.02831   0.02115   0.01105   0.10850   0.09039   0.14701   0.09324   0.00390   0.00556   0.05769   0.02806   0.00997   0.00733   0.04640   0.04763   0.05598   0.05971   0.00681   0.02260   0.00000   0.00164   0.00946   0.00965   0.00172   0.00625   0.00510   0.00621   0.00426   0.00728   0.00684   0.00420   0.00480   0.00622   0.00828   0.00466   0.01361   0.01025   0.00412   0.00493   0.00724   0.01970   0.01653   0.02560   0.02989   0.09815   0.01395   0.00908   0.00791   0.02426   0.00196   0.00602   0.01974   0.01548   0.00274   0.00924   0.00716   0.00412   0.00194   4.27909   0.53075   1.42653   1.27628   0.33134   0.22924  
 95 67.7754  12846.559861  x:  0.26827   0.02250   0.27768   0.06419   0.13539   0.06562   0.05470   0.06798   0.08932   0.02588   0.02242   0.01138   0.10369   0.09805   0.15207   0.09613   0.00402   0.00502   0.06084   0.02802   0.00965   0.00690   0.04943   0.04986   0.05721   0.06187   0.00679   0.02287   0.00000   0.00122   0.00974   0.00935   0.00138   0.00588   0.00538   0.00573   0.00376   0.00697   0.00674   0.00376   0.00470   0.00570   0.00851   0.00466   0.01328   0.01005   0.00367   0.00281   0.00683   0.01980   0.01635   0.02494   0.03204   0.09707   0.01384   0.00871   0.00842   0.02527   0.00144   0.00594   0.01980   0.01485   0.00199   0.00886   0.00673   0.00405   0.00197   4.49428   0.50868   1.47959   1.39557   0.31715   0.35201  
 96  1.6110  12846.077680  x:  0.26872   0.02428   0.27779   0.06323   0.13461   0.06608   0.05466   0.06701   0.09027   0.02674   0.02209   0.01138   0.10381   0.09695   0.14953   0.09534   0.00383   0.00557   0.05965   0.02812   0.00958   0.00724   0.04927   0.04949   0.05696   0.06141   0.00677   0.02283   0.00000   0.00105   0.00963   0.00959   0.00124   0.00589   0.00549   0.00593   0.00364   0.00707   0.00697   0.00362   0.00453   0.00598   0.00832   0.00482   0.01302   0.01007   0.00367   0.00196   0.00728   0.01980   0.01657   0.02533   0.03195   0.09827   0.01391   0.00881   0.00831   0.02508   0.00120   0.00602   0.01970   0.01498   0.00164   0.00892   0.00720   0.00405   0.00193   4.61144   0.49300   1.48836   1.36239   0.32049   0.33913  
 97  0.1203  12845.993445  x:  0.26922   0.02459   0.27759   0.06247   0.13392   0.06595   0.05554   0.06643   0.09021   0.02699   0.02203   0.01145   0.10425   0.09649   0.14911   0.09515   0.00385   0.00571   0.05945   0.02813   0.00961   0.00727   0.04901   0.04933   0.05679   0.06122   0.00682   0.02280   0.00000   0.00108   0.00966   0.00960   0.00122   0.00593   0.00564   0.00598   0.00340   0.00718   0.00715   0.00351   0.00461   0.00605   0.00834   0.00481   0.01310   0.01004   0.00341   0.00238   0.00735   0.01982   0.01664   0.02551   0.03189   0.09841   0.01396   0.00891   0.00830   0.02508   0.00121   0.00601   0.01972   0.01513   0.00163   0.00894   0.00735   0.00410   0.00194   4.63944   0.49396   1.49885   1.36211   0.32173   0.33862  
 98  0.0421  12845.955829  x:  0.26956   0.02438   0.27728   0.06187   0.13345   0.06575   0.05614   0.06605   0.08993   0.02698   0.02204   0.01143   0.10452   0.09625   0.14939   0.09515   0.00386   0.00564   0.05951   0.02809   0.00970   0.00718   0.04876   0.04925   0.05663   0.06111   0.00683   0.02279   0.00000   0.00106   0.00972   0.00952   0.00116   0.00598   0.00583   0.00596   0.00363   0.00721   0.00719   0.00359   0.00471   0.00600   0.00839   0.00481   0.01323   0.01007   0.00360   0.00231   0.00727   0.01981   0.01660   0.02555   0.03178   0.09822   0.01394   0.00895   0.00830   0.02511   0.00120   0.00600   0.01977   0.01520   0.00153   0.00898   0.00732   0.00412   0.00193   4.66121   0.49735   1.51466   1.37485   0.32213   0.33946  
 99  0.0255  12845.936962  x:  0.26928   0.02437   0.27639   0.06198   0.13377   0.06583   0.05576   0.06625   0.08997   0.02680   0.02209   0.01142   0.10414   0.09620   0.14954   0.09526   0.00375   0.00560   0.05950   0.02806   0.00967   0.00717   0.04884   0.04933   0.05656   0.06113   0.00682   0.02280   0.00000   0.00105   0.00973   0.00952   0.00115   0.00594   0.00595   0.00592   0.00354   0.00716   0.00711   0.00361   0.00474   0.00598   0.00840   0.00477   0.01318   0.01006   0.00358   0.00235   0.00723   0.01981   0.01656   0.02553   0.03183   0.09808   0.01391   0.00891   0.00830   0.02507   0.00110   0.00600   0.01975   0.01517   0.00140   0.00896   0.00725   0.00412   0.00193   4.67094   0.49593   1.52255   1.38220   0.32134   0.33884  
100  0.0087  12845.928596  x:  0.26921   0.02440   0.27609   0.06217   0.13390   0.06587   0.05559   0.06638   0.09003   0.02684   0.02207   0.01140   0.10406   0.09630   0.14948   0.09530   0.00364   0.00562   0.05949   0.02809   0.00964   0.00721   0.04891   0.04934   0.05656   0.06114   0.00682   0.02281   0.00000   0.00106   0.00970   0.00956   0.00109   0.00593   0.00600   0.00594   0.00358   0.00716   0.00709   0.00359   0.00473   0.00599   0.00836   0.00479   0.01313   0.01009   0.00359   0.00241   0.00727   0.01980   0.01658   0.02551   0.03185   0.09817   0.01393   0.00891   0.00829   0.02506   0.00118   0.00601   0.01973   0.01515   0.00134   0.00897   0.00725   0.00408   0.00193   4.66441   0.49719   1.52430   1.38805   0.32111   0.33891  
101  0.0067  12845.919228  x:  0.26930   0.02444   0.27617   0.06229   0.13382   0.06585   0.05566   0.06643   0.09006   0.02694   0.02204   0.01139   0.10419   0.09640   0.14932   0.09527   0.00355   0.00562   0.05948   0.02813   0.00963   0.00724   0.04895   0.04932   0.05663   0.06115   0.00682   0.02281   0.00000   0.00111   0.00966   0.00958   0.00117   0.00595   0.00604   0.00597   0.00363   0.00718   0.00712   0.00359   0.00472   0.00600   0.00834   0.00480   0.01311   0.01008   0.00363   0.00247   0.00731   0.01980   0.01661   0.02551   0.03184   0.09835   0.01394   0.00890   0.00829   0.02507   0.00112   0.00601   0.01973   0.01516   0.00129   0.00898   0.00726   0.00409   0.00192   4.65250   0.49917   1.52226   1.39068   0.32131   0.33852  
102  0.0077  12845.906049  x:  0.26943   0.02444   0.27666   0.06221   0.13363   0.06580   0.05593   0.06631   0.09002   0.02691   0.02206   0.01145   0.10436   0.09634   0.14928   0.09517   0.00354   0.00556   0.05945   0.02811   0.00966   0.00718   0.04891   0.04931   0.05672   0.06117   0.00683   0.02279   0.00000   0.00116   0.00967   0.00952   0.00117   0.00597   0.00609   0.00595   0.00353   0.00720   0.00716   0.00362   0.00474   0.00600   0.00840   0.00478   0.01318   0.00999   0.00357   0.00240   0.00725   0.01982   0.01661   0.02553   0.03181   0.09832   0.01392   0.00890   0.00831   0.02509   0.00117   0.00599   0.01977   0.01520   0.00117   0.00896   0.00724   0.00411   0.00191   4.64781   0.49750   1.51319   1.37905   0.32172   0.33618  
103  0.0075  12845.899920  x:  0.26926   0.02439   0.27694   0.06213   0.13380   0.06585   0.05581   0.06626   0.08997   0.02685   0.02208   0.01143   0.10423   0.09631   0.14952   0.09523   0.00360   0.00563   0.05951   0.02809   0.00967   0.00719   0.04887   0.04936   0.05665   0.06116   0.00681   0.02280   0.00000   0.00121   0.00974   0.00955   0.00121   0.00594   0.00606   0.00594   0.00360   0.00715   0.00716   0.00357   0.00475   0.00600   0.00838   0.00482   0.01317   0.01010   0.00357   0.00236   0.00726   0.01980   0.01657   0.02552   0.03189   0.09807   0.01393   0.00892   0.00832   0.02509   0.00119   0.00602   0.01976   0.01518   0.00115   0.00899   0.00729   0.00412   0.00190   4.65132   0.49579   1.50960   1.37246   0.32150   0.33657  
104  0.0049  12845.896411  x:  0.26927   0.02436   0.27690   0.06208   0.13384   0.06585   0.05568   0.06629   0.09001   0.02690   0.02205   0.01140   0.10423   0.09633   0.14952   0.09528   0.00365   0.00564   0.05952   0.02811   0.00965   0.00721   0.04890   0.04935   0.05660   0.06114   0.00683   0.02280   0.00000   0.00125   0.00970   0.00955   0.00122   0.00593   0.00602   0.00594   0.00354   0.00717   0.00710   0.00360   0.00473   0.00599   0.00837   0.00478   0.01316   0.01006   0.00361   0.00236   0.00727   0.01980   0.01658   0.02550   0.03188   0.09816   0.01393   0.00891   0.00829   0.02507   0.00120   0.00600   0.01975   0.01520   0.00114   0.00898   0.00728   0.00411   0.00189   4.65607   0.49707   1.51575   1.37909   0.32143   0.33854  
105  0.0052  12845.895251  x:  0.26931   0.02440   0.27664   0.06211   0.13377   0.06584   0.05572   0.06632   0.09003   0.02688   0.02205   0.01141   0.10422   0.09631   0.14942   0.09525   0.00367   0.00561   0.05949   0.02810   0.00966   0.00720   0.04890   0.04932   0.05662   0.06114   0.00683   0.02280   0.00000   0.00127   0.00969   0.00954   0.00122   0.00595   0.00599   0.00594   0.00358   0.00718   0.00711   0.00360   0.00472   0.00599   0.00837   0.00478   0.01316   0.01007   0.00356   0.00236   0.00726   0.01981   0.01659   0.02552   0.03184   0.09824   0.01393   0.00892   0.00830   0.02506   0.00120   0.00600   0.01975   0.01520   0.00113   0.00899   0.00727   0.00411   0.00190   4.65831   0.49700   1.51834   1.38125   0.32145   0.33838  
106  0.0032  12845.894737  x:  0.26932   0.02442   0.27647   0.06215   0.13374   0.06583   0.05580   0.06631   0.09001   0.02687   0.02206   0.01142   0.10420   0.09630   0.14939   0.09523   0.00368   0.00561   0.05948   0.02809   0.00966   0.00719   0.04888   0.04931   0.05664   0.06115   0.00682   0.02280   0.00000   0.00128   0.00970   0.00955   0.00122   0.00595   0.00596   0.00594   0.00357   0.00717   0.00713   0.00358   0.00472   0.00600   0.00838   0.00480   0.01316   0.01006   0.00359   0.00237   0.00726   0.01981   0.01659   0.02553   0.03183   0.09820   0.01393   0.00891   0.00831   0.02507   0.00119   0.00600   0.01976   0.01520   0.00114   0.00898   0.00727   0.00412   0.00190   4.65842   0.49686   1.51827   1.38149   0.32148   0.33751  
107  0.0005  12845.894303  x:  0.26931   0.02439   0.27653   0.06216   0.13377   0.06584   0.05577   0.06630   0.08999   0.02689   0.02207   0.01142   0.10423   0.09633   0.14944   0.09526   0.00367   0.00562   0.05951   0.02809   0.00966   0.00720   0.04888   0.04933   0.05663   0.06115   0.00682   0.02280   0.00000   0.00129   0.00971   0.00955   0.00120   0.00594   0.00595   0.00595   0.00357   0.00716   0.00714   0.00360   0.00472   0.00599   0.00838   0.00480   0.01316   0.01006   0.00357   0.00236   0.00727   0.01980   0.01658   0.02552   0.03186   0.09818   0.01393   0.00891   0.00831   0.02507   0.00118   0.00601   0.01976   0.01519   0.00114   0.00898   0.00727   0.00412   0.00191   4.65734   0.49741   1.51765   1.38229   0.32146   0.33695  
108  0.0007  12845.894103  x:  0.26931   0.02441   0.27660   0.06212   0.13378   0.06584   0.05575   0.06631   0.09001   0.02688   0.02206   0.01142   0.10423   0.09631   0.14943   0.09525   0.00367   0.00561   0.05950   0.02809   0.00966   0.00720   0.04889   0.04933   0.05662   0.06114   0.00682   0.02280   0.00000   0.00130   0.00970   0.00954   0.00119   0.00595   0.00595   0.00594   0.00357   0.00718   0.00713   0.00359   0.00473   0.00599   0.00838   0.00479   0.01316   0.01006   0.00358   0.00236   0.00727   0.01981   0.01659   0.02551   0.03186   0.09820   0.01393   0.00891   0.00830   0.02507   0.00117   0.00600   0.01976   0.01520   0.00114   0.00898   0.00727   0.00411   0.00191   4.65680   0.49699   1.51699   1.38100   0.32144   0.33717  
109  0.0009  12845.894049  x:  0.26931   0.02440   0.27664   0.06213   0.13376   0.06584   0.05576   0.06630   0.09001   0.02688   0.02206   0.01142   0.10422   0.09632   0.14943   0.09524   0.00368   0.00561   0.05949   0.02809   0.00966   0.00720   0.04888   0.04932   0.05663   0.06114   0.00682   0.02280   0.00000   0.00130   0.00970   0.00955   0.00119   0.00595   0.00596   0.00594   0.00357   0.00717   0.00712   0.00359   0.00473   0.00600   0.00837   0.00479   0.01316   0.01007   0.00358   0.00236   0.00727   0.01981   0.01659   0.02552   0.03184   0.09820   0.01393   0.00891   0.00830   0.02507   0.00117   0.00601   0.01976   0.01519   0.00114   0.00898   0.00727   0.00411   0.00191   4.65709   0.49699   1.51708   1.38063   0.32146   0.33770  
110  0.0004  12845.894031  x:  0.26930   0.02440   0.27661   0.06214   0.13377   0.06584   0.05576   0.06631   0.09001   0.02688   0.02206   0.01142   0.10422   0.09632   0.14943   0.09525   0.00367   0.00561   0.05950   0.02809   0.00966   0.00720   0.04888   0.04932   0.05663   0.06115   0.00682   0.02280   0.00000   0.00131   0.00970   0.00955   0.00119   0.00594   0.00597   0.00594   0.00357   0.00717   0.00713   0.00359   0.00473   0.00599   0.00838   0.00479   0.01316   0.01006   0.00358   0.00236   0.00726   0.01981   0.01659   0.02552   0.03184   0.09820   0.01393   0.00891   0.00830   0.02507   0.00118   0.00600   0.01976   0.01519   0.00115   0.00898   0.00727   0.00411   0.00191   4.65714   0.49697   1.51719   1.38060   0.32147   0.33779  
111  0.0001  12845.894028  x:  0.26931   0.02440   0.27661   0.06214   0.13377   0.06584   0.05576   0.06631   0.09001   0.02688   0.02206   0.01142   0.10422   0.09631   0.14943   0.09525   0.00367   0.00561   0.05950   0.02809   0.00966   0.00720   0.04889   0.04932   0.05663   0.06114   0.00682   0.02280   0.00000   0.00131   0.00970   0.00954   0.00119   0.00595   0.00597   0.00594   0.00357   0.00717   0.00713   0.00359   0.00472   0.00600   0.00837   0.00479   0.01316   0.01006   0.00358   0.00236   0.00727   0.01981   0.01659   0.02552   0.03185   0.09820   0.01393   0.00891   0.00830   0.02507   0.00117   0.00600   0.01976   0.01519   0.00115   0.00898   0.00727   0.00411   0.00191   4.65711   0.49699   1.51723   1.38076   0.32146   0.33769  
112  0.0001  12845.894028  x:  0.26931   0.02440   0.27661   0.06213   0.13377   0.06584   0.05576   0.06631   0.09001   0.02688   0.02206   0.01142   0.10422   0.09631   0.14943   0.09524   0.00367   0.00561   0.05950   0.02809   0.00966   0.00720   0.04889   0.04932   0.05663   0.06114   0.00682   0.02280   0.00000   0.00131   0.00970   0.00954   0.00119   0.00595   0.00597   0.00594   0.00357   0.00717   0.00713   0.00359   0.00472   0.00599   0.00837   0.00479   0.01316   0.01006   0.00358   0.00236   0.00727   0.01981   0.01659   0.02552   0.03185   0.09820   0.01393   0.00891   0.00830   0.02507   0.00118   0.00600   0.01976   0.01519   0.00115   0.00898   0.00727   0.00411   0.00191   4.65712   0.49700   1.51721   1.38080   0.32146   0.33763  
113  0.0000  12845.894028  x:  0.26931   0.02440   0.27661   0.06213   0.13377   0.06584   0.05576   0.06631   0.09001   0.02688   0.02206   0.01142   0.10422   0.09631   0.14943   0.09525   0.00367   0.00561   0.05950   0.02809   0.00966   0.00720   0.04889   0.04932   0.05663   0.06114   0.00682   0.02280   0.00000   0.00131   0.00970   0.00954   0.00119   0.00595   0.00597   0.00594   0.00357   0.00717   0.00713   0.00359   0.00472   0.00599   0.00838   0.00479   0.01316   0.01006   0.00358   0.00236   0.00727   0.01981   0.01659   0.02552   0.03185   0.09820   0.01393   0.00891   0.00830   0.02507   0.00118   0.00600   0.01976   0.01519   0.00115   0.00898   0.00727   0.00411   0.00191   4.65712   0.49700   1.51721   1.38081   0.32146   0.33763  
114  0.0000  12845.894028  x:  0.26931   0.02440   0.27661   0.06213   0.13377   0.06584   0.05576   0.06631   0.09001   0.02688   0.02206   0.01142   0.10422   0.09631   0.14943   0.09525   0.00367   0.00561   0.05950   0.02809   0.00966   0.00720   0.04889   0.04932   0.05663   0.06114   0.00682   0.02280   0.00000   0.00131   0.00970   0.00954   0.00119   0.00595   0.00597   0.00594   0.00357   0.00717   0.00713   0.00359   0.00472   0.00599   0.00838   0.00479   0.01316   0.01006   0.00358   0.00236   0.00727   0.01981   0.01659   0.02552   0.03185   0.09820   0.01393   0.00891   0.00830   0.02507   0.00118   0.00600   0.01976   0.01519   0.00115   0.00898   0.00727   0.00411   0.00191   4.65713   0.49700   1.51721   1.38081   0.32146   0.33763  
115  0.0000  12845.894028  x:  0.26931   0.02440   0.27661   0.06213   0.13377   0.06584   0.05576   0.06631   0.09001   0.02688   0.02206   0.01142   0.10422   0.09631   0.14943   0.09525   0.00367   0.00561   0.05950   0.02809   0.00966   0.00720   0.04889   0.04932   0.05663   0.06114   0.00682   0.02280   0.00000   0.00131   0.00970   0.00954   0.00119   0.00595   0.00597   0.00594   0.00357   0.00717   0.00713   0.00359   0.00472   0.00599   0.00838   0.00479   0.01316   0.01006   0.00358   0.00236   0.00727   0.01981   0.01659   0.02552   0.03185   0.09820   0.01393   0.00891   0.00830   0.02507   0.00118   0.00600   0.01976   0.01519   0.00115   0.00898   0.00727   0.00411   0.00191   4.65713   0.49700   1.51721   1.38081   0.32146   0.33763  
116  0.0000  12845.894028  x:  0.26931   0.02440   0.27661   0.06213   0.13377   0.06584   0.05576   0.06631   0.09001   0.02688   0.02206   0.01142   0.10422   0.09631   0.14943   0.09525   0.00367   0.00561   0.05950   0.02809   0.00966   0.00720   0.04889   0.04932   0.05663   0.06114   0.00682   0.02280   0.00000   0.00131   0.00970   0.00954   0.00119   0.00595   0.00597   0.00594   0.00357   0.00717   0.00713   0.00359   0.00472   0.00599   0.00838   0.00479   0.01316   0.01006   0.00358   0.00236   0.00727   0.01981   0.01659   0.02552   0.03185   0.09820   0.01393   0.00891   0.00830   0.02507   0.00118   0.00600   0.01976   0.01519   0.00115   0.00898   0.00727   0.00411   0.00191   4.65713   0.49700   1.51721   1.38081   0.32146   0.33763  
117  0.0000  12845.894028  x:  0.26931   0.02440   0.27661   0.06213   0.13377   0.06584   0.05576   0.06631   0.09001   0.02688   0.02206   0.01142   0.10422   0.09631   0.14943   0.09525   0.00367   0.00561   0.05950   0.02809   0.00966   0.00720   0.04889   0.04932   0.05663   0.06114   0.00682   0.02280   0.00000   0.00131   0.00970   0.00954   0.00119   0.00595   0.00597   0.00594   0.00357   0.00717   0.00713   0.00359   0.00472   0.00599   0.00838   0.00479   0.01316   0.01006   0.00358   0.00236   0.00727   0.01981   0.01659   0.02552   0.03185   0.09820   0.01393   0.00891   0.00830   0.02507   0.00118   0.00600   0.01976   0.01519   0.00115   0.00898   0.00727   0.00411   0.00191   4.65713   0.49700   1.51721   1.38081   0.32146   0.33763  
check convergence!
