Supplemental results for CODEML (seqf: paml_alt_homo_selected_removal_dna_aligned_combined_TAS1R1  treef: paml_alt_homo_ML_tree_output_selected_removal_dna_aligned_combined_TAS1R1.txt)

I	J	ij	2Ns_IJ	pMut_IJ	pSub_IJ	2Ns_JI	pMut_JI	pSub_JI

TTC	TTT	CT	0.35542	0.09640	0.11455	-0.35542	0.13755	0.11455	0.11455	0.11455
TTA	TTT	AT	4.41601	0.00031	0.00138	-4.41601	0.02550	0.00138	0.00138	0.00138
TTA	TTC	AC	4.06059	0.00094	0.00390	-4.06059	0.05470	0.00390	0.00390	0.00390
TTG	TTT	GT	1.60670	0.00366	0.00736	-1.60670	0.01826	0.00736	0.00736	0.00736
TTG	TTC	GC	1.25129	0.01121	0.01965	-1.25129	0.03918	0.01965	0.01965	0.01965
TTG	TTA	GA	-2.80931	0.05257	0.00947	2.80931	0.00317	0.00947	0.00947	0.00947
TCT	TTT	CT	1.36279	0.03520	0.06448	-1.36279	0.13755	0.06448	0.06448	0.06448
TCC	TTC	CT	1.55513	0.06232	0.12286	-1.55513	0.29512	0.12286	0.12286	0.12286
TCC	TCT	CT	0.54776	0.06232	0.08094	-0.54776	0.10777	0.08094	0.08094	0.08094
TCA	TTA	CT	-0.91077	0.01179	0.00723	0.91077	0.00474	0.00723	0.00723	0.00723
TCA	TCT	AT	2.14245	0.00234	0.00569	-2.14245	0.01998	0.00569	0.00569	0.00569
TCA	TCC	AC	1.59469	0.00718	0.01436	-1.59469	0.03536	0.01436	0.01436	0.01436
TCG	TTG	CT	2.61361	0.00413	0.01165	-2.61361	0.05639	0.01165	0.01165	0.01165
TCG	TCT	GT	2.85753	0.00082	0.00249	-2.85753	0.01431	0.00249	0.00249	0.00249
TCG	TCC	GC	2.30977	0.00251	0.00645	-2.30977	0.02533	0.00645	0.00645	0.00645
TCG	TCA	GA	0.71508	0.01179	0.01651	-0.71508	0.02411	0.01651	0.01651	0.01651
TAT	TTT	AT	1.33258	0.00673	0.01217	-1.33258	0.02550	0.01217	0.01217	0.01217
TAT	TCT	AC	-0.03021	0.02059	0.02028	0.03021	0.01998	0.02028	0.02028	0.02028
TAC	TTC	AT	1.70333	0.00996	0.02074	-1.70333	0.05470	0.02074	0.02074	0.02074
TAC	TCC	AC	0.14820	0.03049	0.03281	-0.14820	0.03536	0.03281	0.03281	0.03281
TAC	TAT	CT	0.72618	0.05010	0.07047	-0.72618	0.10356	0.07047	0.07047	0.07047
TGT	TTT	GT	0.90890	0.00736	0.01120	-0.90890	0.01826	0.01120	0.01120	0.01120
TGT	TCT	GC	-0.45389	0.02253	0.01780	0.45389	0.01431	0.01780	0.01780	0.01780
TGT	TAT	GA	-0.42368	0.10563	0.08483	0.42368	0.06915	0.08483	0.08483	0.08483
TGC	TTC	GT	1.14993	0.01241	0.02088	-1.14993	0.03918	0.02088	0.02088	0.02088
TGC	TCC	GC	-0.40520	0.03798	0.03081	0.40520	0.02533	0.03081	0.03081	0.03081
TGC	TAC	GA	-0.55341	0.17810	0.13334	0.55341	0.10241	0.13334	0.13334	0.13334
TGC	TGT	CT	0.59645	0.06240	0.08285	-0.59645	0.11331	0.08285	0.08285	0.08285
TGG	TTG	GT	-0.40973	0.01128	0.00912	0.40973	0.00749	0.00912	0.00912	0.00912
TGG	TCG	GC	-3.02335	0.03452	0.00534	3.02335	0.00168	0.00534	0.00534	0.00534
TGG	TGT	GT	0.28808	0.01128	0.01298	-0.28808	0.01504	0.01298	0.01298	0.01298
TGG	TGC	GC	-0.30837	0.03452	0.02947	0.30837	0.02536	0.02947	0.02947	0.02947
CTT	TTT	CT	1.34342	0.03589	0.06525	-1.34342	0.13755	0.06525	0.06525	0.06525
CTC	TTC	CT	1.42091	0.07127	0.13351	-1.42091	0.29512	0.13351	0.13351	0.13351
CTC	CTT	CT	0.43291	0.07127	0.08781	-0.43291	0.10988	0.08781	0.08781	0.08781
CTA	TTA	CT	-1.40689	0.01937	0.00884	1.40689	0.00474	0.00884	0.00884	0.00884
CTA	CTT	AT	1.66570	0.00385	0.00791	-1.66570	0.02037	0.00791	0.00791	0.00791
CTA	CTC	AC	1.23279	0.01179	0.02051	-1.23279	0.04044	0.02051	0.02051	0.02051
CTG	TTG	CT	-1.05421	0.16182	0.09124	1.05421	0.05639	0.09124	0.09124	0.09124
CTG	CTT	GT	-0.79093	0.03217	0.02111	0.79093	0.01459	0.02111	0.02111	0.02111
CTG	CTC	GC	-1.22384	0.09849	0.05022	1.22384	0.02897	0.05022	0.05022	0.05022
CTG	CTA	GA	-2.45663	0.46184	0.10638	2.45663	0.03959	0.10638	0.10638	0.10638
CCT	TCT	CT	0.96294	0.04114	0.06408	-0.96294	0.10777	0.06408	0.06408	0.06408
CCT	CTT	CT	0.98231	0.04114	0.06461	-0.98231	0.10988	0.06461	0.06461	0.06461
CCC	TCC	CT	1.28363	0.05285	0.09384	-1.28363	0.19078	0.09384	0.09384	0.09384
CCC	CTC	CT	1.41785	0.05285	0.09889	-1.41785	0.21818	0.09889	0.09889	0.09889
CCC	CCT	CT	0.86845	0.05285	0.07908	-0.86845	0.12595	0.07908	0.07908	0.07908
CCA	TCA	CT	0.64519	0.01894	0.02570	-0.64519	0.03610	0.02570	0.02570	0.02570
CCA	CTA	CT	1.14131	0.01894	0.03176	-1.14131	0.05929	0.03176	0.03176	0.03176
CCA	CCT	AT	1.82470	0.00376	0.00819	-1.82470	0.02335	0.00819	0.00819	0.00819
CCA	CCC	AC	0.95625	0.01153	0.01790	-0.95625	0.02999	0.01790	0.01790	0.01790
CCG	TCG	CT	1.16140	0.00396	0.00669	-1.16140	0.01265	0.00669	0.00669	0.00669
CCG	CTG	CT	4.82922	0.00396	0.01928	-4.82922	0.49538	0.01928	0.01928	0.01928
CCG	CCT	GT	3.05598	0.00079	0.00252	-3.05598	0.01672	0.00252	0.00252	0.00252
CCG	CCC	GC	2.18753	0.00241	0.00594	-2.18753	0.02148	0.00594	0.00594	0.00594
CCG	CCA	GA	1.23128	0.01130	0.01965	-1.23128	0.03871	0.01965	0.01965	0.01965
CAT	TAT	CT	1.57519	0.02143	0.04257	-1.57519	0.10356	0.04257	0.04257	0.04257
CAT	CTT	AT	1.56435	0.00426	0.00843	-1.56435	0.02037	0.00843	0.00843	0.00843
CAT	CCT	AC	0.58204	0.01304	0.01721	-0.58204	0.02335	0.01721	0.01721	0.01721
CAC	TAC	CT	1.07678	0.05225	0.08533	-1.07678	0.15336	0.08533	0.08533	0.08533
CAC	CTC	AT	1.35920	0.01039	0.01900	-1.35920	0.04044	0.01900	0.01900	0.01900
CAC	CCC	AC	-0.05865	0.03180	0.03088	0.05865	0.02999	0.03088	0.03088	0.03088
CAC	CAT	CT	0.22776	0.05225	0.05842	-0.22776	0.06561	0.05842	0.05842	0.05842
CAA	CTA	AT	1.35887	0.00282	0.00516	-1.35887	0.01099	0.00516	0.00516	0.00516
CAA	CCA	AC	0.21756	0.00864	0.00962	-0.21756	0.01075	0.00962	0.00962	0.00962
CAA	CAT	AT	1.46023	0.00282	0.00537	-1.46023	0.01216	0.00537	0.00537	0.00537
CAA	CAC	AC	1.23247	0.00864	0.01504	-1.23247	0.02965	0.01504	0.01504	0.01504
CAG	CTG	AT	1.58650	0.01879	0.03748	-1.58650	0.09182	0.03748	0.03748	0.03748
CAG	CCG	AC	-3.24272	0.05752	0.00758	3.24272	0.00225	0.00758	0.00758	0.00758
CAG	CAT	GT	-0.76878	0.01879	0.01248	0.76878	0.00871	0.01248	0.01248	0.01248
CAG	CAC	GC	-0.99654	0.05752	0.03354	0.99654	0.02123	0.03354	0.03354	0.03354
CAG	CAA	GA	-2.22900	0.26973	0.07252	2.22900	0.02903	0.07252	0.07252	0.07252
CGT	TGT	CT	3.23138	0.00448	0.01506	-3.23138	0.11331	0.01506	0.01506	0.01506
CGT	CTT	GT	2.79686	0.00089	0.00265	-2.79686	0.01459	0.00265	0.00265	0.00265
CGT	CCT	GC	1.81454	0.00272	0.00591	-1.81454	0.01672	0.00591	0.00591	0.00591
CGT	CAT	GA	1.23250	0.01277	0.02222	-1.23250	0.04381	0.02222	0.02222	0.02222
CGC	TGC	CT	1.79421	0.03176	0.06835	-1.79421	0.19104	0.06835	0.06835	0.06835
CGC	CTC	GT	1.52323	0.00631	0.01230	-1.52323	0.02897	0.01230	0.01230	0.01230
CGC	CCC	GC	0.10538	0.01933	0.02037	-0.10538	0.02148	0.02037	0.02037	0.02037
CGC	CAC	GA	0.16403	0.09065	0.09829	-0.16403	0.10681	0.09829	0.09829	0.09829
CGC	CGT	CT	-0.84072	0.03176	0.02026	0.84072	0.01370	0.02026	0.02026	0.02026
CGA	CTA	GT	1.92642	0.00115	0.00259	-1.92642	0.00787	0.00259	0.00259	0.00259
CGA	CCA	GC	0.78511	0.00351	0.00507	-0.78511	0.00770	0.00507	0.00507	0.00507
CGA	CAA	GA	0.56755	0.01646	0.02157	-0.56755	0.02903	0.02157	0.02157	0.02157
CGA	CGT	AT	0.79527	0.00115	0.00166	-0.79527	0.00254	0.00166	0.00166	0.00166
CGA	CGC	AC	1.63599	0.00351	0.00713	-1.63599	0.01802	0.00713	0.00713	0.00713
CGG	TGG	CT	2.44477	0.01506	0.04032	-2.44477	0.17365	0.04032	0.04032	0.04032
CGG	CTG	GT	3.08925	0.00299	0.00969	-3.08925	0.06577	0.00969	0.00969	0.00969
CGG	CCG	GC	-1.73997	0.00917	0.00340	1.73997	0.00161	0.00340	0.00340	0.00340
CGG	CAG	GA	1.50275	0.04299	0.08309	-1.50275	0.19320	0.08309	0.08309	0.08309
CGG	CGT	GT	-0.49853	0.00299	0.00231	0.49853	0.00182	0.00231	0.00231	0.00231
CGG	CGC	GC	0.34219	0.00917	0.01083	-0.34219	0.01291	0.01083	0.01083	0.01083
CGG	CGA	GA	-1.29380	0.04299	0.02102	1.29380	0.01179	0.02102	0.02102	0.02102
ATT	TTT	AT	1.92649	0.00371	0.00837	-1.92649	0.02550	0.00837	0.00837	0.00837
ATT	CTT	AC	0.58307	0.01137	0.01500	-0.58307	0.02037	0.01500	0.01500	0.01500
ATC	TTC	AT	1.51302	0.01205	0.02338	-1.51302	0.05470	0.02338	0.02338	0.02338
ATC	CTC	AC	0.09212	0.03688	0.03861	-0.09212	0.04044	0.03861	0.03861	0.03861
ATC	ATT	CT	-0.05804	0.06060	0.05886	0.05804	0.05718	0.05886	0.05886	0.05886
ATA	TTA	AT	-1.16686	0.00282	0.00149	1.16686	0.00088	0.00149	0.00149	0.00149
ATA	CTA	AC	0.24004	0.00864	0.00972	-0.24004	0.01099	0.00972	0.00972	0.00972
ATA	ATT	AT	1.32267	0.00282	0.00509	-1.32267	0.01060	0.00509	0.00509	0.00509
ATA	ATC	AC	1.38071	0.00864	0.01594	-1.38071	0.03438	0.01594	0.01594	0.01594
ATG	TTG	AT	0.19809	0.00857	0.00945	-0.19809	0.01045	0.00945	0.00945	0.00945
ATG	CTG	AC	1.25230	0.02625	0.04603	-1.25230	0.09182	0.04603	0.04603	0.04603
ATG	ATT	GT	-0.12170	0.00857	0.00806	0.12170	0.00759	0.00806	0.00806	0.00806
ATG	ATC	GC	-0.06365	0.02625	0.02542	0.06365	0.02463	0.02542	0.02542	0.02542
ATG	ATA	GA	-1.44437	0.12307	0.05488	1.44437	0.02903	0.05488	0.05488	0.05488
ACT	TCT	AT	1.20736	0.00597	0.01029	-1.20736	0.01998	0.01029	0.01029	0.01029
ACT	CCT	AC	0.24442	0.01828	0.02061	-0.24442	0.02335	0.02061	0.02061	0.02061
ACT	ATT	CT	0.64366	0.03004	0.04074	-0.64366	0.05718	0.04074	0.04074	0.04074
ACC	TCC	AT	1.05148	0.01236	0.01997	-1.05148	0.03536	0.01997	0.01997	0.01997
ACC	CCC	AC	-0.23215	0.03782	0.03360	0.23215	0.02999	0.03360	0.03360	0.03360
ACC	ATC	CT	1.09359	0.06215	0.10220	-1.09359	0.18551	0.10220	0.10220	0.10220
ACC	ACT	CT	0.39188	0.06215	0.07512	-0.39188	0.09196	0.07512	0.07512	0.07512
ACA	TCA	AT	0.26159	0.00515	0.00585	-0.26159	0.00669	0.00585	0.00585	0.00585
ACA	CCA	AC	-0.38360	0.01577	0.01294	0.38360	0.01075	0.01294	0.01294	0.01294
ACA	ATA	CT	0.51767	0.02591	0.03319	-0.51767	0.04348	0.03319	0.03319	0.03319
ACA	ACT	AT	1.19668	0.00515	0.00883	-1.19668	0.01705	0.00883	0.00883	0.00883
ACA	ACC	AC	0.80480	0.01577	0.02296	-0.80480	0.03526	0.02296	0.02296	0.02296
ACG	TCG	AT	-0.90313	0.00578	0.00356	0.90313	0.00234	0.00356	0.00356	0.00356
ACG	CCG	AC	-2.06452	0.01771	0.00531	2.06452	0.00225	0.00531	0.00531	0.00531
ACG	ATG	CT	1.51240	0.02909	0.05644	-1.51240	0.13201	0.05644	0.05644	0.05644
ACG	ACT	GT	0.74704	0.00578	0.00821	-0.74704	0.01221	0.00821	0.00821	0.00821
ACG	ACC	GC	0.35516	0.01771	0.02104	-0.35516	0.02526	0.02104	0.02104	0.02104
ACG	ACA	GA	-0.44964	0.08303	0.06576	0.44964	0.05296	0.06576	0.06576	0.06576
AAT	TAT	AT	1.31210	0.00517	0.00928	-1.31210	0.01919	0.00928	0.00928	0.00928
AAT	CAT	AC	-0.26309	0.01582	0.01383	0.26309	0.01216	0.01383	0.01383	0.01383
AAT	ATT	AT	0.71819	0.00517	0.00724	-0.71819	0.01060	0.00724	0.00724	0.00724
AAT	ACT	AC	0.07453	0.01582	0.01642	-0.07453	0.01705	0.01642	0.01642	0.01642
AAC	TAC	AT	0.93976	0.01111	0.01713	-0.93976	0.02843	0.01713	0.01713	0.01713
AAC	CAC	AC	-0.13702	0.03400	0.03172	0.13702	0.02965	0.03172	0.03172	0.03172
AAC	ATC	AT	1.13006	0.01111	0.01854	-1.13006	0.03438	0.01854	0.01854	0.01854
AAC	ACC	AC	0.03647	0.03400	0.03462	-0.03647	0.03526	0.03462	0.03462	0.03462
AAC	AAT	CT	0.35383	0.05586	0.06633	-0.35383	0.07958	0.06633	0.06633	0.06633
AAA	CAA	AC	0.14548	0.00697	0.00749	-0.14548	0.00806	0.00749	0.00749	0.00749
AAA	ATA	AT	1.26431	0.00228	0.00401	-1.26431	0.00806	0.00401	0.00401	0.00401
AAA	ACA	AC	0.74664	0.00697	0.00989	-0.74664	0.01470	0.00989	0.00989	0.00989
AAA	AAT	AT	1.86880	0.00228	0.00503	-1.86880	0.01475	0.00503	0.00503	0.00503
AAA	AAC	AC	1.51497	0.00697	0.01353	-1.51497	0.03170	0.01353	0.01353	0.01353
AAG	CAG	AC	0.37862	0.03672	0.04411	-0.37862	0.05363	0.04411	0.04411	0.04411
AAG	ATG	AT	0.71282	0.01200	0.01678	-0.71282	0.02447	0.01678	0.01678	0.01678
AAG	ACG	AC	-0.79958	0.03672	0.02398	0.79958	0.01651	0.02398	0.02398	0.02398
AAG	AAT	GT	-0.12707	0.01200	0.01125	0.12707	0.01056	0.01125	0.01125	0.01125
AAG	AAC	GC	-0.48090	0.03672	0.02860	0.48090	0.02270	0.02860	0.02860	0.02860
AAG	AAA	GA	-1.99586	0.17221	0.05405	1.99586	0.02340	0.05405	0.05405	0.05405
AGT	TGT	AT	1.59907	0.00424	0.00851	-1.59907	0.02100	0.00851	0.00851	0.00851
AGT	CGT	AC	-1.63230	0.01299	0.00515	1.63230	0.00254	0.00515	0.00515	0.00515
AGT	ATT	GT	0.58148	0.00424	0.00560	-0.58148	0.00759	0.00560	0.00560	0.00560
AGT	ACT	GC	-0.06218	0.01299	0.01259	0.06218	0.01221	0.01259	0.01259	0.01259
AGT	AAT	GA	-0.13671	0.06092	0.05685	0.13671	0.05314	0.05685	0.05685	0.05685
AGC	TGC	AT	0.90507	0.01432	0.02177	-0.90507	0.03541	0.02177	0.02177	0.02177
AGC	CGC	AC	-0.88915	0.04385	0.02721	0.88915	0.01802	0.02721	0.02721	0.02721
AGC	ATC	GT	0.54197	0.01432	0.01855	-0.54197	0.02463	0.01855	0.01855	0.01855
AGC	ACC	GC	-0.55162	0.04385	0.03286	0.55162	0.02526	0.03286	0.03286	0.03286
AGC	AAC	GA	-0.58810	0.20562	0.15105	0.58810	0.11420	0.15105	0.15105	0.15105
AGC	AGT	CT	-0.09756	0.07205	0.06859	0.09756	0.06535	0.06859	0.06859	0.06859
AGA	CGA	AC	-0.87606	0.00786	0.00491	0.87606	0.00327	0.00491	0.00491	0.00491
AGA	ATA	GT	0.81032	0.00257	0.00375	-0.81032	0.00577	0.00375	0.00375	0.00375
AGA	ACA	GC	0.29265	0.00786	0.00906	-0.29265	0.01053	0.00906	0.00906	0.00906
AGA	AAA	GA	-0.45399	0.03685	0.02911	0.45399	0.02340	0.02911	0.02911	0.02911
AGA	AGT	AT	1.55151	0.00257	0.00505	-1.55151	0.01211	0.00505	0.00505	0.00505
AGA	AGC	AC	1.64907	0.00786	0.01604	-1.64907	0.04088	0.01604	0.01604	0.01604
AGG	TGG	AT	1.50636	0.00714	0.01381	-1.50636	0.03219	0.01381	0.01381	0.01381
AGG	CGG	AC	-0.93842	0.02185	0.01318	0.93842	0.00855	0.01318	0.01318	0.01318
AGG	ATG	GT	0.89853	0.00714	0.01082	-0.89853	0.01753	0.01082	0.01082	0.01082
AGG	ACG	GC	-0.61386	0.02185	0.01582	0.61386	0.01182	0.01582	0.01582	0.01582
AGG	AAG	GA	0.18572	0.10244	0.11225	-0.18572	0.12335	0.11225	0.11225	0.11225
AGG	AGT	GT	0.19536	0.00714	0.00786	-0.19536	0.00868	0.00786	0.00786	0.00786
AGG	AGC	GC	0.29292	0.02185	0.02520	-0.29292	0.02928	0.02520	0.02520	0.02520
AGG	AGA	GA	-1.35616	0.10244	0.04822	1.35616	0.02639	0.04822	0.04822	0.04822
GTT	TTT	GT	1.35228	0.00472	0.00862	-1.35228	0.01826	0.00862	0.00862	0.00862
GTT	CTT	GC	0.00886	0.01446	0.01452	-0.00886	0.01459	0.01452	0.01452	0.01452
GTT	ATT	GA	-0.57421	0.06780	0.05019	0.57421	0.03818	0.05019	0.05019	0.05019
GTC	TTC	GT	1.73221	0.00693	0.01459	-1.73221	0.03918	0.01459	0.01459	0.01459
GTC	CTC	GC	0.31130	0.02122	0.02469	-0.31130	0.02897	0.02469	0.02469	0.02469
GTC	ATC	GA	0.21919	0.09949	0.11079	-0.21919	0.12387	0.11079	0.11079	0.11079
GTC	GTT	CT	0.73535	0.03486	0.04923	-0.73535	0.07273	0.04923	0.04923	0.04923
GTA	TTA	GT	-0.38360	0.00092	0.00076	0.38360	0.00063	0.00076	0.00076	0.00076
GTA	CTA	GC	1.02329	0.00283	0.00452	-1.02329	0.00787	0.00452	0.00452	0.00452
GTA	ATA	GA	0.78326	0.01327	0.01913	-0.78326	0.02903	0.01913	0.01913	0.01913
GTA	GTT	AT	2.68013	0.00092	0.00266	-2.68013	0.01348	0.00266	0.00266	0.00266
GTA	GTC	AC	1.94479	0.00283	0.00642	-1.94479	0.01978	0.00642	0.00642	0.00642
GTG	TTG	GT	-1.14376	0.02350	0.01257	1.14376	0.00749	0.01257	0.01257	0.01257
GTG	CTG	GC	-0.08955	0.07193	0.06876	0.08955	0.06577	0.06876	0.06876	0.06876
GTG	ATG	GA	-1.34185	0.33729	0.16015	1.34185	0.08815	0.16015	0.16015	0.16015
GTG	GTT	GT	-0.88934	0.02350	0.01458	0.88934	0.00966	0.01458	0.01458	0.01458
GTG	GTC	GC	-1.62469	0.07193	0.02867	1.62469	0.01417	0.02867	0.02867	0.02867
GTG	GTA	GA	-3.56947	0.33729	0.03490	3.56947	0.00950	0.03490	0.03490	0.03490
GCT	TCT	GT	0.57387	0.00806	0.01059	-0.57387	0.01431	0.01059	0.01059	0.01059
GCT	CCT	GC	-0.38907	0.02468	0.02019	0.38907	0.01672	0.02019	0.02019	0.02019
GCT	ACT	GA	-0.63349	0.11571	0.08290	0.63349	0.06141	0.08290	0.08290	0.08290
GCT	GTT	CT	0.58438	0.04054	0.05353	-0.58438	0.07273	0.05353	0.05353	0.05353
GCC	TCC	GT	0.12969	0.02225	0.02372	-0.12969	0.02533	0.02372	0.02372	0.02372
GCC	CCC	GC	-1.15395	0.06811	0.03621	1.15395	0.02148	0.03621	0.03621	0.03621
GCC	ACC	GA	-0.92180	0.31936	0.19446	0.92180	0.12704	0.19446	0.19446	0.19446
GCC	GTC	CT	-0.04740	0.11190	0.10927	0.04740	0.10672	0.10927	0.10927	0.10927
GCC	GCT	CT	0.10357	0.11190	0.11779	-0.10357	0.12411	0.11779	0.11779	0.11779
GCA	TCA	GT	-0.32084	0.00661	0.00560	0.32084	0.00479	0.00560	0.00560	0.00560
GCA	CCA	GC	-0.96603	0.02022	0.01200	0.96603	0.00770	0.01200	0.01200	0.01200
GCA	ACA	GA	-0.58243	0.09482	0.06988	0.58243	0.05296	0.06988	0.06988	0.06988
GCA	GTA	CT	-0.84802	0.03323	0.02111	0.84802	0.01423	0.02111	0.02111	0.02111
GCA	GCT	AT	1.24774	0.00661	0.01156	-1.24774	0.02300	0.01156	0.01156	0.01156
GCA	GCC	AC	1.14416	0.02022	0.03395	-1.14416	0.06349	0.03395	0.03395	0.03395
GCG	TCG	GT	-0.41100	0.00253	0.00205	0.41100	0.00168	0.00205	0.00205	0.00205
GCG	CCG	GC	-1.57239	0.00775	0.00319	1.57239	0.00161	0.00319	0.00319	0.00319
GCG	ACG	GA	0.49213	0.03636	0.04603	-0.49213	0.05947	0.04603	0.04603	0.04603
GCG	GTG	CT	3.34638	0.01274	0.04419	-3.34638	0.36179	0.04419	0.04419	0.04419
GCG	GCT	GT	1.87266	0.00253	0.00560	-1.87266	0.01648	0.00560	0.00560	0.00560
GCG	GCC	GC	1.76908	0.00775	0.01654	-1.76908	0.04548	0.01654	0.01654	0.01654
GCG	GCA	GA	0.62492	0.03636	0.04889	-0.62492	0.06792	0.04889	0.04889	0.04889
GAT	TAT	GT	1.71209	0.00248	0.00518	-1.71209	0.01375	0.00518	0.00518	0.00518
GAT	CAT	GC	0.13690	0.00760	0.00813	-0.13690	0.00871	0.00813	0.00813	0.00813
GAT	AAT	GA	0.39999	0.03562	0.04322	-0.39999	0.05314	0.04322	0.04322	0.04322
GAT	GTT	AT	1.69239	0.00248	0.00515	-1.69239	0.01348	0.00515	0.00515	0.00515
GAT	GCT	AC	1.10801	0.00760	0.01257	-1.10801	0.02300	0.01257	0.01257	0.01257
GAC	TAC	GT	0.48434	0.01254	0.01583	-0.48434	0.02036	0.01583	0.01583	0.01583
GAC	CAC	GC	-0.59244	0.03840	0.02814	0.59244	0.02123	0.02814	0.02814	0.02814
GAC	AAC	GA	-0.45542	0.18007	0.14217	0.45542	0.11420	0.14217	0.14217	0.14217
GAC	GTC	AT	0.45546	0.01254	0.01562	-0.45546	0.01978	0.01562	0.01562	0.01562
GAC	GCC	AC	0.50286	0.03840	0.04886	-0.50286	0.06349	0.04886	0.04886	0.04886
GAC	GAT	CT	-0.50158	0.06309	0.04859	0.50158	0.03821	0.04859	0.04859	0.04859
GAA	CAA	GC	-0.89630	0.01415	0.00874	0.89630	0.00577	0.00874	0.00874	0.00874
GAA	AAA	GA	-1.04178	0.06633	0.03767	1.04178	0.02340	0.03767	0.03767	0.03767
GAA	GTA	AT	-0.56072	0.00462	0.00345	0.56072	0.00264	0.00345	0.00345	0.00345
GAA	GCA	AC	0.28730	0.01415	0.01627	-0.28730	0.01885	0.01627	0.01627	0.01627
GAA	GAT	AT	0.42703	0.00462	0.00568	-0.42703	0.00708	0.00568	0.00568	0.00568
GAA	GAC	AC	0.92861	0.01415	0.02171	-0.92861	0.03580	0.02171	0.02171	0.02171
GAG	CAG	GC	-0.08594	0.04186	0.04009	0.08594	0.03841	0.04009	0.04009	0.04009
GAG	AAG	GA	-0.46456	0.19628	0.15421	0.46456	0.12335	0.15421	0.15421	0.15421
GAG	GTG	AT	1.59011	0.01367	0.02731	-1.59011	0.06706	0.02731	0.02731	0.02731
GAG	GCG	AC	-1.75627	0.04186	0.01535	1.75627	0.00723	0.01535	0.01535	0.01535
GAG	GAT	GT	-0.99161	0.01367	0.00800	0.99161	0.00507	0.00800	0.00800	0.00800
GAG	GAC	GC	-0.49004	0.04186	0.03244	0.49004	0.02564	0.03244	0.03244	0.03244
GAG	GAA	GA	-1.41864	0.19628	0.08892	1.41864	0.04751	0.08892	0.08892	0.08892
GGT	TGT	GT	1.33638	0.00395	0.00717	-1.33638	0.01504	0.00717	0.00717	0.00717
GGT	CGT	GC	-1.89500	0.01210	0.00406	1.89500	0.00182	0.00406	0.00406	0.00406
GGT	AGT	GA	-0.26269	0.05675	0.04962	0.26269	0.04364	0.04962	0.04962	0.04962
GGT	GTT	GT	0.89300	0.00395	0.00598	-0.89300	0.00966	0.00598	0.00598	0.00598
GGT	GCT	GC	0.30862	0.01210	0.01407	-0.30862	0.01648	0.01407	0.01407	0.01407
GGT	GAT	GA	-0.79939	0.05675	0.03706	0.79939	0.02551	0.03706	0.03706	0.03706
GGC	TGC	GT	0.50436	0.01532	0.01950	-0.50436	0.02536	0.01950	0.01950	0.01950
GGC	CGC	GC	-1.28985	0.04689	0.02298	1.28985	0.01291	0.02298	0.02298	0.02298
GGC	AGC	GA	-0.40070	0.21986	0.17875	0.40070	0.14728	0.17875	0.17875	0.17875
GGC	GTC	GT	-0.07792	0.01532	0.01473	0.07792	0.01417	0.01473	0.01473	0.01473
GGC	GCC	GC	-0.03053	0.04689	0.04618	0.03053	0.04548	0.04618	0.04618	0.04618
GGC	GAC	GA	-0.53338	0.21986	0.16642	0.53338	0.12898	0.16642	0.16642	0.16642
GGC	GGT	CT	-0.23557	0.07704	0.06832	0.23557	0.06087	0.06832	0.06832	0.06832
GGA	CGA	GC	-1.46182	0.01011	0.00446	1.46182	0.00234	0.00446	0.00446	0.00446
GGA	AGA	GA	-0.58576	0.04741	0.03487	0.58576	0.02639	0.03487	0.03487	0.03487
GGA	GTA	GT	-0.55869	0.00330	0.00247	0.55869	0.00189	0.00247	0.00247	0.00247
GGA	GCA	GC	0.28932	0.01011	0.01164	-0.28932	0.01350	0.01164	0.01164	0.01164
GGA	GAA	GA	0.00203	0.04741	0.04746	-0.00203	0.04751	0.04746	0.04746	0.04746
GGA	GGT	AT	1.22845	0.00330	0.00574	-1.22845	0.01128	0.00574	0.00574	0.00574
GGA	GGC	AC	1.46402	0.01011	0.01926	-1.46402	0.04371	0.01926	0.01926	0.01926
GGG	TGG	GT	0.65323	0.01200	0.01634	-0.65323	0.02305	0.01634	0.01634	0.01634
GGG	CGG	GC	-1.79154	0.03672	0.01316	1.79154	0.00612	0.01316	0.01316	0.01316
GGG	AGG	GA	-0.85313	0.17221	0.10907	0.85313	0.07337	0.10907	0.10907	0.10907
GGG	GTG	GT	1.38726	0.01200	0.02218	-1.38726	0.04803	0.02218	0.02218	0.02218
GGG	GCG	GC	-1.95912	0.03672	0.01181	1.95912	0.00518	0.01181	0.01181	0.01181
GGG	GAG	GA	-0.20285	0.17221	0.15533	0.20285	0.14059	0.15533	0.15533	0.15533
GGG	GGT	GT	-0.39508	0.01200	0.00978	0.39508	0.00808	0.00978	0.00978	0.00978
GGG	GGC	GC	-0.15951	0.03672	0.03387	0.15951	0.03131	0.03387	0.03387	0.03387
GGG	GGA	GA	-1.62352	0.17221	0.06868	1.62352	0.03396	0.06868	0.06868	0.06868


Histograms
2Ns	FMut	FSub(CodonUsage)	FSubw(after w)

-4.59926	0.02353	0.00117	0.00117
-4.13933	0.00247	0.00022	0.00022
-3.67941	0.01524	0.00198	0.00198
-3.21948	0.02934	0.00479	0.00479
-2.75956	0.00684	0.00164	0.00164
-2.29963	0.04391	0.01348	0.01348
-1.83970	0.05172	0.02348	0.02348
-1.37978	0.17460	0.10072	0.10072
-0.91985	0.11729	0.08905	0.08905
-0.45993	0.17788	0.17478	0.17478
0.00000	0.14152	0.17736	0.17736
0.45993	0.11109	0.17478	0.17478
0.91985	0.04618	0.08905	0.08905
1.37978	0.04329	0.10072	0.10072
1.83970	0.00876	0.02348	0.02348
2.29963	0.00411	0.01348	0.01348
2.75956	0.00045	0.00164	0.00164
3.21948	0.00113	0.00479	0.00479
3.67941	0.00043	0.00198	0.00198
4.13933	0.00004	0.00022	0.00022
4.59926	0.00019	0.00117	0.00117

Proportion of advantageous (S > 0) mutations:
 0.28202

Proportions of good & bad mutations (|S| > 2.0000) among mutations:
0.00645  0.12212

mean |Ns| = 1.13311	mean Ns+ = 0.69230	mean Ns- = -1.30625

