

TREE # 1

  0  0.0000  13296.594350  x:  0.26247   0.00852   0.24163   0.04696   0.12829   0.06323   0.06122   0.05600   0.08518   0.02508   0.02306   0.00075   0.10757   0.08304   0.12050   0.08695   0.00343   0.00216   0.05327   0.03268   0.00957   0.00716   0.04537   0.04756   0.04883   0.05531   0.00440   0.02180   0.00942   0.00911   0.00134   0.00647   0.00547   0.00518   0.00416   0.00529   0.00867   0.00355   0.00428   0.00649   0.00896   0.01638   0.00341   0.00255   0.00545   0.01817   0.01782   0.02236   0.03094   0.01303   0.00973   0.00774   0.02614   0.00071   0.00645   0.01816   0.01570   0.00124   0.00861   0.00572   0.00378   0.00219   0.97509   0.84319   0.91843   0.92950   1.14928   1.17658  
  1 99.0000  13278.832425  x:  0.26229   0.01319   0.24195   0.04835   0.12828   0.06318   0.06098   0.05660   0.08546   0.02530   0.02288   0.01934   0.10747   0.08370   0.12130   0.08720   0.00374   0.00844   0.05364   0.03207   0.00960   0.00716   0.04584   0.04763   0.04926   0.05563   0.00656   0.02205   0.00942   0.00934   0.00077   0.00607   0.00592   0.00592   0.00346   0.00705   0.00778   0.00358   0.00483   0.00608   0.00881   0.01599   0.00364   0.00221   0.00700   0.01859   0.01744   0.02300   0.03100   0.01310   0.00962   0.00794   0.02606   0.00405   0.00609   0.01827   0.01546   0.00159   0.00881   0.00701   0.00411   0.00170   0.97920   0.84299   0.91882   0.92949   1.14650   1.17655  
  2 3627.5066  13271.701260  x:  0.26201   0.01694   0.24237   0.04987   0.12824   0.06319   0.06059   0.05691   0.08550   0.02566   0.02254   0.02082   0.10709   0.08420   0.12223   0.08748   0.00381   0.00781   0.05406   0.03128   0.00962   0.00717   0.04628   0.04768   0.04982   0.05601   0.00693   0.02231   0.00942   0.00950   0.00388   0.00590   0.00603   0.00606   0.00355   0.00740   0.00716   0.00357   0.00481   0.00590   0.00855   0.01558   0.00356   0.00260   0.00738   0.01902   0.01703   0.02365   0.03109   0.01316   0.00954   0.00808   0.02595   0.00046   0.00591   0.01837   0.01524   0.00079   0.00888   0.00737   0.00421   0.00217   0.98460   0.84272   0.91933   0.92947   1.14283   1.17651  
  3 1366.7738  13245.893930  x:  0.26024   0.03638   0.24485   0.05854   0.12795   0.06332   0.05826   0.05851   0.08556   0.02777   0.02057   0.01991   0.10472   0.08702   0.12765   0.08911   0.00398   0.00092   0.05654   0.02670   0.00971   0.00718   0.04879   0.04800   0.05311   0.05828   0.00759   0.02373   0.00940   0.01018   0.00831   0.00536   0.00628   0.00626   0.00418   0.00811   0.00461   0.00352   0.00446   0.00535   0.00717   0.01347   0.00320   0.00322   0.00839   0.02129   0.01482   0.02718   0.03154   0.01349   0.00915   0.00863   0.02537   0.00450   0.00539   0.01897   0.01415   0.00447   0.00931   0.00838   0.00418   0.00279   1.01759   0.84104   0.92245   0.92937   1.12033   1.17626  
  4 3087.6847  13190.275344  x:  0.25391   0.09410   0.25314   0.08591   0.12687   0.06380   0.05062   0.06331   0.08558   0.03410   0.01477   0.00359   0.09657   0.09618   0.14541   0.09439   0.00466   0.01932   0.06467   0.01315   0.00987   0.00720   0.05687   0.04909   0.06362   0.06555   0.00725   0.02764   0.00945   0.01139   0.00980   0.00529   0.00614   0.00582   0.00466   0.00785   0.00411   0.00354   0.00385   0.00533   0.00455   0.00841   0.00343   0.00178   0.00891   0.02747   0.00921   0.03730   0.03281   0.01429   0.00838   0.00947   0.02377   0.00984   0.00531   0.02057   0.01136   0.00926   0.00979   0.00907   0.00274   0.00192   1.13160   0.83522   0.93326   0.92905   1.04206   1.17539  
  5 10332.2612  13143.470478  x:  0.25044   0.11473   0.25680   0.09595   0.12631   0.06409   0.04814   0.06505   0.08581   0.03517   0.01607   0.00153   0.09321   0.10004   0.15290   0.09629   0.00479   0.01831   0.06760   0.01620   0.00970   0.00719   0.05895   0.04941   0.06717   0.06800   0.00625   0.02769   0.00961   0.01029   0.00000   0.00660   0.00563   0.00555   0.00285   0.00623   0.01130   0.00364   0.00561   0.00665   0.00990   0.01388   0.00386   0.00433   0.00680   0.02763   0.01394   0.03890   0.03291   0.01403   0.00916   0.00835   0.02387   0.00753   0.00655   0.02039   0.01292   0.00556   0.00871   0.00694   0.00522   0.00347   1.19081   0.83214   0.93895   0.92888   1.00011   1.17493  
  6 6762.3426  13126.004718  x:  0.24789   0.12711   0.25932   0.10229   0.12590   0.06431   0.04662   0.06611   0.08600   0.03551   0.01773   0.00000   0.09092   0.10262   0.15793   0.09750   0.00484   0.01900   0.06946   0.02005   0.00952   0.00718   0.06006   0.04960   0.06935   0.06950   0.00513   0.02734   0.00974   0.00913   0.00028   0.00792   0.00511   0.00522   0.00112   0.00456   0.01822   0.00374   0.00719   0.00797   0.01486   0.01915   0.00436   0.00597   0.00463   0.02714   0.01860   0.03930   0.03286   0.01370   0.00994   0.00721   0.02413   0.00937   0.00780   0.02008   0.01457   0.00294   0.00770   0.00475   0.00723   0.00416   1.23346   0.82991   0.94307   0.92877   0.96965   1.17459  
  7 31500.3731  13126.004718  x:  0.24789   0.12711   0.25932   0.10229   0.12590   0.06431   0.04662   0.06611   0.08600   0.03551   0.01773   0.00000   0.09092   0.10262   0.15793   0.09750   0.00484   0.01900   0.06946   0.02005   0.00952   0.00718   0.06006   0.04960   0.06935   0.06950   0.00513   0.02734   0.00974   0.00913   0.00028   0.00792   0.00511   0.00522   0.00112   0.00456   0.01822   0.00374   0.00719   0.00797   0.01486   0.01915   0.00436   0.00597   0.00463   0.02714   0.01860   0.03930   0.03286   0.01370   0.00994   0.00721   0.02413   0.00937   0.00780   0.02008   0.01457   0.00294   0.00770   0.00475   0.00723   0.00416   1.23346   0.82991   0.94307   0.92877   0.96965   1.17459  
  8 11277.6802  13107.601229  x:  0.24775   0.12510   0.25914   0.10112   0.12592   0.06432   0.04727   0.06604   0.08623   0.03469   0.01844   0.01343   0.09142   0.10247   0.15748   0.09721   0.00450   0.01684   0.06893   0.02113   0.00956   0.00718   0.05938   0.04951   0.06871   0.06899   0.00576   0.02684   0.00949   0.00928   0.01092   0.00707   0.00570   0.00570   0.00862   0.00651   0.01613   0.00358   0.00602   0.00710   0.01356   0.01846   0.00373   0.00391   0.00642   0.02624   0.01818   0.03813   0.03272   0.01358   0.00979   0.00748   0.02435   0.00640   0.00699   0.01982   0.01464   0.00137   0.00817   0.00651   0.00569   0.00243   1.23540   0.82978   0.94330   0.92877   0.96760   1.17457  
  9 4990.2179  13088.728500  x:  0.24744   0.12082   0.25880   0.09866   0.12588   0.06440   0.04849   0.06544   0.08628   0.03315   0.01950   0.01652   0.09204   0.10182   0.15653   0.09661   0.00396   0.01248   0.06784   0.02306   0.00961   0.00718   0.05800   0.04932   0.06740   0.06794   0.00642   0.02586   0.00914   0.00949   0.00783   0.00583   0.00614   0.00610   0.00672   0.00763   0.01201   0.00352   0.00436   0.00585   0.01111   0.01716   0.00329   0.00088   0.00757   0.02448   0.01742   0.03576   0.03246   0.01337   0.00957   0.00787   0.02474   0.00049   0.00583   0.01937   0.01481   0.00080   0.00885   0.00764   0.00356   0.00053   1.23950   0.82950   0.94377   0.92877   0.96327   1.17453  
 10 1934.3047  13085.138609  x:  0.24735   0.11958   0.25870   0.09796   0.12587   0.06442   0.04883   0.06528   0.08630   0.03272   0.01978   0.01745   0.09222   0.10164   0.15626   0.09644   0.00384   0.01128   0.06753   0.02357   0.00963   0.00718   0.05761   0.04927   0.06703   0.06764   0.00657   0.02559   0.00906   0.00954   0.00707   0.00558   0.00623   0.00617   0.00631   0.00787   0.01091   0.00351   0.00406   0.00559   0.01047   0.01682   0.00324   0.00122   0.00782   0.02400   0.01722   0.03510   0.03240   0.01332   0.00952   0.00797   0.02484   0.00008   0.00560   0.01925   0.01486   0.00094   0.00899   0.00788   0.00325   0.00123   1.24068   0.82942   0.94390   0.92877   0.96202   1.17452  
 11 5271.9492  13069.160405  x:  0.24683   0.11221   0.25812   0.09375   0.12582   0.06453   0.05086   0.06428   0.08638   0.03015   0.02146   0.02295   0.09328   0.10054   0.15465   0.09543   0.00308   0.00410   0.06568   0.02663   0.00971   0.00717   0.05530   0.04897   0.06481   0.06587   0.00749   0.02399   0.00860   0.00984   0.00243   0.00398   0.00678   0.00666   0.00378   0.00936   0.00428   0.00345   0.00212   0.00397   0.00661   0.01477   0.00288   0.00195   0.00938   0.02114   0.01600   0.03113   0.03198   0.01301   0.00920   0.00853   0.02544   0.00064   0.00415   0.01852   0.01517   0.00144   0.00987   0.00939   0.00113   0.00379   1.24775   0.82893   0.94472   0.92878   0.95455   1.17444  
 12 49075.5563  13063.178691  x:  0.24656   0.10839   0.25783   0.09161   0.12579   0.06459   0.05180   0.06377   0.08640   0.02898   0.02211   0.02522   0.09379   0.09997   0.15383   0.09493   0.00298   0.00188   0.06476   0.02790   0.00972   0.00717   0.05422   0.04884   0.06371   0.06503   0.00774   0.02328   0.00859   0.00991   0.00052   0.00422   0.00681   0.00669   0.00324   0.00964   0.00296   0.00348   0.00355   0.00423   0.00549   0.01402   0.00312   0.00200   0.00968   0.01993   0.01556   0.02925   0.03177   0.01291   0.00914   0.00864   0.02572   0.00066   0.00434   0.01825   0.01521   0.00159   0.01008   0.00966   0.00362   0.00364   1.25144   0.82868   0.94514   0.92879   0.95064   1.17440  
 13 4303.0941  13048.130128  x:  0.24588   0.09852   0.25711   0.08615   0.12570   0.06471   0.05407   0.06243   0.08637   0.02623   0.02347   0.02674   0.09501   0.09849   0.15174   0.09368   0.00308   0.00258   0.06250   0.03076   0.00974   0.00716   0.05162   0.04856   0.06098   0.06296   0.00808   0.02168   0.00882   0.00996   0.00093   0.00524   0.00658   0.00648   0.00048   0.00942   0.00461   0.00360   0.00452   0.00525   0.00421   0.01257   0.00372   0.00292   0.00958   0.01728   0.01469   0.02476   0.03129   0.01274   0.00909   0.00876   0.02633   0.00067   0.00526   0.01767   0.01528   0.00144   0.01034   0.00951   0.00347   0.00314   1.26099   0.82802   0.94624   0.92880   0.94046   1.17430  
 14 3532.2428  13033.478408  x:  0.24510   0.08704   0.25627   0.07982   0.12560   0.06484   0.05665   0.06086   0.08631   0.02313   0.02497   0.02701   0.09638   0.09675   0.14931   0.09224   0.00319   0.00356   0.05989   0.03397   0.00976   0.00716   0.04865   0.04823   0.05784   0.06059   0.00841   0.01989   0.00911   0.01001   0.00000   0.00623   0.00627   0.00621   0.00146   0.00898   0.00628   0.00372   0.00513   0.00625   0.00314   0.01102   0.00429   0.00377   0.00928   0.01435   0.01376   0.01966   0.03074   0.01257   0.00905   0.00887   0.02700   0.00067   0.00617   0.01704   0.01537   0.00136   0.01059   0.00916   0.00269   0.00266   1.27212   0.82725   0.94752   0.92882   0.92860   1.17417  
 15 25725.4896  13018.441712  x:  0.24381   0.06815   0.25489   0.06940   0.12543   0.06507   0.06091   0.05825   0.08618   0.01802   0.02745   0.02577   0.09863   0.09387   0.14531   0.08986   0.00332   0.00416   0.05559   0.03927   0.00979   0.00715   0.04375   0.04770   0.05267   0.05668   0.00896   0.01693   0.00954   0.01011   0.00018   0.00771   0.00577   0.00578   0.00309   0.00815   0.00806   0.00392   0.00624   0.00774   0.00126   0.00845   0.00522   0.00490   0.00873   0.00952   0.01220   0.01127   0.02984   0.01227   0.00897   0.00908   0.02812   0.00067   0.00752   0.01600   0.01553   0.00152   0.01103   0.00852   0.00199   0.00193   1.29043   0.82598   0.94962   0.92884   0.90908   1.17398  
 16 184655.7877  13005.914573  x:  0.24266   0.05103   0.25368   0.06015   0.12530   0.06524   0.06450   0.05604   0.08608   0.01438   0.02938   0.02552   0.10061   0.09133   0.14174   0.08782   0.00333   0.00429   0.05193   0.04348   0.00980   0.00715   0.03971   0.04726   0.04827   0.05346   0.00940   0.01493   0.00992   0.01012   0.00022   0.00807   0.00558   0.00561   0.00343   0.00759   0.00832   0.00387   0.00596   0.00810   0.00744   0.00765   0.00519   0.00484   0.00831   0.00740   0.01147   0.00596   0.02915   0.01213   0.00900   0.00919   0.02895   0.00071   0.00788   0.01535   0.01560   0.00138   0.01120   0.00804   0.00222   0.00222   1.30726   0.82482   0.95156   0.92887   0.89105   1.17379  
 17 13485.5853  12965.722629  x:  0.24005   0.01097   0.25098   0.03949   0.12508   0.06545   0.07182   0.05150   0.08593   0.01145   0.03250   0.02549   0.10501   0.08567   0.13360   0.08353   0.00340   0.00695   0.04449   0.05087   0.00972   0.00714   0.03227   0.04646   0.03948   0.04743   0.00845   0.01409   0.01036   0.00982   0.00024   0.00729   0.00573   0.00572   0.00368   0.00651   0.00874   0.00335   0.00382   0.00732   0.00747   0.01187   0.00331   0.00318   0.00702   0.01419   0.01260   0.01249   0.02808   0.01229   0.00944   0.00909   0.03018   0.00084   0.00721   0.01520   0.01541   0.00110   0.01052   0.00679   0.00476   0.00396   1.34820   0.82195   0.95627   0.92895   0.84679   1.17334  
 18 7058.3244  12951.484839  x:  0.23937   0.00185   0.25017   0.03531   0.12521   0.06528   0.07345   0.05100   0.08596   0.01909   0.03196   0.02556   0.10653   0.08379   0.13094   0.08252   0.00360   0.00585   0.04376   0.05095   0.00967   0.00715   0.03356   0.04642   0.03858   0.04688   0.00722   0.01802   0.01006   0.00962   0.00025   0.00674   0.00583   0.00583   0.00374   0.00751   0.00835   0.00436   0.00804   0.00678   0.00832   0.01180   0.00534   0.00489   0.00741   0.01300   0.01433   0.01314   0.02850   0.01272   0.00954   0.00841   0.02967   0.00072   0.00671   0.01656   0.01509   0.00361   0.00958   0.00747   0.00179   0.00192   1.36959   0.82041   0.95874   0.92901   0.82288   1.17310  
 19 2559.5288  12921.491338  x:  0.23871   0.00188   0.24908   0.03172   0.12549   0.06498   0.07571   0.05058   0.08593   0.02445   0.03068   0.02509   0.10879   0.08109   0.12758   0.08122   0.00346   0.00653   0.04320   0.05085   0.00966   0.00715   0.03576   0.04637   0.03785   0.04632   0.00647   0.02126   0.00952   0.00956   0.00024   0.00618   0.00583   0.00585   0.00371   0.00795   0.00890   0.00361   0.00666   0.00619   0.00775   0.01081   0.00467   0.00376   0.00784   0.01069   0.01543   0.01198   0.02912   0.01306   0.00946   0.00794   0.02887   0.00083   0.00622   0.01785   0.01474   0.00000   0.00875   0.00794   0.00347   0.00377   1.40410   0.81790   0.96275   0.92912   0.78398   1.17271  
 20 4280.8100  12877.096829  x:  0.23749   0.00344   0.24698   0.02497   0.12603   0.06442   0.08011   0.04977   0.08588   0.03325   0.02827   0.02497   0.11319   0.07590   0.12117   0.07870   0.00315   0.00864   0.04206   0.05080   0.00964   0.00716   0.03973   0.04626   0.03638   0.04518   0.00530   0.02676   0.00854   0.00948   0.00023   0.00521   0.00585   0.00588   0.00358   0.00864   0.01051   0.00185   0.00255   0.00515   0.00670   0.00902   0.00266   0.00020   0.00863   0.00665   0.01725   0.00972   0.03025   0.01364   0.00929   0.00718   0.02741   0.00102   0.00540   0.02012   0.01414   0.00099   0.00738   0.00875   0.00716   0.00683   1.47082   0.81306   0.97050   0.92932   0.70876   1.17196  
 21 96678.3807  12860.647078  x:  0.23698   0.00478   0.24610   0.02234   0.12626   0.06419   0.08202   0.04941   0.08586   0.03592   0.02734   0.02478   0.11507   0.07371   0.11849   0.07763   0.00292   0.00923   0.04155   0.05093   0.00964   0.00716   0.04114   0.04619   0.03573   0.04468   0.00515   0.02853   0.00815   0.00950   0.00023   0.00472   0.00593   0.00596   0.00357   0.00886   0.01072   0.00139   0.00043   0.00463   0.00651   0.00853   0.00154   0.00143   0.00899   0.00590   0.01777   0.00915   0.03067   0.01382   0.00919   0.00703   0.02688   0.00099   0.00496   0.02088   0.01393   0.00122   0.00711   0.00908   0.00871   0.00576   1.49930   0.81099   0.97380   0.92941   0.67662   1.17164  
 22 74734.3631  12834.574039  x:  0.23638   0.00749   0.24500   0.01944   0.12654   0.06391   0.08445   0.04894   0.08582   0.03734   0.02634   0.02456   0.11738   0.07106   0.11524   0.07631   0.00249   0.01020   0.04082   0.05137   0.00966   0.00716   0.04241   0.04610   0.03487   0.04397   0.00545   0.02975   0.00775   0.00959   0.00023   0.00388   0.00610   0.00611   0.00359   0.00896   0.01051   0.00140   0.00146   0.00377   0.00652   0.00827   0.00014   0.00198   0.00940   0.00637   0.01800   0.00886   0.03108   0.01391   0.00904   0.00715   0.02634   0.00100   0.00420   0.02146   0.01380   0.00134   0.00717   0.00936   0.00882   0.00542   1.53447   0.80843   0.97788   0.92953   0.63687   1.17124  
 23 69961.9011  12757.674354  x:  0.23408   0.01829   0.24082   0.00853   0.12760   0.06288   0.09376   0.04714   0.08569   0.04189   0.02259   0.02385   0.12624   0.06094   0.10285   0.07128   0.00082   0.01389   0.03803   0.05312   0.00975   0.00716   0.04705   0.04571   0.03154   0.04126   0.00678   0.03400   0.00626   0.00994   0.00025   0.00068   0.00678   0.00672   0.00372   0.00924   0.00943   0.00157   0.00410   0.00048   0.00671   0.00756   0.00172   0.00364   0.01094   0.00891   0.01870   0.00824   0.03263   0.01421   0.00844   0.00770   0.02435   0.00101   0.00130   0.02355   0.01337   0.00171   0.00755   0.01037   0.00945   0.00430   1.66922   0.79863   0.99352   0.92999   0.48458   1.16972  
 24 551966.2675  12714.942499  x:  0.23242   0.02571   0.23781   0.00213   0.12839   0.06212   0.10046   0.04598   0.08561   0.04510   0.01996   0.02339   0.13265   0.05376   0.09394   0.06773   0.00000   0.01509   0.03615   0.05438   0.00982   0.00716   0.05032   0.04545   0.02940   0.03945   0.00782   0.03693   0.00531   0.01021   0.00026   0.00251   0.00734   0.00721   0.00385   0.00959   0.00706   0.00236   0.00503   0.00451   0.00726   0.00753   0.00234   0.00419   0.01213   0.01128   0.01913   0.00873   0.03373   0.01439   0.00803   0.00820   0.02295   0.00098   0.00084   0.02493   0.01316   0.00182   0.00800   0.01119   0.00845   0.00384   1.76762   0.79146   1.00492   0.93033   0.37328   1.16860  
 25 204751.1435  12677.890151  x:  0.23087   0.02988   0.23513   0.00400   0.12916   0.06143   0.10666   0.04510   0.08559   0.04727   0.01801   0.02312   0.13849   0.04759   0.08589   0.06461   0.00297   0.01537   0.03440   0.05581   0.00986   0.00716   0.05259   0.04526   0.02757   0.03781   0.00858   0.03898   0.00515   0.01038   0.00027   0.00316   0.00758   0.00742   0.00393   0.00966   0.00503   0.00311   0.00528   0.00427   0.00776   0.00802   0.00257   0.00433   0.01280   0.01297   0.01924   0.00945   0.03454   0.01447   0.00781   0.00864   0.02199   0.00094   0.00740   0.02585   0.01310   0.00184   0.00848   0.01159   0.00747   0.00363   1.85796   0.78486   1.01536   0.93068   0.27128   1.16758  
 26 85498.0637  12661.427495  x:  0.23041   0.02875   0.23437   0.01060   0.12950   0.06115   0.10865   0.04532   0.08568   0.04714   0.01795   0.02317   0.14044   0.04672   0.08370   0.06401   0.00079   0.01456   0.03444   0.05617   0.00983   0.00717   0.05265   0.04522   0.02810   0.03782   0.00830   0.03876   0.00647   0.01025   0.00027   0.00431   0.00702   0.00691   0.00398   0.00911   0.00655   0.00293   0.00529   0.00422   0.00777   0.00878   0.00255   0.00435   0.01211   0.01221   0.01881   0.00988   0.03455   0.01438   0.00807   0.00858   0.02217   0.00096   0.00293   0.02560   0.01328   0.00185   0.00858   0.01093   0.00767   0.00366   1.89189   0.78230   1.01917   0.93093   0.23432   1.16719  
 27 13981.7581  12653.700630  x:  0.23095   0.02772   0.23481   0.00879   0.12982   0.06085   0.10775   0.04720   0.08608   0.04552   0.01883   0.02367   0.14045   0.05112   0.08589   0.06612   0.00434   0.01142   0.03770   0.05435   0.00972   0.00719   0.05233   0.04570   0.03319   0.04081   0.00708   0.03643   0.00781   0.00981   0.00027   0.00287   0.00574   0.00576   0.00396   0.00795   0.00883   0.00308   0.00509   0.00478   0.00792   0.00961   0.00242   0.00419   0.00977   0.01007   0.01761   0.01141   0.03406   0.01404   0.00878   0.00815   0.02331   0.00093   0.00144   0.02407   0.01384   0.00177   0.00857   0.00900   0.00705   0.00360   1.91160   0.78055   1.02103   0.93149   0.21905   1.16694  
 28 2195.0895  12648.004595  x:  0.23156   0.02660   0.23539   0.00682   0.13011   0.06058   0.10656   0.04900   0.08645   0.04442   0.01957   0.02398   0.14021   0.05530   0.08832   0.06814   0.00127   0.00894   0.04067   0.05235   0.00965   0.00721   0.05208   0.04603   0.03749   0.04352   0.00617   0.03446   0.00836   0.00951   0.00026   0.00314   0.00522   0.00530   0.00396   0.00728   0.01048   0.00265   0.00488   0.00384   0.00805   0.00990   0.00230   0.00400   0.00797   0.00929   0.01686   0.01216   0.03364   0.01378   0.00924   0.00778   0.02424   0.00090   0.00338   0.02278   0.01418   0.00169   0.00842   0.00764   0.00639   0.00361   1.92751   0.77907   1.02243   0.93205   0.20892   1.16674  
 29 4707.4988  12641.903617  x:  0.23288   0.02380   0.23676   0.00665   0.13064   0.06027   0.10393   0.05160   0.08702   0.04392   0.02003   0.02362   0.13925   0.06065   0.09277   0.07115   0.00178   0.00981   0.04364   0.04863   0.00970   0.00719   0.05196   0.04663   0.04074   0.04635   0.00694   0.03218   0.00544   0.00972   0.00025   0.00481   0.00768   0.00752   0.00391   0.00827   0.01034   0.00381   0.00435   0.00264   0.00748   0.00772   0.00213   0.00371   0.00809   0.01323   0.01732   0.00877   0.03314   0.01370   0.00879   0.00768   0.02486   0.00093   0.00287   0.02169   0.01377   0.00170   0.00792   0.00835   0.00706   0.00395   1.94995   0.77677   1.02411   0.93317   0.20317   1.16644  
 30 1562.9281  12637.590346  x:  0.23392   0.02217   0.23782   0.00722   0.13104   0.06013   0.10200   0.05309   0.08737   0.04352   0.02015   0.02328   0.13848   0.06344   0.09582   0.07292   0.00114   0.01145   0.04472   0.04614   0.00977   0.00718   0.05183   0.04696   0.04145   0.04751   0.00780   0.03088   0.00499   0.01000   0.00025   0.00205   0.00844   0.00819   0.00385   0.00899   0.00932   0.00262   0.00448   0.00447   0.00715   0.00753   0.00218   0.00380   0.00906   0.01403   0.01778   0.00743   0.03289   0.01374   0.00836   0.00797   0.02495   0.00094   0.00321   0.02132   0.01338   0.00173   0.00793   0.00935   0.00753   0.00398   1.96631   0.77505   1.02527   0.93406   0.20166   1.16621  
 31 2756.7158  12627.447859  x:  0.23645   0.02027   0.24037   0.00706   0.13197   0.05993   0.09754   0.05581   0.08811   0.04235   0.02009   0.02266   0.13661   0.06799   0.10249   0.07628   0.00138   0.01545   0.04557   0.04090   0.00993   0.00716   0.05155   0.04761   0.04073   0.04884   0.00964   0.02844   0.00720   0.01064   0.00025   0.00335   0.00829   0.00798   0.00370   0.01025   0.00556   0.00058   0.00502   0.00386   0.00684   0.00894   0.00233   0.00412   0.01198   0.01173   0.01861   0.00769   0.03253   0.01394   0.00753   0.00898   0.02462   0.00095   0.00302   0.02111   0.01260   0.00178   0.00858   0.01178   0.00805   0.00381   2.00493   0.77092   1.02790   0.93625   0.20175   1.16569  
 32 4178.6889  12620.456323  x:  0.23884   0.01862   0.24276   0.00698   0.13284   0.05976   0.09338   0.05825   0.08878   0.04124   0.02003   0.02215   0.13485   0.07201   0.10866   0.07933   0.00102   0.01911   0.04617   0.03607   0.01007   0.00715   0.05127   0.04819   0.03981   0.04991   0.01121   0.02625   0.00928   0.01119   0.00024   0.00373   0.00791   0.00757   0.00356   0.01131   0.00237   0.00231   0.00509   0.00351   0.00655   0.01025   0.00234   0.00424   0.01464   0.00919   0.01935   0.00818   0.03221   0.01414   0.00686   0.00987   0.02427   0.00096   0.00301   0.02100   0.01193   0.00183   0.00917   0.01394   0.00882   0.00379   2.04137   0.76702   1.03037   0.93834   0.20217   1.16519  
 33 39216.0027  12587.185185  x:  0.25117   0.01679   0.25488   0.00701   0.13719   0.05978   0.07345   0.06653   0.09156   0.03640   0.01990   0.01889   0.12589   0.08255   0.13598   0.09037   0.00142   0.01064   0.04256   0.01805   0.01032   0.00719   0.04960   0.05015   0.02656   0.04930   0.01557   0.01941   0.00902   0.01241   0.00027   0.00443   0.00519   0.00509   0.00418   0.01595   0.01307   0.00389   0.00526   0.00339   0.00776   0.00729   0.00244   0.00435   0.02771   0.00668   0.02106   0.01486   0.03183   0.01501   0.00788   0.01268   0.02121   0.00108   0.00359   0.02274   0.01229   0.00182   0.01219   0.02379   0.00793   0.00464   2.23202   0.74639   1.04309   0.94951   0.21533   1.16259  
 34 6192.3533  12538.472855  x:  0.26588   0.01950   0.26908   0.00809   0.14188   0.06127   0.05182   0.07169   0.09372   0.03529   0.02072   0.02122   0.11489   0.08757   0.16312   0.09952   0.00222   0.00517   0.04036   0.01927   0.00895   0.00734   0.04901   0.05132   0.02193   0.04678   0.00433   0.02385   0.01296   0.00748   0.00024   0.00499   0.00240   0.00362   0.00376   0.00717   0.01308   0.00421   0.00513   0.00388   0.00656   0.01719   0.00255   0.00423   0.02690   0.01448   0.01872   0.00610   0.03239   0.01492   0.01074   0.00579   0.02162   0.00089   0.00367   0.02483   0.01597   0.00175   0.00605   0.01880   0.00515   0.00351   2.46759   0.72028   1.05839   0.96388   0.24125   1.15932  
 35 6705.1599  12510.374841  x:  0.27524   0.02126   0.27811   0.00973   0.14462   0.06296   0.04028   0.07325   0.09458   0.03466   0.02172   0.02274   0.10784   0.08848   0.17860   0.10403   0.00231   0.00453   0.04034   0.02634   0.00878   0.00730   0.04864   0.05154   0.02466   0.04554   0.00134   0.02781   0.01187   0.00682   0.00023   0.00487   0.01332   0.00795   0.00378   0.00195   0.01213   0.00389   0.00586   0.00478   0.00735   0.01616   0.00286   0.00466   0.02111   0.01162   0.01576   0.00940   0.03291   0.01419   0.01102   0.00450   0.02319   0.00081   0.00378   0.02512   0.01741   0.00178   0.00569   0.01101   0.00406   0.00271   2.62514   0.70256   1.06847   0.97370   0.26080   1.15712  
 36 15219.1093  12489.634610  x:  0.28220   0.02246   0.28483   0.01095   0.14652   0.06453   0.03288   0.07376   0.09496   0.03520   0.02256   0.02350   0.10253   0.08847   0.18931   0.10686   0.00237   0.00414   0.04137   0.03353   0.00864   0.00728   0.04870   0.05151   0.02916   0.04515   0.00683   0.03200   0.01113   0.00644   0.00024   0.00495   0.01620   0.00875   0.00384   0.00616   0.01178   0.00378   0.00612   0.00529   0.00767   0.01618   0.00302   0.00480   0.01352   0.01102   0.01348   0.01087   0.03339   0.01350   0.01147   0.00405   0.02488   0.00077   0.00387   0.02501   0.01860   0.00181   0.00535   0.00284   0.00358   0.00240   2.74538   0.68891   1.07611   0.98131   0.27650   1.15542  
 37 28147.8117  12469.530368  x:  0.28737   0.02321   0.28986   0.01232   0.14760   0.06653   0.03195   0.07285   0.09468   0.03585   0.02325   0.02385   0.09862   0.08750   0.19574   0.10786   0.00232   0.00522   0.04456   0.04099   0.00919   0.00723   0.04911   0.05103   0.03703   0.04640   0.00623   0.03506   0.00874   0.00901   0.00025   0.00520   0.01301   0.00649   0.00397   0.00722   0.01085   0.00359   0.00636   0.00567   0.00838   0.01344   0.00317   0.00497   0.00306   0.01189   0.01253   0.01237   0.03371   0.01274   0.01096   0.00876   0.02679   0.00077   0.00393   0.02352   0.01847   0.00185   0.00869   0.00800   0.00363   0.00228   2.84364   0.67743   1.08218   0.98778   0.29072   1.15400  
 38 10376.3081  12453.828033  x:  0.29110   0.02347   0.29361   0.01398   0.14766   0.06927   0.03984   0.07014   0.09340   0.03594   0.02358   0.02353   0.09601   0.08598   0.19773   0.10663   0.00217   0.00699   0.05116   0.04850   0.01009   0.00715   0.04997   0.04993   0.05008   0.05052   0.00457   0.03584   0.00530   0.01094   0.00028   0.00572   0.00522   0.00437   0.00420   0.00613   0.00987   0.00343   0.00675   0.00597   0.00946   0.00781   0.00336   0.00526   0.01015   0.01302   0.01418   0.01518   0.03348   0.01219   0.00926   0.00982   0.02881   0.00079   0.00409   0.01978   0.01618   0.00197   0.01029   0.00622   0.00390   0.00227   2.93319   0.66636   1.08743   0.99417   0.30552   1.15265  
 39 5582.1720  12444.602772  x:  0.29212   0.02448   0.29486   0.01437   0.14628   0.07107   0.05268   0.06669   0.09140   0.03601   0.02214   0.02284   0.09606   0.08461   0.19393   0.10276   0.00243   0.00479   0.05706   0.04792   0.00999   0.00716   0.05167   0.04874   0.05912   0.05541   0.00700   0.03217   0.00983   0.00999   0.00029   0.00589   0.00555   0.01132   0.00437   0.00597   0.01247   0.00399   0.00685   0.00613   0.00935   0.01139   0.00343   0.00533   0.01146   0.01314   0.01782   0.01469   0.03271   0.01329   0.00881   0.00727   0.02800   0.00083   0.00442   0.01709   0.01264   0.00202   0.00877   0.01019   0.00355   0.00252   2.99198   0.65825   1.09054   0.99898   0.31714   1.15167  
 40 2822.7900  12436.246904  x:  0.29098   0.02516   0.29428   0.01539   0.14333   0.07093   0.06568   0.06334   0.08892   0.03599   0.01983   0.02341   0.09836   0.08459   0.18500   0.09657   0.00254   0.00450   0.06142   0.03826   0.00907   0.00725   0.05372   0.04781   0.06356   0.06071   0.00392   0.02443   0.00812   0.00768   0.00027   0.00602   0.00973   0.00623   0.00419   0.00884   0.01123   0.00372   0.00703   0.00638   0.00914   0.01271   0.00352   0.00541   0.00836   0.01329   0.01906   0.01390   0.03176   0.01424   0.01055   0.00631   0.02494   0.00076   0.00437   0.01832   0.01324   0.00199   0.00725   0.00760   0.00286   0.00205   3.03777   0.65083   1.09253   1.00354   0.32765   1.15078  
 41 1792.9848  12433.432311  x:  0.28977   0.02510   0.29345   0.01574   0.14158   0.06986   0.06896   0.06257   0.08797   0.03716   0.01971   0.02425   0.09982   0.08555   0.17969   0.09372   0.00255   0.00425   0.06267   0.03279   0.00926   0.00723   0.05457   0.04778   0.06460   0.06274   0.00628   0.02288   0.00795   0.00871   0.00027   0.00602   0.00901   0.00598   0.00406   0.00516   0.01047   0.00358   0.00687   0.00642   0.00892   0.01216   0.00349   0.00528   0.00680   0.01404   0.01782   0.01337   0.03165   0.01378   0.01047   0.00680   0.02431   0.00072   0.00431   0.01947   0.01478   0.00194   0.00794   0.00564   0.00256   0.00187   3.05314   0.64781   1.09301   1.00545   0.33151   1.15042  
 42 1418.7416  12431.382973  x:  0.28755   0.02546   0.29181   0.01601   0.13910   0.06751   0.06903   0.06256   0.08715   0.03711   0.02116   0.02415   0.10176   0.08789   0.17221   0.09072   0.00258   0.00471   0.06327   0.02843   0.00967   0.00718   0.05441   0.04819   0.06568   0.06427   0.00469   0.02333   0.00889   0.00912   0.00027   0.00597   0.00769   0.00875   0.00406   0.00653   0.01009   0.00352   0.00691   0.00654   0.00901   0.01131   0.00351   0.00531   0.00669   0.01443   0.01395   0.01355   0.03176   0.01250   0.00978   0.00670   0.02544   0.00072   0.00433   0.01992   0.01654   0.00194   0.00849   0.00505   0.00263   0.00183   3.06506   0.64460   1.09307   1.00755   0.33475   1.15004  
 43 788.7902  12429.381585  x:  0.28392   0.02613   0.28911   0.01626   0.13556   0.06391   0.06610   0.06350   0.08641   0.03619   0.02299   0.02372   0.10420   0.09216   0.16146   0.08757   0.00257   0.00487   0.06388   0.02630   0.00934   0.00723   0.05338   0.04901   0.06788   0.06583   0.00595   0.02518   0.00796   0.00772   0.00027   0.00611   0.00870   0.00740   0.00409   0.00612   0.01019   0.00354   0.00703   0.00656   0.00904   0.01207   0.00356   0.00540   0.00802   0.01406   0.01214   0.01373   0.03198   0.01223   0.00998   0.00598   0.02755   0.00073   0.00440   0.01938   0.01681   0.00197   0.00705   0.00730   0.00266   0.00184   3.07707   0.64035   1.09276   1.01042   0.33816   1.14953  
 44 761.9293  12427.594909  x:  0.27967   0.02705   0.28599   0.01640   0.13187   0.06045   0.06187   0.06523   0.08596   0.03519   0.02346   0.02360   0.10645   0.09718   0.15013   0.08526   0.00265   0.00425   0.06412   0.02537   0.00925   0.00723   0.05220   0.04986   0.06933   0.06695   0.00538   0.02620   0.00847   0.00905   0.00026   0.00621   0.00922   0.00703   0.00407   0.00641   0.01059   0.00363   0.00705   0.00658   0.00889   0.01285   0.00357   0.00540   0.00855   0.01415   0.01580   0.01294   0.03216   0.01329   0.01019   0.00741   0.02837   0.00073   0.00445   0.01861   0.01508   0.00197   0.00845   0.00659   0.00246   0.00186   3.08791   0.63568   1.09218   1.01360   0.34130   1.14897  
 45 923.3601  12426.926966  x:  0.27736   0.02737   0.28437   0.01657   0.13048   0.06008   0.06001   0.06650   0.08610   0.03514   0.02215   0.02368   0.10687   0.09957   0.14552   0.08555   0.00262   0.00438   0.06408   0.02623   0.00957   0.00720   0.05191   0.04999   0.06920   0.06713   0.00537   0.02477   0.00837   0.00847   0.00027   0.00618   0.00804   0.00759   0.00404   0.00628   0.01016   0.00354   0.00711   0.00664   0.00898   0.01146   0.00360   0.00543   0.00773   0.01399   0.01690   0.01355   0.03194   0.01350   0.00999   0.00592   0.02695   0.00071   0.00443   0.01868   0.01424   0.00197   0.00789   0.00674   0.00234   0.00176   3.09167   0.63318   1.09167   1.01535   0.34237   1.14866  
 46 388.0534  12426.482686  x:  0.27491   0.02752   0.28272   0.01658   0.12958   0.06106   0.05906   0.06780   0.08646   0.03612   0.02063   0.02357   0.10658   0.10158   0.14202   0.08699   0.00260   0.00431   0.06431   0.02786   0.00937   0.00722   0.05216   0.04980   0.06913   0.06721   0.00539   0.02317   0.00850   0.00818   0.00027   0.00620   0.00799   0.00782   0.00407   0.00629   0.01038   0.00359   0.00708   0.00663   0.00898   0.01184   0.00359   0.00541   0.00826   0.01410   0.01596   0.01351   0.03171   0.01316   0.00986   0.00735   0.02523   0.00072   0.00445   0.01892   0.01461   0.00197   0.00752   0.00680   0.00242   0.00179   3.09422   0.63044   1.09094   1.01729   0.34309   1.14832  
 47 293.1530  12426.272135  x:  0.27329   0.02765   0.28166   0.01656   0.12929   0.06217   0.05905   0.06846   0.08675   0.03660   0.02045   0.02347   0.10609   0.10249   0.14048   0.08831   0.00259   0.00433   0.06441   0.02842   0.00937   0.00722   0.05240   0.04956   0.06891   0.06711   0.00542   0.02278   0.00858   0.00898   0.00027   0.00622   0.00835   0.00745   0.00409   0.00640   0.01052   0.00362   0.00706   0.00661   0.00898   0.01223   0.00358   0.00540   0.00851   0.01423   0.01540   0.01342   0.03160   0.01310   0.00992   0.00647   0.02489   0.00073   0.00446   0.01889   0.01494   0.00197   0.00845   0.00699   0.00249   0.00185   3.09535   0.62849   1.09036   1.01868   0.34337   1.14807  
 48 248.9819  12425.739045  x:  0.26767   0.02838   0.27805   0.01663   0.12913   0.06644   0.06061   0.06987   0.08774   0.03665   0.02227   0.02349   0.10375   0.10427   0.13734   0.09326   0.00259   0.00439   0.06430   0.02784   0.00975   0.00719   0.05310   0.04865   0.06729   0.06635   0.00540   0.02363   0.00871   0.00873   0.00027   0.00621   0.00846   0.00734   0.00409   0.00635   0.01039   0.00360   0.00710   0.00667   0.00904   0.01191   0.00360   0.00543   0.00810   0.01427   0.01571   0.01358   0.03156   0.01354   0.01003   0.00675   0.02651   0.00072   0.00446   0.01830   0.01483   0.00198   0.00786   0.00670   0.00243   0.00181   3.09798   0.62113   1.08799   1.02400   0.34389   1.14711  
 49 212.6865  12425.585632  x:  0.26577   0.02837   0.27687   0.01668   0.12940   0.06657   0.06085   0.06969   0.08781   0.03617   0.02197   0.02352   0.10305   0.10423   0.13733   0.09421   0.00257   0.00437   0.06437   0.02754   0.00881   0.00728   0.05306   0.04878   0.06727   0.06629   0.00539   0.02415   0.00802   0.00828   0.00027   0.00624   0.00820   0.00768   0.00408   0.00631   0.01038   0.00358   0.00713   0.00666   0.00903   0.01229   0.00361   0.00545   0.00802   0.01398   0.01593   0.01357   0.03172   0.01296   0.00984   0.00669   0.02661   0.00072   0.00445   0.01877   0.01471   0.00198   0.00836   0.00664   0.00241   0.00179   3.09854   0.61791   1.08690   1.02634   0.34389   1.14667  
 50 146.4644  12425.124561  x:  0.25966   0.02817   0.27313   0.01671   0.13067   0.06505   0.06096   0.06829   0.08765   0.03471   0.02029   0.02360   0.10107   0.10313   0.13873   0.09593   0.00255   0.00414   0.06476   0.02691   0.00940   0.00720   0.05268   0.04969   0.06796   0.06639   0.00538   0.02550   0.00844   0.00920   0.00027   0.00623   0.00846   0.00744   0.00406   0.00640   0.01043   0.00360   0.00713   0.00666   0.00898   0.01204   0.00361   0.00545   0.00814   0.01400   0.01593   0.01343   0.03229   0.01209   0.00998   0.00665   0.02617   0.00072   0.00446   0.02012   0.01469   0.00197   0.00756   0.00679   0.00232   0.00174   3.09998   0.60616   1.08282   1.03496   0.34363   1.14505  
 51 291.5227  12424.704912  x:  0.25442   0.02817   0.26994   0.01673   0.13188   0.06308   0.06057   0.06700   0.08739   0.03497   0.02036   0.02365   0.09986   0.10181   0.14063   0.09646   0.00252   0.00422   0.06495   0.02674   0.00996   0.00720   0.05257   0.05040   0.06837   0.06656   0.00546   0.02538   0.00881   0.00796   0.00027   0.00622   0.00848   0.00747   0.00406   0.00632   0.01038   0.00360   0.00709   0.00665   0.00896   0.01176   0.00360   0.00542   0.00829   0.01422   0.01556   0.01331   0.03245   0.01375   0.01035   0.00675   0.02556   0.00072   0.00446   0.01969   0.01505   0.00197   0.00857   0.00681   0.00238   0.00178   3.10116   0.59445   1.07872   1.04357   0.34328   1.14341  
 52 500.5239  12424.319658  x:  0.25029   0.02849   0.26744   0.01676   0.13288   0.06145   0.06001   0.06618   0.08715   0.03602   0.02165   0.02369   0.09952   0.10061   0.14265   0.09598   0.00252   0.00428   0.06482   0.02688   0.00913   0.00724   0.05260   0.05065   0.06819   0.06669   0.00535   0.02399   0.00821   0.00897   0.00027   0.00623   0.00821   0.00765   0.00407   0.00634   0.01037   0.00358   0.00711   0.00665   0.00899   0.01218   0.00360   0.00544   0.00817   0.01406   0.01547   0.01345   0.03214   0.01434   0.00985   0.00670   0.02534   0.00072   0.00445   0.01840   0.01508   0.00197   0.00777   0.00675   0.00239   0.00176   3.10212   0.58309   1.07470   1.05199   0.34287   1.14178  
 53 569.8177  12424.025782  x:  0.24847   0.02875   0.26636   0.01671   0.13331   0.06126   0.05966   0.06641   0.08706   0.03708   0.02247   0.02365   0.10036   0.10026   0.14430   0.09457   0.00256   0.00429   0.06465   0.02730   0.00951   0.00719   0.05277   0.05017   0.06783   0.06691   0.00539   0.02297   0.00873   0.00843   0.00027   0.00621   0.00846   0.00727   0.00409   0.00633   0.01046   0.00361   0.00708   0.00665   0.00901   0.01204   0.00360   0.00541   0.00818   0.01433   0.01598   0.01343   0.03159   0.01232   0.00962   0.00669   0.02602   0.00072   0.00446   0.01823   0.01462   0.00198   0.00808   0.00675   0.00243   0.00182   3.10268   0.57379   1.07135   1.05899   0.34245   1.14037  
 54 335.2638  12423.547891  x:  0.24799   0.02885   0.26613   0.01668   0.13337   0.06307   0.05962   0.06815   0.08711   0.03714   0.02175   0.02354   0.10327   0.10096   0.14691   0.09109   0.00261   0.00447   0.06439   0.02808   0.00956   0.00730   0.05286   0.04861   0.06727   0.06738   0.00542   0.02303   0.00829   0.00878   0.00027   0.00622   0.00815   0.00781   0.00409   0.00633   0.01031   0.00359   0.00712   0.00667   0.00903   0.01213   0.00361   0.00544   0.00830   0.01413   0.01594   0.01355   0.03090   0.01278   0.01158   0.00679   0.02739   0.00072   0.00445   0.01947   0.01457   0.00198   0.00805   0.00683   0.00244   0.00182   3.10334   0.55689   1.06510   1.07197   0.34149   1.13767  
 55 337.8433  12423.190377  x:  0.24889   0.02873   0.26673   0.01661   0.13308   0.06475   0.05980   0.06944   0.08720   0.03661   0.02091   0.02351   0.10533   0.10163   0.14828   0.08887   0.00267   0.00429   0.06416   0.02821   0.00917   0.00704   0.05291   0.04788   0.06700   0.06741   0.00540   0.02415   0.00864   0.00868   0.00027   0.00621   0.00835   0.00740   0.00410   0.00635   0.01046   0.00361   0.00711   0.00667   0.00905   0.01192   0.00361   0.00544   0.00819   0.01428   0.01573   0.01357   0.03113   0.01368   0.00950   0.00674   0.02710   0.00072   0.00446   0.01932   0.01480   0.00198   0.00803   0.00678   0.00240   0.00182   3.10371   0.54443   1.06039   1.08175   0.34071   1.13558  
 56 522.7645  12422.971560  x:  0.25104   0.02861   0.26808   0.01660   0.13253   0.06550   0.05997   0.06968   0.08727   0.03621   0.02130   0.02351   0.10592   0.10178   0.14811   0.08858   0.00266   0.00433   0.06397   0.02795   0.00998   0.00780   0.05298   0.04845   0.06707   0.06688   0.00538   0.02491   0.00809   0.00865   0.00027   0.00622   0.00828   0.00753   0.00409   0.00635   0.01044   0.00360   0.00713   0.00666   0.00904   0.01230   0.00361   0.00545   0.00812   0.01408   0.01577   0.01354   0.03206   0.01315   0.00972   0.00675   0.02545   0.00072   0.00445   0.01826   0.01484   0.00198   0.00806   0.00671   0.00241   0.00178   3.10384   0.53635   1.05716   1.08845   0.34007   1.13405  
 57 255.3536  12422.778966  x:  0.25369   0.02851   0.26973   0.01656   0.13190   0.06570   0.06006   0.06946   0.08732   0.03610   0.02186   0.02351   0.10587   0.10166   0.14736   0.08906   0.00264   0.00442   0.06384   0.02779   0.00930   0.00670   0.05306   0.04931   0.06734   0.06622   0.00542   0.02506   0.00843   0.00866   0.00027   0.00620   0.00833   0.00752   0.00409   0.00634   0.01035   0.00359   0.00712   0.00667   0.00904   0.01195   0.00361   0.00545   0.00816   0.01419   0.01580   0.01355   0.03271   0.01285   0.01047   0.00677   0.02460   0.00072   0.00446   0.01804   0.01480   0.00199   0.00803   0.00676   0.00244   0.00177   3.10391   0.52933   1.05425   1.09453   0.33944   1.13259  
 58 374.8057  12422.492030  x:  0.25874   0.02842   0.27290   0.01650   0.13085   0.06518   0.06003   0.06849   0.08733   0.03636   0.02219   0.02354   0.10492   0.10107   0.14537   0.09077   0.00262   0.00442   0.06370   0.02770   0.00887   0.00782   0.05318   0.05063   0.06780   0.06510   0.00544   0.02415   0.00885   0.00870   0.00027   0.00618   0.00840   0.00742   0.00409   0.00635   0.01036   0.00360   0.00710   0.00666   0.00904   0.01168   0.00360   0.00543   0.00827   0.01436   0.01584   0.01355   0.03274   0.01322   0.01022   0.00674   0.02541   0.00072   0.00447   0.01930   0.01469   0.00198   0.00797   0.00686   0.00245   0.00179   3.10398   0.51852   1.04953   1.10439   0.33837   1.13012  
 59 383.3888  12422.379487  x:  0.26080   0.02840   0.27420   0.01649   0.13051   0.06473   0.06000   0.06804   0.08732   0.03648   0.02188   0.02357   0.10435   0.10077   0.14445   0.09156   0.00260   0.00437   0.06365   0.02762   0.00960   0.00714   0.05316   0.05078   0.06776   0.06485   0.00541   0.02378   0.00834   0.00866   0.00027   0.00619   0.00830   0.00754   0.00409   0.00635   0.01040   0.00360   0.00711   0.00664   0.00902   0.01214   0.00360   0.00544   0.00826   0.01418   0.01586   0.01352   0.03234   0.01335   0.00984   0.00675   0.02606   0.00072   0.00446   0.01949   0.01472   0.00198   0.00801   0.00683   0.00244   0.00179   3.10401   0.51450   1.04767   1.10831   0.33795   1.12909  
 60 385.9621  12422.314744  x:  0.26208   0.02836   0.27506   0.01647   0.13055   0.06408   0.06001   0.06773   0.08729   0.03654   0.02110   0.02361   0.10368   0.10055   0.14375   0.09212   0.00261   0.00440   0.06370   0.02750   0.00941   0.00726   0.05301   0.04993   0.06727   0.06529   0.00541   0.02405   0.00843   0.00867   0.00027   0.00618   0.00833   0.00752   0.00408   0.00634   0.01035   0.00359   0.00709   0.00664   0.00902   0.01201   0.00360   0.00543   0.00822   0.01419   0.01579   0.01352   0.03153   0.01318   0.01006   0.00677   0.02639   0.00072   0.00445   0.01857   0.01484   0.00198   0.00803   0.00679   0.00244   0.00180   3.10407   0.51255   1.04648   1.11087   0.33768   1.12830  
 61 106.1915  12422.280601  x:  0.26269   0.02838   0.27555   0.01646   0.13093   0.06353   0.06008   0.06769   0.08727   0.03643   0.02161   0.02361   0.10309   0.10058   0.14332   0.09233   0.00264   0.00441   0.06393   0.02772   0.00945   0.00725   0.05276   0.04882   0.06680   0.06622   0.00542   0.02428   0.00842   0.00868   0.00027   0.00618   0.00835   0.00751   0.00408   0.00634   0.01037   0.00359   0.00710   0.00664   0.00902   0.01202   0.00360   0.00543   0.00822   0.01418   0.01572   0.01351   0.03150   0.01323   0.00999   0.00678   0.02595   0.00072   0.00444   0.01898   0.01463   0.00198   0.00804   0.00678   0.00244   0.00180   3.10416   0.51216   1.04563   1.11278   0.33751   1.12754  
 62 44.1731  12422.254121  x:  0.26290   0.02838   0.27583   0.01645   0.13158   0.06342   0.06012   0.06783   0.08726   0.03642   0.02159   0.02360   0.10272   0.10061   0.14302   0.09217   0.00264   0.00445   0.06400   0.02794   0.00945   0.00725   0.05275   0.04878   0.06649   0.06678   0.00543   0.02415   0.00845   0.00867   0.00027   0.00618   0.00836   0.00756   0.00408   0.00636   0.01036   0.00359   0.00711   0.00664   0.00902   0.01199   0.00360   0.00544   0.00823   0.01413   0.01602   0.01352   0.03222   0.01318   0.00997   0.00674   0.02617   0.00072   0.00445   0.01895   0.01524   0.00198   0.00800   0.00684   0.00246   0.00180   3.10436   0.51287   1.04470   1.11501   0.33739   1.12645  
 63 29.7764  12422.182555  x:  0.26318   0.02833   0.27647   0.01641   0.13335   0.06354   0.06015   0.06822   0.08724   0.03649   0.02127   0.02362   0.10200   0.10066   0.14235   0.09158   0.00264   0.00442   0.06396   0.02805   0.00943   0.00724   0.05291   0.04945   0.06590   0.06755   0.00541   0.02398   0.00843   0.00870   0.00027   0.00617   0.00836   0.00747   0.00408   0.00632   0.01035   0.00358   0.00709   0.00664   0.00901   0.01201   0.00360   0.00543   0.00816   0.01418   0.01553   0.01351   0.03314   0.01324   0.01001   0.00676   0.02661   0.00072   0.00444   0.01870   0.01436   0.00198   0.00807   0.00673   0.00245   0.00181   3.10502   0.51569   1.04191   1.12178   0.33709   1.12304  
 64 94.7518  12421.929254  x:  0.26365   0.02838   0.27824   0.01631   0.13806   0.06442   0.05998   0.06897   0.08716   0.03617   0.02179   0.02359   0.10086   0.10077   0.14070   0.09008   0.00262   0.00446   0.06367   0.02802   0.00946   0.00725   0.05313   0.05143   0.06598   0.06767   0.00543   0.02442   0.00842   0.00870   0.00027   0.00616   0.00838   0.00752   0.00408   0.00635   0.01032   0.00358   0.00710   0.00663   0.00901   0.01199   0.00360   0.00543   0.00821   0.01414   0.01583   0.01352   0.03063   0.01324   0.00992   0.00680   0.02598   0.00072   0.00444   0.01899   0.01484   0.00198   0.00805   0.00681   0.00246   0.00181   3.10754   0.52724   1.03169   1.14697   0.33598   1.11010  
 65 193.0871  12421.331540  x:  0.26409   0.02852   0.28074   0.01620   0.14049   0.06453   0.05905   0.06787   0.08696   0.03664   0.02138   0.02360   0.10266   0.10045   0.13980   0.09051   0.00272   0.00450   0.06295   0.02658   0.00945   0.00725   0.05247   0.04741   0.06838   0.06293   0.00544   0.02371   0.00841   0.00868   0.00027   0.00615   0.00832   0.00756   0.00407   0.00636   0.01027   0.00357   0.00708   0.00663   0.00900   0.01203   0.00359   0.00542   0.00838   0.01427   0.01589   0.01351   0.03198   0.01324   0.00998   0.00677   0.02586   0.00072   0.00444   0.01891   0.01473   0.00197   0.00801   0.00693   0.00247   0.00178   3.11375   0.55633   1.00773   1.20763   0.33348   1.07841  
 66 294.5173  12420.677062  x:  0.26496   0.02885   0.28141   0.01625   0.13271   0.06278   0.06089   0.06652   0.08719   0.03681   0.02142   0.02356   0.10618   0.10031   0.14224   0.09323   0.00270   0.00457   0.06338   0.02845   0.00947   0.00724   0.05324   0.04943   0.06520   0.06493   0.00546   0.02466   0.00833   0.00873   0.00027   0.00614   0.00835   0.00749   0.00410   0.00637   0.01028   0.00358   0.00711   0.00666   0.00908   0.01200   0.00361   0.00544   0.00819   0.01428   0.01579   0.01372   0.03185   0.01324   0.00989   0.00680   0.02616   0.00072   0.00444   0.01892   0.01476   0.00198   0.00806   0.00681   0.00249   0.00178   3.12072   0.58919   0.98243   1.27549   0.33074   1.04214  
 67 384.7782  12420.563000  x:  0.26585   0.02864   0.28002   0.01620   0.12956   0.06409   0.05983   0.06759   0.08746   0.03669   0.02143   0.02362   0.10372   0.09814   0.14257   0.09195   0.00270   0.00457   0.06301   0.02788   0.00947   0.00724   0.05265   0.04929   0.06582   0.06596   0.00545   0.02437   0.00836   0.00873   0.00027   0.00612   0.00834   0.00752   0.00409   0.00636   0.01026   0.00357   0.00708   0.00663   0.00903   0.01200   0.00359   0.00542   0.00827   0.01427   0.01583   0.01361   0.03184   0.01326   0.00988   0.00679   0.02609   0.00072   0.00443   0.01893   0.01474   0.00198   0.00804   0.00686   0.00250   0.00179   3.12173   0.59445   0.98008   1.28716   0.33013   1.03501  
 68 91.3164  12420.446756  x:  0.26870   0.02852   0.27595   0.01623   0.12893   0.06297   0.06073   0.06829   0.08711   0.03648   0.02146   0.02362   0.10145   0.09964   0.14315   0.09051   0.00272   0.00458   0.06378   0.02827   0.00947   0.00724   0.05405   0.04899   0.06532   0.06406   0.00546   0.02450   0.00832   0.00873   0.00027   0.00612   0.00835   0.00750   0.00409   0.00637   0.01026   0.00358   0.00709   0.00664   0.00906   0.01200   0.00360   0.00543   0.00822   0.01429   0.01579   0.01374   0.03184   0.01323   0.00989   0.00680   0.02614   0.00072   0.00443   0.01893   0.01476   0.00198   0.00805   0.00683   0.00251   0.00179   3.12228   0.59808   0.98487   1.29881   0.32990   1.02476  
 69 30.7213  12420.112593  x:  0.27543   0.02909   0.26687   0.01635   0.13071   0.06368   0.06108   0.06667   0.08682   0.03768   0.02124   0.02358   0.10269   0.10080   0.14345   0.09150   0.00271   0.00466   0.06178   0.02817   0.00948   0.00723   0.05086   0.04950   0.06564   0.06519   0.00547   0.02460   0.00830   0.00874   0.00027   0.00613   0.00836   0.00749   0.00410   0.00639   0.01022   0.00357   0.00709   0.00666   0.00908   0.01201   0.00360   0.00542   0.00820   0.01436   0.01583   0.01376   0.03189   0.01325   0.00987   0.00681   0.02608   0.00072   0.00444   0.01897   0.01476   0.00197   0.00805   0.00683   0.00252   0.00179   3.12348   0.60683   1.00479   1.33172   0.32977   0.99286  
 70 103.7473  12419.591364  x:  0.28003   0.02784   0.26147   0.01642   0.13267   0.06451   0.05823   0.06629   0.08789   0.03546   0.02154   0.02351   0.10671   0.09695   0.14240   0.09376   0.00265   0.00455   0.06338   0.02782   0.00948   0.00723   0.05564   0.04889   0.06557   0.06693   0.00545   0.02419   0.00837   0.00874   0.00027   0.00612   0.00824   0.00751   0.00408   0.00637   0.01023   0.00357   0.00706   0.00663   0.00902   0.01202   0.00358   0.00540   0.00834   0.01437   0.01588   0.01371   0.03182   0.01331   0.00982   0.00681   0.02609   0.00072   0.00442   0.01884   0.01472   0.00197   0.00806   0.00693   0.00250   0.00178   3.12503   0.61968   1.04021   1.38356   0.32975   0.94043  
 71 255.2738  12416.903687  x:  0.27888   0.02829   0.27215   0.01617   0.13019   0.06062   0.06138   0.07603   0.09093   0.03654   0.02141   0.02317   0.10911   0.09077   0.14210   0.09567   0.00275   0.00479   0.07027   0.02770   0.00949   0.00722   0.04814   0.05037   0.06340   0.06289   0.00547   0.02459   0.00828   0.00874   0.00027   0.00605   0.00831   0.00733   0.00410   0.00638   0.01011   0.00356   0.00697   0.00663   0.00910   0.01219   0.00356   0.00533   0.00802   0.01460   0.01564   0.01412   0.03184   0.01326   0.00980   0.00686   0.02626   0.00072   0.00438   0.01885   0.01497   0.00193   0.00800   0.00670   0.00262   0.00177   3.13206   0.68456   1.23604   1.65486   0.32800   0.65878  
 72 470.7216  12414.450691  x:  0.27410   0.02814   0.28697   0.01638   0.12436   0.06247   0.06150   0.06838   0.08716   0.03573   0.02131   0.02318   0.10410   0.09729   0.14359   0.09295   0.00270   0.00489   0.05968   0.02877   0.00952   0.00721   0.05303   0.04898   0.06505   0.06489   0.00551   0.02457   0.00820   0.00883   0.00027   0.00602   0.00808   0.00729   0.00411   0.00645   0.00998   0.00355   0.00692   0.00665   0.00915   0.01218   0.00355   0.00529   0.00812   0.01498   0.01580   0.01438   0.03196   0.01327   0.00971   0.00696   0.02617   0.00072   0.00440   0.01881   0.01490   0.00191   0.00808   0.00688   0.00265   0.00175   3.13796   0.74086   1.40772   1.89125   0.32527   0.41052  
 73 1748.0549  12414.359855  x:  0.27387   0.02821   0.28751   0.01644   0.12404   0.06392   0.06043   0.06584   0.08704   0.03587   0.02128   0.02322   0.10367   0.09796   0.14357   0.09208   0.00272   0.00490   0.06197   0.02874   0.00952   0.00720   0.05237   0.04909   0.06403   0.06461   0.00551   0.02457   0.00820   0.00884   0.00027   0.00602   0.00807   0.00730   0.00411   0.00645   0.00996   0.00354   0.00692   0.00665   0.00915   0.01215   0.00355   0.00529   0.00816   0.01495   0.01585   0.01443   0.03196   0.01328   0.00969   0.00697   0.02619   0.00072   0.00440   0.01878   0.01486   0.00191   0.00809   0.00691   0.00265   0.00175   3.13828   0.74270   1.41333   1.89899   0.32506   0.40040  
 74 125.2595  12413.213858  x:  0.27399   0.02842   0.28792   0.01662   0.12404   0.06274   0.06127   0.06288   0.10219   0.03574   0.02112   0.02289   0.10297   0.09933   0.14379   0.09007   0.00273   0.00500   0.06068   0.02866   0.00952   0.00720   0.05257   0.04899   0.06467   0.06460   0.00553   0.02451   0.00818   0.00886   0.00028   0.00602   0.00803   0.00726   0.00412   0.00648   0.00989   0.00354   0.00691   0.00668   0.00918   0.01223   0.00355   0.00528   0.00814   0.01517   0.01586   0.01460   0.03198   0.01326   0.00969   0.00701   0.02613   0.00072   0.00441   0.01883   0.01491   0.00189   0.00810   0.00692   0.00268   0.00173   3.15035   0.74679   1.42537   1.91889   0.32486   0.22085  
 75 22.9496  12412.376434  x:  0.27413   0.02837   0.28804   0.01666   0.12402   0.06291   0.06111   0.06346   0.09978   0.03552   0.02116   0.02286   0.10307   0.09903   0.14393   0.09049   0.00272   0.00502   0.06080   0.02870   0.00953   0.00720   0.05244   0.04901   0.06452   0.06451   0.00553   0.02451   0.00817   0.00887   0.00028   0.00601   0.00798   0.00723   0.00413   0.00649   0.00985   0.00354   0.00688   0.00669   0.00919   0.01225   0.00355   0.00526   0.00813   0.01527   0.01586   0.01471   0.03200   0.01326   0.00968   0.00703   0.02613   0.00072   0.00440   0.01881   0.01494   0.00188   0.00810   0.00693   0.00269   0.00172   3.15766   0.74904   1.43195   1.92996   0.32468   0.11283  
 76 978.5655  12376.053135  x:  0.26646   0.02691   0.27841   0.02314   0.13977   0.06706   0.05442   0.07253   0.08192   0.01559   0.02326   0.01688   0.10120   0.09814   0.15769   0.09792   0.00188   0.00683   0.06215   0.02953   0.00969   0.00721   0.04484   0.04975   0.06222   0.06049   0.00616   0.02252   0.00747   0.00977   0.00033   0.00551   0.00341   0.00444   0.00440   0.00751   0.00631   0.00328   0.00513   0.00756   0.01048   0.01503   0.00325   0.00373   0.00734   0.02514   0.01648   0.02511   0.03197   0.01278   0.00960   0.00867   0.02660   0.00068   0.00432   0.01789   0.01522   0.00133   0.00963   0.00793   0.00269   0.00200   3.92167   0.55748   1.22011   1.46319   0.32852   0.19467  
 77  1.0697  12365.303081  x:  0.26598   0.03487   0.27748   0.02727   0.14038   0.06641   0.05518   0.07202   0.08669   0.03399   0.02179   0.01334   0.10218   0.10071   0.15839   0.09880   0.00296   0.00801   0.06095   0.02522   0.00987   0.00724   0.04650   0.05009   0.05675   0.06090   0.00741   0.02108   0.00857   0.01022   0.00040   0.00576   0.00794   0.00571   0.00458   0.00808   0.00608   0.00346   0.00479   0.00833   0.01140   0.01614   0.00337   0.00333   0.00724   0.02809   0.01699   0.02832   0.03203   0.01281   0.00925   0.00941   0.02581   0.00081   0.00465   0.01852   0.01505   0.00111   0.00958   0.00806   0.00465   0.00271   4.29863   0.50421   1.21694   1.36493   0.32499   0.18750  
 78  0.4229  12357.041973  x:  0.27135   0.03347   0.28225   0.03315   0.13241   0.06494   0.05632   0.06425   0.09666   0.02889   0.02340   0.00837   0.10433   0.09716   0.14665   0.09377   0.00344   0.00428   0.05728   0.03188   0.00965   0.00718   0.05025   0.04898   0.06021   0.05900   0.00779   0.02365   0.01009   0.00987   0.00035   0.00668   0.00689   0.00748   0.00479   0.00779   0.00752   0.00381   0.00453   0.00843   0.00986   0.01601   0.00344   0.00289   0.00692   0.02613   0.01506   0.02901   0.03229   0.01293   0.01028   0.00931   0.02647   0.00077   0.00492   0.01859   0.01627   0.00072   0.00958   0.00758   0.00482   0.00184   4.76006   0.55139   1.42034   1.51850   0.31929   0.13821  
 79  0.3381  12354.274195  x:  0.27147   0.02976   0.28165   0.03687   0.13194   0.06522   0.05624   0.06582   0.09094   0.02517   0.02128   0.00909   0.10546   0.09558   0.14331   0.09327   0.00352   0.00750   0.05943   0.02893   0.00963   0.00713   0.05078   0.04935   0.06153   0.06032   0.00752   0.02454   0.00991   0.00954   0.00031   0.00721   0.00627   0.00579   0.00475   0.00696   0.00696   0.00379   0.00488   0.00847   0.00838   0.01610   0.00359   0.00302   0.00591   0.02321   0.01640   0.02792   0.03247   0.01326   0.00929   0.00862   0.02565   0.00089   0.00508   0.01969   0.01523   0.00070   0.00837   0.00619   0.00617   0.00227   4.97573   0.51282   1.47528   1.44940   0.32131   0.15142  
 80  0.2052  12352.416388  x:  0.27344   0.02864   0.28162   0.04001   0.13551   0.06627   0.05607   0.06962   0.08671   0.02497   0.02181   0.00970   0.10435   0.09520   0.14884   0.09543   0.00340   0.00538   0.06092   0.02750   0.00960   0.00719   0.04855   0.04933   0.05681   0.06038   0.00717   0.02236   0.00910   0.00928   0.00030   0.00745   0.00543   0.00565   0.00437   0.00708   0.00677   0.00372   0.00487   0.00845   0.00788   0.01547   0.00363   0.00286   0.00706   0.02115   0.01642   0.02820   0.03237   0.01316   0.00972   0.00815   0.02515   0.00083   0.00523   0.01926   0.01572   0.00060   0.00882   0.00701   0.00503   0.00145   5.13454   0.46432   1.49952   1.34832   0.31959   0.17324  
 81  0.1809  12351.422097  x:  0.27167   0.02730   0.27943   0.04309   0.13613   0.06585   0.05551   0.06828   0.09215   0.02723   0.02223   0.01165   0.10407   0.09774   0.15187   0.09661   0.00312   0.00513   0.05926   0.02748   0.00971   0.00724   0.04836   0.04965   0.05834   0.05976   0.00672   0.02334   0.00912   0.00953   0.00031   0.00763   0.00562   0.00588   0.00400   0.00715   0.00720   0.00376   0.00498   0.00832   0.00772   0.01528   0.00368   0.00281   0.00787   0.01911   0.01646   0.02706   0.03257   0.01299   0.00968   0.00808   0.02589   0.00095   0.00553   0.01886   0.01571   0.00068   0.00879   0.00736   0.00443   0.00220   5.21244   0.48382   1.55618   1.36835   0.32146   0.17052  
 82  0.0542  12350.606878  x:  0.27142   0.02522   0.28006   0.04695   0.13375   0.06508   0.05635   0.06629   0.09073   0.02777   0.02228   0.01291   0.10532   0.09769   0.15037   0.09557   0.00327   0.00598   0.05912   0.02829   0.00968   0.00718   0.05037   0.04952   0.05834   0.06081   0.00644   0.02334   0.00971   0.00974   0.00035   0.00729   0.00706   0.00593   0.00352   0.00737   0.00675   0.00370   0.00466   0.00807   0.00827   0.01534   0.00359   0.00250   0.00767   0.01920   0.01598   0.02610   0.03222   0.01305   0.00950   0.00858   0.02619   0.00095   0.00586   0.01902   0.01533   0.00082   0.00920   0.00741   0.00396   0.00161   5.27097   0.46246   1.58839   1.37690   0.32283   0.15405  
 83  0.0269  12349.937177  x:  0.27287   0.02359   0.28053   0.05014   0.13386   0.06609   0.05619   0.06732   0.08780   0.02914   0.02169   0.01339   0.10468   0.09584   0.14875   0.09497   0.00339   0.00594   0.06055   0.02859   0.00965   0.00716   0.04934   0.04930   0.05871   0.06061   0.00635   0.02335   0.00944   0.00959   0.00042   0.00675   0.00569   0.00654   0.00315   0.00704   0.00672   0.00363   0.00419   0.00764   0.00920   0.01544   0.00342   0.00211   0.00669   0.02030   0.01638   0.02565   0.03220   0.01319   0.00960   0.00862   0.02562   0.00104   0.00603   0.01920   0.01525   0.00100   0.00895   0.00736   0.00390   0.00198   5.25395   0.47901   1.60056   1.42783   0.32236   0.16658  
 84  0.0281  12349.267662  x:  0.27250   0.02164   0.27908   0.05340   0.13575   0.06666   0.05598   0.06786   0.09217   0.02647   0.02186   0.01222   0.10393   0.09581   0.14965   0.09528   0.00364   0.00569   0.06002   0.02844   0.00964   0.00723   0.04758   0.04928   0.05882   0.05948   0.00657   0.02368   0.00891   0.00940   0.00050   0.00619   0.00634   0.00542   0.00306   0.00711   0.00741   0.00363   0.00410   0.00703   0.00976   0.01569   0.00333   0.00208   0.00708   0.02079   0.01685   0.02469   0.03240   0.01314   0.00967   0.00841   0.02557   0.00112   0.00615   0.01899   0.01542   0.00133   0.00862   0.00762   0.00412   0.00175   5.17377   0.48551   1.56073   1.41786   0.32175   0.17826  
 85  0.0418  12348.787381  x:  0.27066   0.02258   0.27813   0.05622   0.13485   0.06565   0.05570   0.06676   0.09070   0.02650   0.02237   0.01089   0.10496   0.09735   0.15063   0.09604   0.00383   0.00580   0.05880   0.02779   0.00968   0.00721   0.04907   0.04949   0.05771   0.06006   0.00660   0.02362   0.00885   0.00953   0.00056   0.00591   0.00550   0.00644   0.00320   0.00708   0.00775   0.00359   0.00447   0.00657   0.00996   0.01543   0.00341   0.00237   0.00748   0.02053   0.01647   0.02404   0.03240   0.01302   0.00965   0.00829   0.02604   0.00120   0.00621   0.01886   0.01545   0.00163   0.00870   0.00744   0.00432   0.00162   5.08524   0.48199   1.50793   1.38093   0.32184   0.16964  
 86  0.0575  12348.548681  x:  0.27082   0.02407   0.27848   0.05848   0.13376   0.06558   0.05602   0.06633   0.08860   0.02747   0.02232   0.01060   0.10492   0.09698   0.15035   0.09559   0.00371   0.00558   0.05936   0.02781   0.00964   0.00720   0.04922   0.04939   0.05704   0.06054   0.00652   0.02301   0.00916   0.00949   0.00060   0.00589   0.00602   0.00558   0.00325   0.00723   0.00750   0.00352   0.00462   0.00623   0.00972   0.01517   0.00345   0.00240   0.00734   0.02009   0.01599   0.02386   0.03227   0.01308   0.00981   0.00821   0.02591   0.00125   0.00620   0.01886   0.01548   0.00168   0.00879   0.00713   0.00408   0.00183   5.06444   0.48845   1.49669   1.38461   0.32079   0.16201  
 87  0.0161  12348.366208  x:  0.27128   0.02533   0.27867   0.06065   0.13434   0.06620   0.05577   0.06671   0.09142   0.02712   0.02176   0.01081   0.10415   0.09598   0.14966   0.09505   0.00353   0.00578   0.05979   0.02806   0.00966   0.00719   0.04861   0.04936   0.05796   0.06002   0.00665   0.02315   0.00947   0.00954   0.00063   0.00596   0.00607   0.00607   0.00336   0.00719   0.00708   0.00346   0.00468   0.00590   0.00909   0.01508   0.00348   0.00233   0.00718   0.01963   0.01625   0.02408   0.03229   0.01313   0.00955   0.00833   0.02561   0.00129   0.00613   0.01898   0.01525   0.00162   0.00888   0.00703   0.00412   0.00191   5.06848   0.48333   1.49129   1.37794   0.31949   0.16471  
 88  0.0061  12348.257076  x:  0.27084   0.02625   0.27801   0.06153   0.13462   0.06611   0.05566   0.06697   0.08982   0.02651   0.02213   0.01131   0.10461   0.09664   0.14933   0.09565   0.00354   0.00554   0.05942   0.02824   0.00967   0.00720   0.04914   0.04943   0.05864   0.06031   0.00684   0.02324   0.00932   0.00956   0.00065   0.00597   0.00594   0.00594   0.00352   0.00715   0.00693   0.00347   0.00467   0.00577   0.00858   0.01540   0.00349   0.00227   0.00724   0.01989   0.01644   0.02476   0.03236   0.01304   0.00962   0.00844   0.02590   0.00127   0.00601   0.01890   0.01536   0.00149   0.00887   0.00730   0.00424   0.00174   5.04957   0.49223   1.50117   1.40184   0.31958   0.17099  
 89  0.0153  12348.212477  x:  0.27062   0.02579   0.27764   0.06191   0.13420   0.06581   0.05594   0.06643   0.09024   0.02666   0.02220   0.01167   0.10463   0.09697   0.14993   0.09559   0.00369   0.00550   0.05986   0.02813   0.00966   0.00720   0.04901   0.04937   0.05832   0.06042   0.00681   0.02304   0.00926   0.00956   0.00067   0.00590   0.00589   0.00590   0.00360   0.00719   0.00707   0.00353   0.00464   0.00579   0.00837   0.01551   0.00348   0.00222   0.00724   0.02016   0.01619   0.02515   0.03231   0.01307   0.00966   0.00844   0.02586   0.00128   0.00596   0.01883   0.01543   0.00139   0.00881   0.00736   0.00434   0.00187   5.03768   0.48512   1.49948   1.39321   0.32014   0.16547  
 90  0.0083  12348.175229  x:  0.27104   0.02484   0.27798   0.06244   0.13410   0.06599   0.05574   0.06647   0.09016   0.02691   0.02204   0.01179   0.10429   0.09649   0.15034   0.09547   0.00385   0.00565   0.05978   0.02801   0.00966   0.00720   0.04877   0.04935   0.05789   0.06020   0.00673   0.02307   0.00934   0.00954   0.00069   0.00580   0.00605   0.00601   0.00367   0.00724   0.00717   0.00357   0.00468   0.00586   0.00822   0.01541   0.00350   0.00223   0.00732   0.02021   0.01613   0.02539   0.03229   0.01309   0.00962   0.00838   0.02577   0.00126   0.00595   0.01892   0.01540   0.00127   0.00886   0.00731   0.00436   0.00170   5.02839   0.49074   1.50560   1.40320   0.31972   0.16239  
 91  0.0072  12348.149450  x:  0.27106   0.02432   0.27811   0.06294   0.13440   0.06608   0.05560   0.06674   0.09027   0.02717   0.02207   0.01152   0.10450   0.09634   0.14964   0.09549   0.00378   0.00558   0.05936   0.02815   0.00966   0.00720   0.04896   0.04938   0.05823   0.06004   0.00669   0.02331   0.00934   0.00950   0.00071   0.00580   0.00593   0.00588   0.00371   0.00717   0.00720   0.00360   0.00476   0.00590   0.00821   0.01529   0.00354   0.00227   0.00727   0.02018   0.01632   0.02557   0.03239   0.01305   0.00970   0.00828   0.02580   0.00125   0.00595   0.01899   0.01550   0.00116   0.00884   0.00721   0.00424   0.00176   5.02444   0.48863   1.49968   1.39440   0.31977   0.16676  
 92  0.0060  12348.135833  x:  0.27083   0.02412   0.27784   0.06310   0.13429   0.06597   0.05589   0.06655   0.09014   0.02693   0.02208   0.01130   0.10460   0.09667   0.14973   0.09559   0.00366   0.00559   0.05963   0.02805   0.00966   0.00720   0.04908   0.04937   0.05800   0.06025   0.00675   0.02319   0.00929   0.00955   0.00072   0.00585   0.00603   0.00601   0.00370   0.00715   0.00713   0.00359   0.00480   0.00593   0.00831   0.01531   0.00356   0.00230   0.00724   0.02022   0.01638   0.02567   0.03235   0.01309   0.00963   0.00836   0.02579   0.00124   0.00596   0.01897   0.01546   0.00109   0.00886   0.00725   0.00415   0.00180   5.02139   0.48965   1.49489   1.39408   0.31987   0.16650  
 93  0.0028  12348.126089  x:  0.27077   0.02415   0.27778   0.06319   0.13419   0.06594   0.05570   0.06637   0.09017   0.02703   0.02207   0.01134   0.10444   0.09668   0.15008   0.09547   0.00360   0.00568   0.05970   0.02816   0.00966   0.00720   0.04884   0.04939   0.05839   0.06022   0.00674   0.02319   0.00931   0.00957   0.00074   0.00592   0.00593   0.00591   0.00365   0.00712   0.00706   0.00360   0.00483   0.00593   0.00843   0.01545   0.00357   0.00233   0.00726   0.02020   0.01627   0.02557   0.03229   0.01309   0.00961   0.00842   0.02586   0.00123   0.00598   0.01893   0.01539   0.00104   0.00888   0.00730   0.00419   0.00174   5.02009   0.49017   1.49315   1.39745   0.31980   0.16378  
 94  0.0023  12348.114587  x:  0.27104   0.02417   0.27804   0.06329   0.13436   0.06607   0.05574   0.06673   0.09014   0.02683   0.02209   0.01149   0.10438   0.09655   0.15026   0.09557   0.00369   0.00556   0.05958   0.02810   0.00967   0.00720   0.04893   0.04940   0.05823   0.06017   0.00671   0.02322   0.00935   0.00954   0.00076   0.00598   0.00598   0.00594   0.00355   0.00719   0.00710   0.00362   0.00483   0.00595   0.00854   0.01549   0.00359   0.00235   0.00726   0.02010   0.01622   0.02535   0.03234   0.01304   0.00969   0.00841   0.02580   0.00122   0.00602   0.01896   0.01548   0.00098   0.00888   0.00733   0.00428   0.00179   5.01772   0.49074   1.49236   1.40120   0.31924   0.16403  
 95  0.0017  12348.107296  x:  0.27074   0.02456   0.27790   0.06329   0.13417   0.06594   0.05577   0.06652   0.09031   0.02694   0.02211   0.01145   0.10462   0.09673   0.14954   0.09556   0.00376   0.00556   0.05957   0.02810   0.00965   0.00720   0.04890   0.04936   0.05802   0.06022   0.00672   0.02308   0.00936   0.00952   0.00078   0.00598   0.00595   0.00594   0.00351   0.00717   0.00709   0.00361   0.00481   0.00598   0.00855   0.01540   0.00360   0.00236   0.00721   0.02014   0.01631   0.02522   0.03235   0.01309   0.00961   0.00835   0.02580   0.00120   0.00604   0.01898   0.01555   0.00096   0.00888   0.00724   0.00434   0.00174   5.01482   0.49037   1.49119   1.39646   0.31941   0.16579  
 96  0.0022  12348.094686  x:  0.27067   0.02488   0.27757   0.06315   0.13432   0.06597   0.05566   0.06632   0.08981   0.02688   0.02209   0.01139   0.10450   0.09637   0.14975   0.09549   0.00373   0.00566   0.05958   0.02819   0.00966   0.00720   0.04888   0.04936   0.05823   0.06009   0.00678   0.02323   0.00930   0.00957   0.00081   0.00596   0.00602   0.00598   0.00350   0.00716   0.00715   0.00361   0.00473   0.00604   0.00846   0.01530   0.00359   0.00235   0.00734   0.02025   0.01633   0.02505   0.03233   0.01309   0.00963   0.00834   0.02584   0.00117   0.00607   0.01896   0.01544   0.00093   0.00885   0.00722   0.00434   0.00180   5.01837   0.48806   1.49551   1.38786   0.31994   0.16477  
 97  0.0026  12348.079572  x:  0.27103   0.02494   0.27775   0.06312   0.13441   0.06607   0.05596   0.06661   0.09048   0.02678   0.02207   0.01138   0.10438   0.09636   0.15012   0.09540   0.00361   0.00561   0.05961   0.02811   0.00967   0.00720   0.04903   0.04939   0.05807   0.06026   0.00676   0.02315   0.00919   0.00954   0.00086   0.00591   0.00592   0.00590   0.00348   0.00717   0.00718   0.00359   0.00464   0.00607   0.00838   0.01525   0.00358   0.00236   0.00729   0.02032   0.01620   0.02490   0.03233   0.01304   0.00970   0.00836   0.02576   0.00113   0.00609   0.01897   0.01548   0.00095   0.00885   0.00726   0.00421   0.00176   5.02268   0.48919   1.50332   1.39431   0.32012   0.16337  
 98  0.0042  12348.058553  x:  0.27090   0.02465   0.27820   0.06313   0.13405   0.06598   0.05561   0.06677   0.09008   0.02676   0.02215   0.01135   0.10463   0.09681   0.14960   0.09561   0.00355   0.00573   0.05950   0.02814   0.00965   0.00720   0.04878   0.04943   0.05813   0.06021   0.00673   0.02315   0.00932   0.00951   0.00095   0.00589   0.00594   0.00594   0.00355   0.00721   0.00728   0.00358   0.00462   0.00606   0.00825   0.01534   0.00359   0.00246   0.00720   0.02024   0.01622   0.02483   0.03236   0.01308   0.00958   0.00842   0.02584   0.00109   0.00606   0.01896   0.01556   0.00101   0.00888   0.00730   0.00421   0.00181   5.02252   0.49057   1.50406   1.40849   0.31965   0.16589  
 99  0.0041  12348.042008  x:  0.27080   0.02461   0.27781   0.06283   0.13439   0.06592   0.05568   0.06646   0.09022   0.02700   0.02205   0.01144   0.10444   0.09651   0.15005   0.09560   0.00370   0.00560   0.05966   0.02801   0.00967   0.00720   0.04907   0.04937   0.05811   0.06024   0.00677   0.02316   0.00936   0.00956   0.00102   0.00592   0.00597   0.00595   0.00358   0.00718   0.00714   0.00356   0.00458   0.00608   0.00826   0.01542   0.00360   0.00251   0.00721   0.02022   0.01632   0.02512   0.03229   0.01309   0.00973   0.00840   0.02582   0.00106   0.00602   0.01897   0.01543   0.00104   0.00889   0.00731   0.00423   0.00180   5.02883   0.48934   1.49605   1.40010   0.31926   0.16540  
100  0.0047  12348.036021  x:  0.27087   0.02442   0.27782   0.06282   0.13433   0.06605   0.05587   0.06659   0.09014   0.02689   0.02210   0.01144   0.10451   0.09663   0.14988   0.09546   0.00372   0.00556   0.05959   0.02817   0.00966   0.00720   0.04882   0.04938   0.05826   0.06022   0.00677   0.02316   0.00933   0.00955   0.00105   0.00594   0.00597   0.00594   0.00359   0.00715   0.00712   0.00355   0.00455   0.00601   0.00833   0.01540   0.00359   0.00249   0.00727   0.02012   0.01626   0.02519   0.03234   0.01306   0.00959   0.00837   0.02581   0.00105   0.00600   0.01892   0.01545   0.00108   0.00886   0.00727   0.00424   0.00180   5.02904   0.48936   1.49330   1.39322   0.31965   0.16499  
101  0.0036  12348.031199  x:  0.27096   0.02435   0.27824   0.06276   0.13413   0.06599   0.05568   0.06662   0.09023   0.02687   0.02210   0.01148   0.10455   0.09664   0.14979   0.09552   0.00367   0.00564   0.05960   0.02813   0.00967   0.00720   0.04902   0.04938   0.05815   0.06020   0.00672   0.02319   0.00931   0.00952   0.00108   0.00597   0.00597   0.00594   0.00359   0.00719   0.00706   0.00356   0.00454   0.00596   0.00839   0.01534   0.00359   0.00244   0.00730   0.02007   0.01627   0.02539   0.03233   0.01308   0.00967   0.00836   0.02583   0.00106   0.00599   0.01898   0.01548   0.00105   0.00886   0.00725   0.00426   0.00180   5.02634   0.48940   1.49615   1.39384   0.31992   0.16532  
102  0.0012  12348.024886  x:  0.27093   0.02464   0.27794   0.06239   0.13435   0.06595   0.05579   0.06654   0.09010   0.02691   0.02212   0.01142   0.10442   0.09645   0.15006   0.09560   0.00365   0.00558   0.05951   0.02811   0.00966   0.00720   0.04886   0.04937   0.05802   0.06009   0.00671   0.02315   0.00935   0.00953   0.00112   0.00600   0.00596   0.00596   0.00359   0.00720   0.00716   0.00360   0.00458   0.00593   0.00845   0.01530   0.00360   0.00239   0.00724   0.01997   0.01628   0.02542   0.03231   0.01307   0.00964   0.00836   0.02582   0.00108   0.00600   0.01894   0.01546   0.00105   0.00888   0.00727   0.00425   0.00177   5.02545   0.48894   1.50017   1.39855   0.31995   0.16537  
103  0.0017  12348.019304  x:  0.27081   0.02460   0.27761   0.06225   0.13439   0.06603   0.05577   0.06658   0.09028   0.02686   0.02206   0.01137   0.10458   0.09655   0.14972   0.09542   0.00372   0.00566   0.05960   0.02805   0.00966   0.00719   0.04892   0.04939   0.05814   0.06023   0.00675   0.02314   0.00935   0.00956   0.00115   0.00597   0.00597   0.00592   0.00360   0.00712   0.00719   0.00363   0.00468   0.00595   0.00838   0.01538   0.00362   0.00236   0.00723   0.01995   0.01627   0.02537   0.03236   0.01307   0.00965   0.00839   0.02579   0.00112   0.00602   0.01896   0.01546   0.00106   0.00887   0.00728   0.00425   0.00179   5.02845   0.49012   1.50111   1.40117   0.31991   0.16490  
104  0.0014  12348.015997  x:  0.27092   0.02458   0.27804   0.06226   0.13427   0.06600   0.05574   0.06662   0.09017   0.02689   0.02211   0.01142   0.10450   0.09663   0.14985   0.09554   0.00372   0.00561   0.05959   0.02813   0.00966   0.00720   0.04891   0.04937   0.05817   0.06017   0.00673   0.02316   0.00932   0.00954   0.00118   0.00591   0.00597   0.00595   0.00357   0.00714   0.00713   0.00362   0.00472   0.00598   0.00836   0.01539   0.00363   0.00233   0.00725   0.02008   0.01627   0.02530   0.03232   0.01308   0.00966   0.00839   0.02583   0.00114   0.00603   0.01894   0.01547   0.00106   0.00887   0.00728   0.00421   0.00178   5.02935   0.48894   1.49780   1.39543   0.31969   0.16530  
105  0.0030  12348.015330  x:  0.27093   0.02456   0.27803   0.06218   0.13429   0.06598   0.05580   0.06660   0.09017   0.02687   0.02209   0.01143   0.10449   0.09659   0.14993   0.09553   0.00368   0.00561   0.05959   0.02811   0.00966   0.00720   0.04892   0.04938   0.05819   0.06023   0.00673   0.02315   0.00933   0.00953   0.00118   0.00592   0.00597   0.00594   0.00356   0.00716   0.00712   0.00361   0.00473   0.00598   0.00834   0.01537   0.00363   0.00234   0.00725   0.02010   0.01627   0.02524   0.03233   0.01307   0.00964   0.00837   0.02582   0.00115   0.00602   0.01895   0.01546   0.00106   0.00886   0.00726   0.00425   0.00178   5.02895   0.48911   1.49674   1.39509   0.31969   0.16518  
106  0.0007  12348.015102  x:  0.27089   0.02451   0.27794   0.06218   0.13431   0.06599   0.05577   0.06660   0.09019   0.02690   0.02210   0.01143   0.10452   0.09660   0.14987   0.09550   0.00367   0.00559   0.05960   0.02813   0.00966   0.00720   0.04891   0.04938   0.05817   0.06019   0.00674   0.02316   0.00933   0.00954   0.00118   0.00593   0.00597   0.00594   0.00357   0.00717   0.00712   0.00361   0.00474   0.00598   0.00832   0.01535   0.00363   0.00234   0.00726   0.02012   0.01627   0.02524   0.03234   0.01307   0.00965   0.00837   0.02582   0.00115   0.00601   0.01894   0.01546   0.00106   0.00887   0.00727   0.00425   0.00178   5.02957   0.48928   1.49743   1.39653   0.31976   0.16519  
107  0.0008  12348.014910  x:  0.27092   0.02452   0.27798   0.06221   0.13431   0.06600   0.05578   0.06659   0.09018   0.02690   0.02209   0.01143   0.10450   0.09656   0.14988   0.09553   0.00368   0.00560   0.05956   0.02812   0.00966   0.00720   0.04893   0.04937   0.05813   0.06019   0.00676   0.02316   0.00932   0.00954   0.00118   0.00594   0.00597   0.00594   0.00356   0.00717   0.00711   0.00359   0.00473   0.00598   0.00833   0.01536   0.00363   0.00234   0.00726   0.02012   0.01627   0.02520   0.03233   0.01307   0.00964   0.00838   0.02581   0.00116   0.00600   0.01895   0.01546   0.00106   0.00887   0.00727   0.00425   0.00178   5.03011   0.48922   1.49777   1.39674   0.31983   0.16515  
108  0.0002  12348.014773  x:  0.27092   0.02453   0.27801   0.06221   0.13429   0.06598   0.05578   0.06660   0.09018   0.02688   0.02209   0.01143   0.10451   0.09657   0.14989   0.09552   0.00368   0.00560   0.05959   0.02812   0.00966   0.00720   0.04890   0.04938   0.05814   0.06020   0.00675   0.02316   0.00933   0.00954   0.00119   0.00595   0.00596   0.00594   0.00357   0.00718   0.00713   0.00359   0.00473   0.00598   0.00833   0.01538   0.00362   0.00234   0.00725   0.02012   0.01627   0.02521   0.03233   0.01307   0.00964   0.00838   0.02582   0.00116   0.00599   0.01895   0.01546   0.00105   0.00887   0.00727   0.00424   0.00178   5.03042   0.48913   1.49777   1.39582   0.31985   0.16522  
109  0.0003  12348.014669  x:  0.27090   0.02454   0.27797   0.06219   0.13431   0.06599   0.05576   0.06660   0.09018   0.02689   0.02209   0.01143   0.10451   0.09660   0.14988   0.09551   0.00368   0.00561   0.05957   0.02811   0.00966   0.00720   0.04893   0.04938   0.05816   0.06020   0.00675   0.02316   0.00933   0.00954   0.00119   0.00594   0.00597   0.00594   0.00357   0.00717   0.00713   0.00358   0.00472   0.00599   0.00835   0.01537   0.00361   0.00235   0.00726   0.02012   0.01627   0.02521   0.03233   0.01307   0.00964   0.00837   0.02581   0.00117   0.00599   0.01895   0.01546   0.00106   0.00887   0.00727   0.00424   0.00178   5.02977   0.48914   1.49749   1.39567   0.31977   0.16517  
110  0.0002  12348.014612  x:  0.27091   0.02454   0.27798   0.06222   0.13430   0.06599   0.05579   0.06660   0.09018   0.02689   0.02210   0.01144   0.10451   0.09659   0.14988   0.09552   0.00368   0.00560   0.05959   0.02812   0.00966   0.00720   0.04891   0.04938   0.05816   0.06021   0.00675   0.02316   0.00932   0.00954   0.00119   0.00594   0.00597   0.00594   0.00357   0.00717   0.00713   0.00358   0.00472   0.00599   0.00834   0.01536   0.00361   0.00235   0.00726   0.02010   0.01627   0.02522   0.03233   0.01307   0.00964   0.00837   0.02582   0.00117   0.00599   0.01895   0.01546   0.00105   0.00887   0.00727   0.00425   0.00177   5.02988   0.48914   1.49773   1.39623   0.31974   0.16513  
111  0.0002  12348.014570  x:  0.27091   0.02454   0.27800   0.06220   0.13430   0.06598   0.05577   0.06660   0.09019   0.02689   0.02210   0.01142   0.10451   0.09659   0.14989   0.09552   0.00368   0.00560   0.05959   0.02812   0.00966   0.00720   0.04892   0.04938   0.05816   0.06020   0.00674   0.02316   0.00932   0.00954   0.00119   0.00594   0.00597   0.00594   0.00357   0.00717   0.00713   0.00358   0.00472   0.00599   0.00834   0.01536   0.00360   0.00235   0.00726   0.02011   0.01627   0.02522   0.03233   0.01307   0.00964   0.00838   0.02582   0.00118   0.00600   0.01895   0.01546   0.00105   0.00887   0.00727   0.00425   0.00177   5.02979   0.48922   1.49758   1.39638   0.31978   0.16519  
112  0.0001  12348.014547  x:  0.27091   0.02454   0.27798   0.06221   0.13430   0.06599   0.05578   0.06660   0.09018   0.02689   0.02209   0.01143   0.10450   0.09659   0.14989   0.09552   0.00368   0.00560   0.05958   0.02812   0.00966   0.00720   0.04892   0.04938   0.05816   0.06020   0.00674   0.02316   0.00933   0.00954   0.00119   0.00594   0.00597   0.00594   0.00357   0.00717   0.00712   0.00359   0.00471   0.00599   0.00833   0.01536   0.00360   0.00235   0.00726   0.02011   0.01627   0.02523   0.03233   0.01307   0.00964   0.00838   0.02581   0.00118   0.00600   0.01895   0.01546   0.00105   0.00887   0.00727   0.00425   0.00177   5.02995   0.48920   1.49758   1.39619   0.31980   0.16515  
113  0.0001  12348.014540  x:  0.27091   0.02454   0.27798   0.06221   0.13430   0.06599   0.05578   0.06660   0.09018   0.02689   0.02210   0.01143   0.10451   0.09658   0.14988   0.09552   0.00368   0.00560   0.05959   0.02812   0.00966   0.00720   0.04892   0.04938   0.05815   0.06020   0.00674   0.02316   0.00933   0.00954   0.00119   0.00594   0.00597   0.00594   0.00357   0.00717   0.00712   0.00359   0.00471   0.00599   0.00833   0.01537   0.00360   0.00235   0.00726   0.02011   0.01627   0.02522   0.03233   0.01307   0.00964   0.00837   0.02581   0.00118   0.00601   0.01895   0.01546   0.00106   0.00887   0.00727   0.00425   0.00177   5.02964   0.48918   1.49743   1.39605   0.31978   0.16516  
114  0.0002  12348.014532  x:  0.27091   0.02454   0.27799   0.06220   0.13430   0.06598   0.05578   0.06660   0.09018   0.02689   0.02209   0.01143   0.10450   0.09658   0.14988   0.09552   0.00368   0.00560   0.05958   0.02812   0.00966   0.00720   0.04892   0.04938   0.05816   0.06020   0.00675   0.02316   0.00933   0.00954   0.00119   0.00594   0.00597   0.00594   0.00357   0.00717   0.00712   0.00359   0.00472   0.00599   0.00833   0.01536   0.00360   0.00235   0.00726   0.02011   0.01627   0.02523   0.03233   0.01307   0.00964   0.00837   0.02581   0.00118   0.00600   0.01895   0.01546   0.00105   0.00887   0.00727   0.00425   0.00177   5.02949   0.48919   1.49752   1.39612   0.31976   0.16517  
115  0.0000  12348.014524  x:  0.27091   0.02454   0.27798   0.06221   0.13430   0.06599   0.05578   0.06660   0.09018   0.02689   0.02210   0.01143   0.10450   0.09659   0.14989   0.09552   0.00368   0.00560   0.05959   0.02812   0.00966   0.00720   0.04892   0.04938   0.05816   0.06020   0.00675   0.02316   0.00933   0.00954   0.00119   0.00594   0.00597   0.00594   0.00357   0.00717   0.00712   0.00359   0.00472   0.00599   0.00833   0.01536   0.00359   0.00235   0.00726   0.02011   0.01627   0.02523   0.03233   0.01307   0.00964   0.00838   0.02582   0.00118   0.00600   0.01895   0.01546   0.00106   0.00887   0.00727   0.00425   0.00178   5.02964   0.48918   1.49761   1.39617   0.31976   0.16516  
116  0.0001  12348.014514  x:  0.27091   0.02453   0.27797   0.06222   0.13430   0.06599   0.05577   0.06660   0.09018   0.02689   0.02210   0.01143   0.10451   0.09658   0.14989   0.09553   0.00368   0.00560   0.05958   0.02812   0.00966   0.00720   0.04892   0.04938   0.05816   0.06020   0.00675   0.02315   0.00933   0.00954   0.00119   0.00594   0.00597   0.00594   0.00357   0.00717   0.00712   0.00359   0.00472   0.00599   0.00833   0.01536   0.00359   0.00235   0.00726   0.02011   0.01627   0.02522   0.03233   0.01307   0.00964   0.00837   0.02581   0.00118   0.00600   0.01895   0.01546   0.00106   0.00887   0.00727   0.00425   0.00177   5.02979   0.48918   1.49761   1.39617   0.31977   0.16517  
117  0.0000  12348.014509  x:  0.27091   0.02454   0.27798   0.06222   0.13430   0.06599   0.05578   0.06660   0.09018   0.02689   0.02210   0.01143   0.10450   0.09659   0.14989   0.09552   0.00368   0.00560   0.05958   0.02812   0.00966   0.00720   0.04892   0.04938   0.05815   0.06020   0.00675   0.02316   0.00933   0.00954   0.00119   0.00594   0.00597   0.00594   0.00357   0.00717   0.00712   0.00359   0.00472   0.00599   0.00833   0.01537   0.00359   0.00235   0.00726   0.02011   0.01627   0.02522   0.03233   0.01307   0.00964   0.00837   0.02581   0.00117   0.00600   0.01895   0.01546   0.00106   0.00887   0.00727   0.00425   0.00178   5.02973   0.48919   1.49756   1.39616   0.31978   0.16517  
118  0.0000  12348.014508  x:  0.27091   0.02454   0.27798   0.06221   0.13430   0.06599   0.05578   0.06660   0.09018   0.02689   0.02210   0.01143   0.10451   0.09658   0.14988   0.09552   0.00368   0.00560   0.05958   0.02812   0.00966   0.00720   0.04892   0.04938   0.05816   0.06020   0.00674   0.02316   0.00933   0.00954   0.00119   0.00594   0.00597   0.00594   0.00357   0.00717   0.00712   0.00359   0.00472   0.00599   0.00833   0.01536   0.00359   0.00235   0.00726   0.02011   0.01627   0.02522   0.03233   0.01307   0.00964   0.00837   0.02581   0.00117   0.00600   0.01895   0.01546   0.00106   0.00887   0.00727   0.00425   0.00178   5.02965   0.48919   1.49749   1.39611   0.31978   0.16516  
119  0.0000  12348.014507  x:  0.27091   0.02454   0.27798   0.06221   0.13430   0.06599   0.05578   0.06660   0.09018   0.02689   0.02210   0.01143   0.10450   0.09659   0.14989   0.09552   0.00368   0.00560   0.05958   0.02812   0.00966   0.00720   0.04892   0.04938   0.05816   0.06020   0.00674   0.02316   0.00933   0.00954   0.00119   0.00594   0.00597   0.00594   0.00357   0.00717   0.00712   0.00359   0.00472   0.00599   0.00833   0.01536   0.00358   0.00235   0.00726   0.02011   0.01627   0.02522   0.03233   0.01307   0.00964   0.00837   0.02581   0.00117   0.00600   0.01895   0.01546   0.00106   0.00887   0.00727   0.00425   0.00178   5.02969   0.48919   1.49751   1.39611   0.31978   0.16516  
120  0.0000  12348.014507  x:  0.27091   0.02454   0.27798   0.06221   0.13430   0.06599   0.05578   0.06660   0.09018   0.02689   0.02210   0.01143   0.10451   0.09658   0.14989   0.09552   0.00368   0.00560   0.05958   0.02812   0.00966   0.00720   0.04892   0.04938   0.05816   0.06020   0.00674   0.02316   0.00933   0.00954   0.00119   0.00594   0.00597   0.00594   0.00357   0.00717   0.00712   0.00359   0.00472   0.00599   0.00833   0.01536   0.00358   0.00235   0.00726   0.02011   0.01627   0.02522   0.03233   0.01307   0.00964   0.00837   0.02581   0.00117   0.00600   0.01895   0.01546   0.00106   0.00887   0.00727   0.00425   0.00178   5.02973   0.48919   1.49754   1.39613   0.31977   0.16516  
121  0.0000  12348.014507  x:  0.27091   0.02454   0.27798   0.06221   0.13430   0.06599   0.05578   0.06660   0.09018   0.02689   0.02210   0.01143   0.10451   0.09659   0.14989   0.09552   0.00368   0.00560   0.05958   0.02812   0.00966   0.00720   0.04892   0.04938   0.05816   0.06020   0.00675   0.02316   0.00933   0.00954   0.00119   0.00594   0.00597   0.00594   0.00357   0.00717   0.00712   0.00359   0.00472   0.00599   0.00833   0.01536   0.00358   0.00235   0.00726   0.02011   0.01627   0.02522   0.03233   0.01307   0.00964   0.00837   0.02581   0.00117   0.00600   0.01895   0.01546   0.00106   0.00887   0.00727   0.00425   0.00178   5.02971   0.48919   1.49754   1.39614   0.31978   0.16516  
122  0.0000  12348.014507  x:  0.27091   0.02454   0.27798   0.06221   0.13430   0.06599   0.05578   0.06660   0.09018   0.02689   0.02210   0.01143   0.10451   0.09659   0.14989   0.09552   0.00368   0.00560   0.05958   0.02812   0.00966   0.00720   0.04892   0.04938   0.05816   0.06020   0.00675   0.02316   0.00933   0.00954   0.00119   0.00594   0.00597   0.00594   0.00357   0.00717   0.00712   0.00359   0.00472   0.00599   0.00833   0.01536   0.00358   0.00235   0.00726   0.02011   0.01627   0.02522   0.03233   0.01307   0.00964   0.00837   0.02581   0.00117   0.00600   0.01895   0.01546   0.00106   0.00887   0.00727   0.00425   0.00178   5.02971   0.48919   1.49754   1.39613   0.31978   0.16516  
123  0.0000  12348.014507  x:  0.27091   0.02454   0.27798   0.06221   0.13430   0.06599   0.05578   0.06660   0.09018   0.02689   0.02210   0.01143   0.10451   0.09659   0.14989   0.09552   0.00368   0.00560   0.05958   0.02812   0.00966   0.00720   0.04892   0.04938   0.05816   0.06020   0.00675   0.02316   0.00933   0.00954   0.00119   0.00594   0.00597   0.00594   0.00357   0.00717   0.00712   0.00359   0.00472   0.00599   0.00833   0.01536   0.00358   0.00235   0.00726   0.02011   0.01627   0.02522   0.03233   0.01307   0.00964   0.00837   0.02581   0.00117   0.00600   0.01895   0.01546   0.00106   0.00887   0.00727   0.00425   0.00178   5.02971   0.48919   1.49754   1.39613   0.31978   0.16516  
124  0.0000  12348.014507  x:  0.27091   0.02454   0.27798   0.06221   0.13430   0.06599   0.05578   0.06660   0.09018   0.02689   0.02210   0.01143   0.10451   0.09659   0.14988   0.09552   0.00368   0.00560   0.05958   0.02812   0.00966   0.00720   0.04892   0.04938   0.05816   0.06020   0.00675   0.02316   0.00933   0.00954   0.00119   0.00594   0.00597   0.00594   0.00357   0.00717   0.00712   0.00359   0.00472   0.00599   0.00833   0.01536   0.00358   0.00235   0.00726   0.02011   0.01627   0.02522   0.03233   0.01307   0.00964   0.00837   0.02581   0.00117   0.00600   0.01895   0.01546   0.00106   0.00887   0.00727   0.00425   0.00178   5.02972   0.48919   1.49753   1.39613   0.31978   0.16516  
125  0.0000  12348.014507  x:  0.27091   0.02454   0.27798   0.06221   0.13430   0.06599   0.05578   0.06660   0.09018   0.02689   0.02210   0.01143   0.10451   0.09659   0.14989   0.09552   0.00368   0.00560   0.05958   0.02812   0.00966   0.00720   0.04892   0.04938   0.05816   0.06020   0.00675   0.02316   0.00933   0.00954   0.00119   0.00594   0.00597   0.00594   0.00357   0.00717   0.00712   0.00359   0.00472   0.00599   0.00833   0.01536   0.00358   0.00235   0.00726   0.02011   0.01627   0.02522   0.03233   0.01307   0.00964   0.00837   0.02581   0.00117   0.00600   0.01895   0.01546   0.00106   0.00887   0.00727   0.00425   0.00178   5.02972   0.48919   1.49754   1.39613   0.31978   0.16516  
126  0.0000  12348.014507  x:  0.27091   0.02454   0.27798   0.06221   0.13430   0.06599   0.05578   0.06660   0.09018   0.02689   0.02210   0.01143   0.10451   0.09659   0.14989   0.09552   0.00368   0.00560   0.05958   0.02812   0.00966   0.00720   0.04892   0.04938   0.05816   0.06020   0.00675   0.02316   0.00933   0.00954   0.00119   0.00594   0.00597   0.00594   0.00357   0.00717   0.00712   0.00359   0.00472   0.00599   0.00833   0.01536   0.00358   0.00235   0.00726   0.02011   0.01627   0.02522   0.03233   0.01307   0.00964   0.00837   0.02581   0.00117   0.00600   0.01895   0.01546   0.00106   0.00887   0.00727   0.00425   0.00178   5.02972   0.48919   1.49754   1.39613   0.31978   0.16516  
127  0.0000  12348.014507  x:  0.27091   0.02454   0.27798   0.06221   0.13430   0.06599   0.05578   0.06660   0.09018   0.02689   0.02210   0.01143   0.10451   0.09659   0.14989   0.09552   0.00368   0.00560   0.05958   0.02812   0.00966   0.00720   0.04892   0.04938   0.05816   0.06020   0.00675   0.02316   0.00933   0.00954   0.00119   0.00594   0.00597   0.00594   0.00357   0.00717   0.00712   0.00359   0.00472   0.00599   0.00833   0.01536   0.00358   0.00235   0.00726   0.02011   0.01627   0.02522   0.03233   0.01307   0.00964   0.00837   0.02581   0.00117   0.00600   0.01895   0.01546   0.00106   0.00887   0.00727   0.00425   0.00178   5.02972   0.48919   1.49754   1.39613   0.31978   0.16516  
128  0.0000  12348.014507  x:  0.27091   0.02454   0.27798   0.06221   0.13430   0.06599   0.05578   0.06660   0.09018   0.02689   0.02210   0.01143   0.10451   0.09659   0.14989   0.09552   0.00368   0.00560   0.05958   0.02812   0.00966   0.00720   0.04892   0.04938   0.05816   0.06020   0.00675   0.02316   0.00933   0.00954   0.00119   0.00594   0.00597   0.00594   0.00357   0.00717   0.00712   0.00359   0.00472   0.00599   0.00833   0.01536   0.00358   0.00235   0.00726   0.02011   0.01627   0.02522   0.03233   0.01307   0.00964   0.00837   0.02581   0.00117   0.00600   0.01895   0.01546   0.00106   0.00887   0.00727   0.00425   0.00178   5.02972   0.48919   1.49754   1.39613   0.31978   0.16516  
129  0.0000  12348.014507  x:  0.27091   0.02454   0.27798   0.06221   0.13430   0.06599   0.05578   0.06660   0.09018   0.02689   0.02210   0.01143   0.10451   0.09659   0.14989   0.09552   0.00368   0.00560   0.05958   0.02812   0.00966   0.00720   0.04892   0.04938   0.05816   0.06020   0.00675   0.02316   0.00933   0.00954   0.00119   0.00594   0.00597   0.00594   0.00357   0.00717   0.00712   0.00359   0.00472   0.00599   0.00833   0.01536   0.00358   0.00235   0.00726   0.02011   0.01627   0.02522   0.03233   0.01307   0.00964   0.00837   0.02581   0.00117   0.00600   0.01895   0.01546   0.00106   0.00887   0.00727   0.00425   0.00178   5.02972   0.48919   1.49754   1.39613   0.31978   0.16516  