Supplemental results for CODEML (seqf: paml_alt_hominini_selected_removal_dna_aligned_combined_TAS1R1  treef: paml_alt_hominini_ML_tree_output_selected_removal_dna_aligned_combined_TAS1R1.txt)

I	J	ij	2Ns_IJ	pMut_IJ	pSub_IJ	2Ns_JI	pMut_JI	pSub_JI

TTC	TTT	CT	0.35532	0.09639	0.11452	-0.35532	0.13751	0.11452	0.11452	0.11452
TTA	TTT	AT	4.41579	0.00031	0.00138	-4.41579	0.02548	0.00138	0.00138	0.00138
TTA	TTC	AC	4.06047	0.00094	0.00389	-4.06047	0.05468	0.00389	0.00389	0.00389
TTG	TTT	GT	1.60696	0.00366	0.00736	-1.60696	0.01826	0.00736	0.00736	0.00736
TTG	TTC	GC	1.25164	0.01121	0.01965	-1.25164	0.03918	0.01965	0.01965	0.01965
TTG	TTA	GA	-2.80882	0.05255	0.00947	2.80882	0.00317	0.00947	0.00947	0.00947
TCT	TTT	CT	1.36269	0.03520	0.06447	-1.36269	0.13751	0.06447	0.06447	0.06447
TCC	TTC	CT	1.55503	0.06231	0.12283	-1.55503	0.29504	0.12283	0.12283	0.12283
TCC	TCT	CT	0.54766	0.06231	0.08092	-0.54766	0.10774	0.08092	0.08092	0.08092
TCA	TTA	CT	-0.91087	0.01179	0.00722	0.91087	0.00474	0.00722	0.00722	0.00722
TCA	TCT	AT	2.14223	0.00234	0.00569	-2.14223	0.01997	0.00569	0.00569	0.00569
TCA	TCC	AC	1.59457	0.00717	0.01435	-1.59457	0.03534	0.01435	0.01435	0.01435
TCG	TTG	CT	2.61351	0.00413	0.01165	-2.61351	0.05637	0.01165	0.01165	0.01165
TCG	TCT	GT	2.85779	0.00082	0.00249	-2.85779	0.01431	0.00249	0.00249	0.00249
TCG	TCC	GC	2.31012	0.00251	0.00645	-2.31012	0.02533	0.00645	0.00645	0.00645
TCG	TCA	GA	0.71556	0.01179	0.01650	-0.71556	0.02411	0.01650	0.01650	0.01650
TAT	TTT	AT	1.33235	0.00672	0.01217	-1.33235	0.02548	0.01217	0.01217	0.01217
TAT	TCT	AC	-0.03034	0.02058	0.02027	0.03034	0.01997	0.02027	0.02027	0.02027
TAC	TTC	AT	1.70311	0.00996	0.02073	-1.70311	0.05468	0.02073	0.02073	0.02073
TAC	TCC	AC	0.14808	0.03048	0.03279	-0.14808	0.03534	0.03279	0.03279	0.03279
TAC	TAT	CT	0.72608	0.05009	0.07045	-0.72608	0.10353	0.07045	0.07045	0.07045
TGT	TTT	GT	0.90915	0.00736	0.01120	-0.90915	0.01826	0.01120	0.01120	0.01120
TGT	TCT	GC	-0.45354	0.02252	0.01780	0.45354	0.01431	0.01780	0.01780	0.01780
TGT	TAT	GA	-0.42320	0.10559	0.08482	0.42320	0.06916	0.08482	0.08482	0.08482
TGC	TTC	GT	1.15018	0.01240	0.02088	-1.15018	0.03918	0.02088	0.02088	0.02088
TGC	TCC	GC	-0.40485	0.03797	0.03080	0.40485	0.02533	0.03080	0.03080	0.03080
TGC	TAC	GA	-0.55292	0.17803	0.13332	0.55292	0.10241	0.13332	0.13332	0.13332
TGC	TGT	CT	0.59635	0.06239	0.08284	-0.59635	0.11327	0.08284	0.08284	0.08284
TGG	TTG	GT	-0.40948	0.01127	0.00912	0.40948	0.00749	0.00912	0.00912	0.00912
TGG	TCG	GC	-3.02299	0.03451	0.00534	3.02299	0.00168	0.00534	0.00534	0.00534
TGG	TGT	GT	0.28833	0.01127	0.01298	-0.28833	0.01504	0.01298	0.01298	0.01298
TGG	TGC	GC	-0.30802	0.03451	0.02947	0.30802	0.02536	0.02947	0.02947	0.02947
CTT	TTT	CT	1.34332	0.03589	0.06523	-1.34332	0.13751	0.06523	0.06523	0.06523
CTC	TTC	CT	1.42081	0.07126	0.13348	-1.42081	0.29504	0.13348	0.13348	0.13348
CTC	CTT	CT	0.43281	0.07126	0.08779	-0.43281	0.10985	0.08779	0.08779	0.08779
CTA	TTA	CT	-1.40699	0.01936	0.00883	1.40699	0.00474	0.00883	0.00883	0.00883
CTA	CTT	AT	1.66548	0.00385	0.00791	-1.66548	0.02036	0.00791	0.00791	0.00791
CTA	CTC	AC	1.23267	0.01178	0.02050	-1.23267	0.04042	0.02050	0.02050	0.02050
CTG	TTG	CT	-1.05431	0.16179	0.09122	1.05431	0.05637	0.09122	0.09122	0.09122
CTG	CTT	GT	-0.79067	0.03216	0.02111	0.79067	0.01459	0.02111	0.02111	0.02111
CTG	CTC	GC	-1.22348	0.09846	0.05021	1.22348	0.02897	0.05021	0.05021	0.05021
CTG	CTA	GA	-2.45615	0.46165	0.10637	2.45615	0.03959	0.10637	0.10637	0.10637
CCT	TCT	CT	0.96284	0.04114	0.06407	-0.96284	0.10774	0.06407	0.06407	0.06407
CCT	CTT	CT	0.98221	0.04114	0.06459	-0.98221	0.10985	0.06459	0.06459	0.06459
CCC	TCC	CT	1.28353	0.05284	0.09381	-1.28353	0.19072	0.09381	0.09381	0.09381
CCC	CTC	CT	1.41776	0.05284	0.09887	-1.41776	0.21812	0.09887	0.09887	0.09887
CCC	CCT	CT	0.86835	0.05284	0.07906	-0.86835	0.12592	0.07906	0.07906	0.07906
CCA	TCA	CT	0.64509	0.01893	0.02569	-0.64509	0.03609	0.02569	0.02569	0.02569
CCA	CTA	CT	1.14121	0.01893	0.03175	-1.14121	0.05927	0.03175	0.03175	0.03175
CCA	CCT	AT	1.82447	0.00376	0.00819	-1.82447	0.02333	0.00819	0.00819	0.00819
CCA	CCC	AC	0.95612	0.01152	0.01789	-0.95612	0.02997	0.01789	0.01789	0.01789
CCG	TCG	CT	1.16130	0.00396	0.00669	-1.16130	0.01264	0.00669	0.00669	0.00669
CCG	CTG	CT	4.82912	0.00396	0.01927	-4.82912	0.49524	0.01927	0.01927	0.01927
CCG	CCT	GT	3.05624	0.00079	0.00252	-3.05624	0.01672	0.00252	0.00252	0.00252
CCG	CCC	GC	2.18789	0.00241	0.00594	-2.18789	0.02148	0.00594	0.00594	0.00594
CCG	CCA	GA	1.23177	0.01130	0.01965	-1.23177	0.03871	0.01965	0.01965	0.01965
CAT	TAT	CT	1.57509	0.02143	0.04256	-1.57509	0.10353	0.04256	0.04256	0.04256
CAT	CTT	AT	1.56413	0.00426	0.00843	-1.56413	0.02036	0.00843	0.00843	0.00843
CAT	CCT	AC	0.58191	0.01304	0.01720	-0.58191	0.02333	0.01720	0.01720	0.01720
CAC	TAC	CT	1.07668	0.05224	0.08531	-1.07668	0.15331	0.08531	0.08531	0.08531
CAC	CTC	AT	1.35898	0.01039	0.01899	-1.35898	0.04042	0.01899	0.01899	0.01899
CAC	CCC	AC	-0.05878	0.03179	0.03086	0.05878	0.02997	0.03086	0.03086	0.03086
CAC	CAT	CT	0.22766	0.05224	0.05841	-0.22766	0.06559	0.05841	0.05841	0.05841
CAA	CTA	AT	1.35865	0.00282	0.00516	-1.35865	0.01098	0.00516	0.00516	0.00516
CAA	CCA	AC	0.21744	0.00864	0.00961	-0.21744	0.01074	0.00961	0.00961	0.00961
CAA	CAT	AT	1.46000	0.00282	0.00537	-1.46000	0.01216	0.00537	0.00537	0.00537
CAA	CAC	AC	1.23234	0.00864	0.01503	-1.23234	0.02963	0.01503	0.01503	0.01503
CAG	CTG	AT	1.58627	0.01879	0.03747	-1.58627	0.09178	0.03747	0.03747	0.03747
CAG	CCG	AC	-3.24285	0.05750	0.00758	3.24285	0.00225	0.00758	0.00758	0.00758
CAG	CAT	GT	-0.76852	0.01879	0.01248	0.76852	0.00871	0.01248	0.01248	0.01248
CAG	CAC	GC	-0.99618	0.05750	0.03354	0.99618	0.02123	0.03354	0.03354	0.03354
CAG	CAA	GA	-2.22852	0.26962	0.07251	2.22852	0.02903	0.07251	0.07251	0.07251
CGT	TGT	CT	3.23128	0.00448	0.01506	-3.23128	0.11327	0.01506	0.01506	0.01506
CGT	CTT	GT	2.79711	0.00089	0.00265	-2.79711	0.01459	0.00265	0.00265	0.00265
CGT	CCT	GC	1.81490	0.00272	0.00590	-1.81490	0.01672	0.00590	0.00590	0.00590
CGT	CAT	GA	1.23299	0.01277	0.02222	-1.23299	0.04382	0.02222	0.02222	0.02222
CGC	TGC	CT	1.79411	0.03176	0.06834	-1.79411	0.19098	0.06834	0.06834	0.06834
CGC	CTC	GT	1.52349	0.00631	0.01230	-1.52349	0.02897	0.01230	0.01230	0.01230
CGC	CCC	GC	0.10573	0.01932	0.02036	-0.10573	0.02148	0.02036	0.02036	0.02036
CGC	CAC	GA	0.16451	0.09061	0.09827	-0.16451	0.10681	0.09827	0.09827	0.09827
CGC	CGT	CT	-0.84082	0.03176	0.02025	0.84082	0.01370	0.02025	0.02025	0.02025
CGA	CTA	GT	1.92668	0.00115	0.00259	-1.92668	0.00787	0.00259	0.00259	0.00259
CGA	CCA	GC	0.78547	0.00351	0.00507	-0.78547	0.00770	0.00507	0.00507	0.00507
CGA	CAA	GA	0.56803	0.01645	0.02157	-0.56803	0.02903	0.02157	0.02157	0.02157
CGA	CGT	AT	0.79504	0.00115	0.00166	-0.79504	0.00254	0.00166	0.00166	0.00166
CGA	CGC	AC	1.63586	0.00351	0.00713	-1.63586	0.01801	0.00713	0.00713	0.00713
CGG	TGG	CT	2.44467	0.01506	0.04032	-2.44467	0.17360	0.04032	0.04032	0.04032
CGG	CTG	GT	3.08951	0.00299	0.00969	-3.08951	0.06577	0.00969	0.00969	0.00969
CGG	CCG	GC	-1.73961	0.00916	0.00340	1.73961	0.00161	0.00340	0.00340	0.00340
CGG	CAG	GA	1.50324	0.04297	0.08307	-1.50324	0.19321	0.08307	0.08307	0.08307
CGG	CGT	GT	-0.49827	0.00299	0.00231	0.49827	0.00182	0.00231	0.00231	0.00231
CGG	CGC	GC	0.34254	0.00916	0.01082	-0.34254	0.01291	0.01082	0.01082	0.01082
CGG	CGA	GA	-1.29331	0.04297	0.02101	1.29331	0.01179	0.02101	0.02101	0.02101
ATT	TTT	AT	1.92626	0.00371	0.00837	-1.92626	0.02548	0.00837	0.00837	0.00837
ATT	CTT	AC	0.58294	0.01136	0.01500	-0.58294	0.02036	0.01500	0.01500	0.01500
ATC	TTC	AT	1.51280	0.01204	0.02337	-1.51280	0.05468	0.02337	0.02337	0.02337
ATC	CTC	AC	0.09199	0.03687	0.03859	-0.09199	0.04042	0.03859	0.03859	0.03859
ATC	ATT	CT	-0.05814	0.06059	0.05884	0.05814	0.05716	0.05884	0.05884	0.05884
ATA	TTA	AT	-1.16708	0.00282	0.00149	1.16708	0.00088	0.00149	0.00149	0.00149
ATA	CTA	AC	0.23991	0.00864	0.00972	-0.23991	0.01098	0.00972	0.00972	0.00972
ATA	ATT	AT	1.32244	0.00282	0.00509	-1.32244	0.01059	0.00509	0.00509	0.00509
ATA	ATC	AC	1.38059	0.00864	0.01594	-1.38059	0.03437	0.01594	0.01594	0.01594
ATG	TTG	AT	0.19786	0.00857	0.00945	-0.19786	0.01045	0.00945	0.00945	0.00945
ATG	CTG	AC	1.25218	0.02624	0.04601	-1.25218	0.09178	0.04601	0.04601	0.04601
ATG	ATT	GT	-0.12144	0.00857	0.00806	0.12144	0.00759	0.00806	0.00806	0.00806
ATG	ATC	GC	-0.06329	0.02624	0.02542	0.06329	0.02463	0.02542	0.02542	0.02542
ATG	ATA	GA	-1.44388	0.12302	0.05487	1.44388	0.02903	0.05487	0.05487	0.05487
ACT	TCT	AT	1.20713	0.00597	0.01028	-1.20713	0.01997	0.01028	0.01028	0.01028
ACT	CCT	AC	0.24429	0.01828	0.02060	-0.24429	0.02333	0.02060	0.02060	0.02060
ACT	ATT	CT	0.64356	0.03003	0.04073	-0.64356	0.05716	0.04073	0.04073	0.04073
ACC	TCC	AT	1.05126	0.01235	0.01996	-1.05126	0.03534	0.01996	0.01996	0.01996
ACC	CCC	AC	-0.23228	0.03781	0.03359	0.23228	0.02997	0.03359	0.03359	0.03359
ACC	ATC	CT	1.09349	0.06213	0.10218	-1.09349	0.18545	0.10218	0.10218	0.10218
ACC	ACT	CT	0.39178	0.06213	0.07510	-0.39178	0.09194	0.07510	0.07510	0.07510
ACA	TCA	AT	0.26136	0.00515	0.00585	-0.26136	0.00669	0.00585	0.00585	0.00585
ACA	CCA	AC	-0.38373	0.01576	0.01293	0.38373	0.01074	0.01293	0.01293	0.01293
ACA	ATA	CT	0.51757	0.02590	0.03318	-0.51757	0.04347	0.03318	0.03318	0.03318
ACA	ACT	AT	1.19645	0.00515	0.00883	-1.19645	0.01704	0.00883	0.00883	0.00883
ACA	ACC	AC	0.80467	0.01576	0.02295	-0.80467	0.03525	0.02295	0.02295	0.02295
ACG	TCG	AT	-0.90335	0.00578	0.00356	0.90335	0.00234	0.00356	0.00356	0.00356
ACG	CCG	AC	-2.06465	0.01770	0.00531	2.06465	0.00225	0.00531	0.00531	0.00531
ACG	ATG	CT	1.51230	0.02909	0.05643	-1.51230	0.13198	0.05643	0.05643	0.05643
ACG	ACT	GT	0.74730	0.00578	0.00821	-0.74730	0.01221	0.00821	0.00821	0.00821
ACG	ACC	GC	0.35551	0.01770	0.02103	-0.35551	0.02526	0.02103	0.02103	0.02103
ACG	ACA	GA	-0.44916	0.08300	0.06575	0.44916	0.05297	0.06575	0.06575	0.06575
AAT	TAT	AT	1.31187	0.00517	0.00928	-1.31187	0.01919	0.00928	0.00928	0.00928
AAT	CAT	AC	-0.26322	0.01582	0.01383	0.26322	0.01216	0.01383	0.01383	0.01383
AAT	ATT	AT	0.71796	0.00517	0.00724	-0.71796	0.01059	0.00724	0.00724	0.00724
AAT	ACT	AC	0.07440	0.01582	0.01641	-0.07440	0.01704	0.01641	0.01641	0.01641
AAC	TAC	AT	0.93953	0.01110	0.01712	-0.93953	0.02841	0.01712	0.01712	0.01712
AAC	CAC	AC	-0.13715	0.03399	0.03171	0.13715	0.02963	0.03171	0.03171	0.03171
AAC	ATC	AT	1.12984	0.01110	0.01853	-1.12984	0.03437	0.01853	0.01853	0.01853
AAC	ACC	AC	0.03635	0.03399	0.03461	-0.03635	0.03525	0.03461	0.03461	0.03461
AAC	AAT	CT	0.35373	0.05585	0.06631	-0.35373	0.07955	0.06631	0.06631	0.06631
AAA	CAA	AC	0.14535	0.00697	0.00748	-0.14535	0.00805	0.00748	0.00748	0.00748
AAA	ATA	AT	1.26409	0.00228	0.00401	-1.26409	0.00805	0.00401	0.00401	0.00401
AAA	ACA	AC	0.74652	0.00697	0.00989	-0.74652	0.01469	0.00989	0.00989	0.00989
AAA	AAT	AT	1.86857	0.00228	0.00503	-1.86857	0.01474	0.00503	0.00503	0.00503
AAA	AAC	AC	1.51484	0.00697	0.01352	-1.51484	0.03168	0.01352	0.01352	0.01352
AAG	CAG	AC	0.37849	0.03671	0.04410	-0.37849	0.05360	0.04410	0.04410	0.04410
AAG	ATG	AT	0.71259	0.01199	0.01677	-0.71259	0.02446	0.01677	0.01677	0.01677
AAG	ACG	AC	-0.79971	0.03671	0.02397	0.79971	0.01650	0.02397	0.02397	0.02397
AAG	AAT	GT	-0.12681	0.01199	0.01125	0.12681	0.01056	0.01125	0.01125	0.01125
AAG	AAC	GC	-0.48054	0.03671	0.02859	0.48054	0.02270	0.02859	0.02859	0.02859
AAG	AAA	GA	-1.99538	0.17214	0.05405	1.99538	0.02340	0.05405	0.05405	0.05405
AGT	TGT	AT	1.59885	0.00424	0.00850	-1.59885	0.02099	0.00850	0.00850	0.00850
AGT	CGT	AC	-1.63243	0.01299	0.00515	1.63243	0.00254	0.00515	0.00515	0.00515
AGT	ATT	GT	0.58174	0.00424	0.00560	-0.58174	0.00759	0.00560	0.00560	0.00560
AGT	ACT	GC	-0.06182	0.01299	0.01259	0.06182	0.01221	0.01259	0.01259	0.01259
AGT	AAT	GA	-0.13622	0.06090	0.05684	0.13622	0.05314	0.05684	0.05684	0.05684
AGC	TGC	AT	0.90484	0.01432	0.02176	-0.90484	0.03539	0.02176	0.02176	0.02176
AGC	CGC	AC	-0.88927	0.04383	0.02720	0.88927	0.01801	0.02720	0.02720	0.02720
AGC	ATC	GT	0.54223	0.01432	0.01855	-0.54223	0.02463	0.01855	0.01855	0.01855
AGC	ACC	GC	-0.55126	0.04383	0.03286	0.55126	0.02526	0.03286	0.03286	0.03286
AGC	AAC	GA	-0.58761	0.20553	0.15102	0.58761	0.11420	0.15102	0.15102	0.15102
AGC	AGT	CT	-0.09766	0.07203	0.06857	0.09766	0.06533	0.06857	0.06857	0.06857
AGA	CGA	AC	-0.87619	0.00786	0.00491	0.87619	0.00327	0.00491	0.00491	0.00491
AGA	ATA	GT	0.81058	0.00257	0.00375	-0.81058	0.00577	0.00375	0.00375	0.00375
AGA	ACA	GC	0.29301	0.00786	0.00906	-0.29301	0.01053	0.00906	0.00906	0.00906
AGA	AAA	GA	-0.45351	0.03683	0.02911	0.45351	0.02340	0.02911	0.02911	0.02911
AGA	AGT	AT	1.55129	0.00257	0.00505	-1.55129	0.01211	0.00505	0.00505	0.00505
AGA	AGC	AC	1.64894	0.00786	0.01604	-1.64894	0.04086	0.01604	0.01604	0.01604
AGG	TGG	AT	1.50613	0.00713	0.01381	-1.50613	0.03217	0.01381	0.01381	0.01381
AGG	CGG	AC	-0.93855	0.02184	0.01317	0.93855	0.00854	0.01317	0.01317	0.01317
AGG	ATG	GT	0.89879	0.00713	0.01081	-0.89879	0.01753	0.01081	0.01081	0.01081
AGG	ACG	GC	-0.61351	0.02184	0.01582	0.61351	0.01182	0.01582	0.01582	0.01582
AGG	AAG	GA	0.18620	0.10240	0.11223	-0.18620	0.12335	0.11223	0.11223	0.11223
AGG	AGT	GT	0.19561	0.00713	0.00785	-0.19561	0.00868	0.00785	0.00785	0.00785
AGG	AGC	GC	0.29327	0.02184	0.02520	-0.29327	0.02928	0.02520	0.02520	0.02520
AGG	AGA	GA	-1.35567	0.10240	0.04821	1.35567	0.02640	0.04821	0.04821	0.04821
GTT	TTT	GT	1.35254	0.00472	0.00861	-1.35254	0.01826	0.00861	0.00861	0.00861
GTT	CTT	GC	0.00922	0.01445	0.01452	-0.00922	0.01459	0.01452	0.01452	0.01452
GTT	ATT	GA	-0.57372	0.06777	0.05018	0.57372	0.03819	0.05018	0.05018	0.05018
GTC	TTC	GT	1.73247	0.00693	0.01458	-1.73247	0.03918	0.01458	0.01458	0.01458
GTC	CTC	GC	0.31166	0.02121	0.02469	-0.31166	0.02897	0.02469	0.02469	0.02469
GTC	ATC	GA	0.21967	0.09945	0.11077	-0.21967	0.12388	0.11077	0.11077	0.11077
GTC	GTT	CT	0.73525	0.03485	0.04922	-0.73525	0.07271	0.04922	0.04922	0.04922
GTA	TTA	GT	-0.38334	0.00092	0.00076	0.38334	0.00063	0.00076	0.00076	0.00076
GTA	CTA	GC	1.02365	0.00283	0.00452	-1.02365	0.00787	0.00452	0.00452	0.00452
GTA	ATA	GA	0.78374	0.01326	0.01913	-0.78374	0.02903	0.01913	0.01913	0.01913
GTA	GTT	AT	2.67991	0.00092	0.00266	-2.67991	0.01347	0.00266	0.00266	0.00266
GTA	GTC	AC	1.94466	0.00283	0.00642	-1.94466	0.01977	0.00642	0.00642	0.00642
GTG	TTG	GT	-1.14351	0.02349	0.01257	1.14351	0.00749	0.01257	0.01257	0.01257
GTG	CTG	GC	-0.08919	0.07190	0.06875	0.08919	0.06577	0.06875	0.06875	0.06875
GTG	ATG	GA	-1.34137	0.33715	0.16013	1.34137	0.08816	0.16013	0.16013	0.16013
GTG	GTT	GT	-0.88908	0.02349	0.01458	0.88908	0.00966	0.01458	0.01458	0.01458
GTG	GTC	GC	-1.62433	0.07190	0.02866	1.62433	0.01417	0.02866	0.02866	0.02866
GTG	GTA	GA	-3.56899	0.33715	0.03490	3.56899	0.00950	0.03490	0.03490	0.03490
GCT	TCT	GT	0.57413	0.00806	0.01059	-0.57413	0.01431	0.01059	0.01059	0.01059
GCT	CCT	GC	-0.38871	0.02467	0.02018	0.38871	0.01672	0.02018	0.02018	0.02018
GCT	ACT	GA	-0.63301	0.11566	0.08289	0.63301	0.06141	0.08289	0.08289	0.08289
GCT	GTT	CT	0.58428	0.04053	0.05352	-0.58428	0.07271	0.05352	0.05352	0.05352
GCC	TCC	GT	0.12994	0.02224	0.02372	-0.12994	0.02533	0.02372	0.02372	0.02372
GCC	CCC	GC	-1.15359	0.06808	0.03620	1.15359	0.02148	0.03620	0.03620	0.03620
GCC	ACC	GA	-0.92131	0.31922	0.19444	0.92131	0.12705	0.19444	0.19444	0.19444
GCC	GTC	CT	-0.04750	0.11188	0.10924	0.04750	0.10669	0.10924	0.10924	0.10924
GCC	GCT	CT	0.10348	0.11188	0.11777	-0.10348	0.12407	0.11777	0.11777	0.11777
GCA	TCA	GT	-0.32059	0.00660	0.00560	0.32059	0.00479	0.00560	0.00560	0.00560
GCA	CCA	GC	-0.96568	0.02021	0.01200	0.96568	0.00770	0.01200	0.01200	0.01200
GCA	ACA	GA	-0.58195	0.09478	0.06987	0.58195	0.05297	0.06987	0.06987	0.06987
GCA	GTA	CT	-0.84812	0.03322	0.02110	0.84812	0.01423	0.02110	0.02110	0.02110
GCA	GCT	AT	1.24751	0.00660	0.01156	-1.24751	0.02299	0.01156	0.01156	0.01156
GCA	GCC	AC	1.14404	0.02021	0.03394	-1.14404	0.06346	0.03394	0.03394	0.03394
GCG	TCG	GT	-0.41074	0.00253	0.00205	0.41074	0.00168	0.00205	0.00205	0.00205
GCG	CCG	GC	-1.57204	0.00775	0.00319	1.57204	0.00161	0.00319	0.00319	0.00319
GCG	ACG	GA	0.49261	0.03634	0.04603	-0.49261	0.05948	0.04603	0.04603	0.04603
GCG	GTG	CT	3.34628	0.01274	0.04418	-3.34628	0.36168	0.04418	0.04418	0.04418
GCG	GCT	GT	1.87292	0.00253	0.00560	-1.87292	0.01648	0.00560	0.00560	0.00560
GCG	GCC	GC	1.76944	0.00775	0.01653	-1.76944	0.04548	0.01653	0.01653	0.01653
GCG	GCA	GA	0.62540	0.03634	0.04888	-0.62540	0.06792	0.04888	0.04888	0.04888
GAT	TAT	GT	1.71235	0.00248	0.00518	-1.71235	0.01375	0.00518	0.00518	0.00518
GAT	CAT	GC	0.13725	0.00759	0.00813	-0.13725	0.00871	0.00813	0.00813	0.00813
GAT	AAT	GA	0.40047	0.03561	0.04321	-0.40047	0.05314	0.04321	0.04321	0.04321
GAT	GTT	AT	1.69216	0.00248	0.00515	-1.69216	0.01347	0.00515	0.00515	0.00515
GAT	GCT	AC	1.10788	0.00759	0.01256	-1.10788	0.02299	0.01256	0.01256	0.01256
GAC	TAC	GT	0.48460	0.01254	0.01582	-0.48460	0.02036	0.01582	0.01582	0.01582
GAC	CAC	GC	-0.59208	0.03839	0.02814	0.59208	0.02123	0.02814	0.02814	0.02814
GAC	AAC	GA	-0.45493	0.17999	0.14214	0.45493	0.11420	0.14214	0.14214	0.14214
GAC	GTC	AT	0.45523	0.01254	0.01561	-0.45523	0.01977	0.01561	0.01561	0.01561
GAC	GCC	AC	0.50273	0.03839	0.04884	-0.50273	0.06346	0.04884	0.04884	0.04884
GAC	GAT	CT	-0.50167	0.06308	0.04858	0.50167	0.03820	0.04858	0.04858	0.04858
GAA	CAA	GC	-0.89594	0.01414	0.00874	0.89594	0.00577	0.00874	0.00874	0.00874
GAA	AAA	GA	-1.04129	0.06630	0.03767	1.04129	0.02340	0.03767	0.03767	0.03767
GAA	GTA	AT	-0.56095	0.00462	0.00344	0.56095	0.00264	0.00344	0.00344	0.00344
GAA	GCA	AC	0.28717	0.01414	0.01627	-0.28717	0.01884	0.01627	0.01627	0.01627
GAA	GAT	AT	0.42680	0.00462	0.00568	-0.42680	0.00708	0.00568	0.00568	0.00568
GAA	GAC	AC	0.92848	0.01414	0.02171	-0.92848	0.03578	0.02171	0.02171	0.02171
GAG	CAG	GC	-0.08558	0.04184	0.04008	0.08558	0.03841	0.04008	0.04008	0.04008
GAG	AAG	GA	-0.46407	0.19620	0.15418	0.46407	0.12335	0.15418	0.15418	0.15418
GAG	GTG	AT	1.58988	0.01367	0.02730	-1.58988	0.06703	0.02730	0.02730	0.02730
GAG	GCG	AC	-1.75639	0.04184	0.01534	1.75639	0.00723	0.01534	0.01534	0.01534
GAG	GAT	GT	-0.99136	0.01367	0.00800	0.99136	0.00507	0.00800	0.00800	0.00800
GAG	GAC	GC	-0.48968	0.04184	0.03243	0.48968	0.02564	0.03243	0.03243	0.03243
GAG	GAA	GA	-1.41816	0.19620	0.08891	1.41816	0.04751	0.08891	0.08891	0.08891
GGT	TGT	GT	1.33664	0.00395	0.00717	-1.33664	0.01504	0.00717	0.00717	0.00717
GGT	CGT	GC	-1.89464	0.01210	0.00406	1.89464	0.00182	0.00406	0.00406	0.00406
GGT	AGT	GA	-0.26221	0.05672	0.04961	0.26221	0.04364	0.04961	0.04961	0.04961
GGT	GTT	GT	0.89325	0.00395	0.00598	-0.89325	0.00966	0.00598	0.00598	0.00598
GGT	GCT	GC	0.30897	0.01210	0.01406	-0.30897	0.01648	0.01406	0.01406	0.01406
GGT	GAT	GA	-0.79890	0.05672	0.03705	0.79890	0.02552	0.03705	0.03705	0.03705
GGC	TGC	GT	0.50462	0.01531	0.01950	-0.50462	0.02536	0.01950	0.01950	0.01950
GGC	CGC	GC	-1.28949	0.04687	0.02297	1.28949	0.01291	0.02297	0.02297	0.02297
GGC	AGC	GA	-0.40022	0.21977	0.17872	0.40022	0.14729	0.17872	0.17872	0.17872
GGC	GTC	GT	-0.07767	0.01531	0.01473	0.07767	0.01417	0.01473	0.01473	0.01473
GGC	GCC	GC	-0.03017	0.04687	0.04617	0.03017	0.04548	0.04617	0.04617	0.04617
GGC	GAC	GA	-0.53290	0.21977	0.16639	0.53290	0.12899	0.16639	0.16639	0.16639
GGC	GGT	CT	-0.23567	0.07702	0.06830	0.23567	0.06085	0.06830	0.06830	0.06830
GGA	CGA	GC	-1.46146	0.01011	0.00446	1.46146	0.00234	0.00446	0.00446	0.00446
GGA	AGA	GA	-0.58528	0.04739	0.03487	0.58528	0.02640	0.03487	0.03487	0.03487
GGA	GTA	GT	-0.55843	0.00330	0.00247	0.55843	0.00189	0.00247	0.00247	0.00247
GGA	GCA	GC	0.28968	0.01011	0.01164	-0.28968	0.01350	0.01164	0.01164	0.01164
GGA	GAA	GA	0.00251	0.04739	0.04745	-0.00251	0.04751	0.04745	0.04745	0.04745
GGA	GGT	AT	1.22822	0.00330	0.00573	-1.22822	0.01128	0.00573	0.00573	0.00573
GGA	GGC	AC	1.46389	0.01011	0.01925	-1.46389	0.04369	0.01925	0.01925	0.01925
GGG	TGG	GT	0.65349	0.01199	0.01634	-0.65349	0.02305	0.01634	0.01634	0.01634
GGG	CGG	GC	-1.79119	0.03671	0.01316	1.79119	0.00612	0.01316	0.01316	0.01316
GGG	AGG	GA	-0.85264	0.17214	0.10905	0.85264	0.07338	0.10905	0.10905	0.10905
GGG	GTG	GT	1.38752	0.01199	0.02218	-1.38752	0.04803	0.02218	0.02218	0.02218
GGG	GCG	GC	-1.95876	0.03671	0.01181	1.95876	0.00518	0.01181	0.01181	0.01181
GGG	GAG	GA	-0.20237	0.17214	0.15531	0.20237	0.14060	0.15531	0.15531	0.15531
GGG	GGT	GT	-0.39482	0.01199	0.00978	0.39482	0.00808	0.00978	0.00978	0.00978
GGG	GGC	GC	-0.15915	0.03671	0.03387	0.15915	0.03131	0.03387	0.03387	0.03387
GGG	GGA	GA	-1.62304	0.17214	0.06867	1.62304	0.03396	0.06867	0.06867	0.06867


Histograms
2Ns	FMut	FSub(CodonUsage)	FSubw(after w)

-4.59916	0.02353	0.00117	0.00117
-4.13925	0.00247	0.00022	0.00022
-3.67933	0.01523	0.00198	0.00198
-3.21942	0.02935	0.00479	0.00479
-2.75950	0.00684	0.00164	0.00164
-2.29958	0.04390	0.01348	0.01348
-1.83967	0.05172	0.02348	0.02348
-1.37975	0.17459	0.10072	0.10072
-0.91983	0.11728	0.08905	0.08905
-0.45992	0.17787	0.17478	0.17478
0.00000	0.14153	0.17735	0.17735
0.45992	0.11110	0.17478	0.17478
0.91983	0.04619	0.08905	0.08905
1.37975	0.04330	0.10072	0.10072
1.83967	0.00876	0.02348	0.02348
2.29958	0.00411	0.01348	0.01348
2.75950	0.00045	0.00164	0.00164
3.21942	0.00113	0.00479	0.00479
3.67933	0.00043	0.00198	0.00198
4.13925	0.00004	0.00022	0.00022
4.59916	0.00019	0.00117	0.00117

Proportion of advantageous (S > 0) mutations:
 0.28205

Proportions of good & bad mutations (|S| > 2.0000) among mutations:
0.00645  0.12212

mean |Ns| = 1.13291	mean Ns+ = 0.69216	mean Ns- = -1.30606

