Supplemental results for CODEML (seqf: ../TAS1R1_DNA_alignment.fa  treef: TAS1R1_ML.raxml.bestTree)

I	J	ij	2Ns_IJ	pMut_IJ	pSub_IJ	2Ns_JI	pMut_JI	pSub_JI

TTC	TTT	CT	0.33099	0.08806	0.10344	-0.33099	0.12261	0.10344	0.10344	0.10344
TTA	TTT	AT	4.49381	0.00029	0.00134	-4.49381	0.02635	0.00134	0.00042	0.00042
TTA	TTC	AC	4.16282	0.00088	0.00374	-4.16282	0.05685	0.00374	0.00119	0.00119
TTG	TTT	GT	1.56157	0.00381	0.00753	-1.56157	0.01817	0.00753	0.00239	0.00239
TTG	TTC	GC	1.23059	0.01145	0.01990	-1.23059	0.03920	0.01990	0.00631	0.00631
TTG	TTA	GA	-2.93223	0.05068	0.00836	2.93223	0.00270	0.00836	0.00836	0.00836
TCT	TTT	CT	1.33328	0.03232	0.05852	-1.33328	0.12261	0.05852	0.01856	0.01856
TCC	TTC	CT	1.53627	0.05693	0.11143	-1.53627	0.26454	0.11143	0.03534	0.03534
TCC	TCT	CT	0.53397	0.05693	0.07347	-0.53397	0.09710	0.07347	0.07347	0.07347
TCA	TTA	CT	-1.03663	0.01132	0.00645	1.03663	0.00402	0.00645	0.00205	0.00205
TCA	TCT	AT	2.12390	0.00249	0.00602	-2.12390	0.02087	0.00602	0.00602	0.00602
TCA	TCC	AC	1.58993	0.00749	0.01497	-1.58993	0.03675	0.01497	0.01497	0.01497
TCG	TTG	CT	2.64345	0.00370	0.01052	-2.64345	0.05196	0.01052	0.00334	0.00334
TCG	TCT	GT	2.87174	0.00081	0.00248	-2.87174	0.01439	0.00248	0.00248	0.00248
TCG	TCC	GC	2.33777	0.00245	0.00633	-2.33777	0.02534	0.00633	0.00633	0.00633
TCG	TCA	GA	0.74785	0.01083	0.01538	-0.74785	0.02287	0.01538	0.01538	0.01538
TAT	TTT	AT	1.36068	0.00676	0.01237	-1.36068	0.02635	0.01237	0.00392	0.00392
TAT	TCT	AC	0.02740	0.02030	0.02058	-0.02740	0.02087	0.02058	0.00653	0.00653
TAC	TTC	AT	1.72269	0.01015	0.02129	-1.72269	0.05685	0.02129	0.00675	0.00675
TAC	TCC	AC	0.18642	0.03050	0.03343	-0.18642	0.03675	0.03343	0.01060	0.01060
TAC	TAT	CT	0.69299	0.04607	0.06387	-0.69299	0.09214	0.06387	0.06387	0.06387
TGT	TTT	GT	0.89122	0.00745	0.01126	-0.89122	0.01817	0.01126	0.00357	0.00357
TGT	TCT	GC	-0.44206	0.02238	0.01780	0.44206	0.01439	0.01780	0.00565	0.00565
TGT	TAT	GA	-0.46946	0.09907	0.07763	0.46946	0.06195	0.07763	0.02462	0.02462
TGC	TTC	GT	1.13664	0.01258	0.02105	-1.13664	0.03920	0.02105	0.00668	0.00668
TGC	TCC	GC	-0.39963	0.03778	0.03074	0.39963	0.02534	0.03074	0.00975	0.00975
TGC	TAC	GA	-0.58605	0.16724	0.12299	0.58605	0.09307	0.12299	0.03901	0.03901
TGC	TGT	CT	0.57640	0.05708	0.07511	-0.57640	0.10159	0.07511	0.07511	0.07511
TGG	TTG	GT	-0.40606	0.01156	0.00937	0.40606	0.00770	0.00937	0.00297	0.00297
TGG	TCG	GC	-3.04951	0.03471	0.00527	3.04951	0.00164	0.00527	0.00167	0.00167
TGG	TGT	GT	0.26429	0.01156	0.01315	-0.26429	0.01505	0.01315	0.00417	0.00417
TGG	TGC	GC	-0.31211	0.03471	0.02958	0.31211	0.02541	0.02958	0.00938	0.00938
CTT	TTT	CT	1.32843	0.03248	0.05869	-1.32843	0.12261	0.05869	0.01862	0.01862
CTC	TTC	CT	1.39602	0.06550	0.12152	-1.39602	0.26454	0.12152	0.03854	0.03854
CTC	CTT	CT	0.39858	0.06550	0.07941	-0.39858	0.09757	0.07941	0.07941	0.07941
CTA	TTA	CT	-1.44209	0.01698	0.00758	1.44209	0.00402	0.00758	0.00758	0.00758
CTA	CTT	AT	1.72329	0.00374	0.00785	-1.72329	0.02097	0.00785	0.00785	0.00785
CTA	CTC	AC	1.32470	0.01124	0.02029	-1.32470	0.04228	0.02029	0.02029	0.02029
CTG	TTG	CT	-1.03956	0.14695	0.08357	1.03956	0.05196	0.08357	0.08357	0.08357
CTG	CTT	GT	-0.80641	0.03238	0.02106	0.80641	0.01446	0.02106	0.02106	0.02106
CTG	CTC	GC	-1.20500	0.09727	0.05016	1.20500	0.02915	0.05016	0.05016	0.05016
CTG	CTA	GA	-2.52970	0.43053	0.09430	2.52970	0.03431	0.09430	0.09430	0.09430
CCT	TCT	CT	0.93442	0.03814	0.05870	-0.93442	0.09710	0.05870	0.01862	0.01862
CCT	CTT	CT	0.93927	0.03814	0.05882	-0.93927	0.09757	0.05882	0.01866	0.01866
CCC	TCC	CT	1.27788	0.04765	0.08441	-1.27788	0.17101	0.08441	0.02677	0.02677
CCC	CTC	CT	1.41813	0.04765	0.08916	-1.41813	0.19675	0.08916	0.02828	0.02828
CCC	CCT	CT	0.87744	0.04765	0.07157	-0.87744	0.11458	0.07157	0.07157	0.07157
CCA	TCA	CT	0.66711	0.01745	0.02392	-0.66711	0.03401	0.02392	0.00759	0.00759
CCA	CTA	CT	1.07257	0.01745	0.02846	-1.07257	0.05102	0.02846	0.00903	0.00903
CCA	CCT	AT	1.85659	0.00385	0.00846	-1.85659	0.02462	0.00846	0.00846	0.00846
CCA	CCC	AC	0.97915	0.01155	0.01812	-0.97915	0.03076	0.01812	0.01812	0.01812
CCG	TCG	CT	1.07892	0.00377	0.00617	-1.07892	0.01110	0.00617	0.00196	0.00196
CCG	CTG	CT	4.76193	0.00377	0.01813	-4.76193	0.44146	0.01813	0.00575	0.00575
CCG	CCT	GT	3.01624	0.00083	0.00264	-3.01624	0.01698	0.00264	0.00264	0.00264
CCG	CCC	GC	2.13881	0.00250	0.00606	-2.13881	0.02121	0.00606	0.00606	0.00606
CCG	CCA	GA	1.15966	0.01106	0.01868	-1.15966	0.03526	0.01868	0.01868	0.01868
CAT	TAT	CT	1.57306	0.01911	0.03793	-1.57306	0.09214	0.03793	0.01203	0.01203
CAT	CTT	AT	1.60531	0.00421	0.00846	-1.60531	0.02097	0.00846	0.00268	0.00268
CAT	CCT	AC	0.66604	0.01265	0.01733	-0.66604	0.02462	0.01733	0.00550	0.00550
CAC	TAC	CT	1.06641	0.04765	0.07749	-1.06641	0.13841	0.07749	0.02458	0.02458
CAC	CTC	AT	1.39308	0.01050	0.01946	-1.39308	0.04228	0.01946	0.00617	0.00617
CAC	CCC	AC	-0.02505	0.03154	0.03115	0.02505	0.03076	0.03115	0.00988	0.00988
CAC	CAT	CT	0.18635	0.04765	0.05222	-0.18635	0.05741	0.05222	0.05222	0.05222
CAA	CTA	AT	1.33221	0.00289	0.00524	-1.33221	0.01096	0.00524	0.00166	0.00166
CAA	CCA	AC	0.25963	0.00869	0.00987	-0.25963	0.01127	0.00987	0.00313	0.00313
CAA	CAT	AT	1.45018	0.00289	0.00548	-1.45018	0.01234	0.00548	0.00174	0.00174
CAA	CAC	AC	1.26384	0.00869	0.01531	-1.26384	0.03076	0.01531	0.00486	0.00486
CAG	CTG	AT	1.60957	0.01897	0.03817	-1.60957	0.09486	0.03817	0.01211	0.01211
CAG	CCG	AC	-3.15236	0.05699	0.00802	3.15236	0.00244	0.00802	0.00254	0.00254
CAG	CAT	GT	-0.80215	0.01897	0.01237	0.80215	0.00851	0.01237	0.00392	0.00392
CAG	CAC	GC	-0.98850	0.05699	0.03339	0.98850	0.02121	0.03339	0.01059	0.01059
CAG	CAA	GA	-2.25234	0.25224	0.06676	2.25234	0.02652	0.06676	0.06676	0.06676
CGT	TGT	CT	3.23193	0.00401	0.01350	-3.23193	0.10159	0.01350	0.00428	0.00428
CGT	CTT	GT	2.79472	0.00088	0.00263	-2.79472	0.01446	0.00263	0.00083	0.00083
CGT	CCT	GC	1.85545	0.00265	0.00584	-1.85545	0.01698	0.00584	0.00185	0.00185
CGT	CAT	GA	1.18942	0.01175	0.02009	-1.18942	0.03860	0.02009	0.00637	0.00637
CGC	TGC	CT	1.77944	0.02893	0.06194	-1.77944	0.17148	0.06194	0.01965	0.01965
CGC	CTC	GT	1.52005	0.00638	0.01240	-1.52005	0.02915	0.01240	0.00393	0.00393
CGC	CCC	GC	0.10193	0.01915	0.02014	-0.10193	0.02121	0.02014	0.00639	0.00639
CGC	CAC	GA	0.12698	0.08477	0.09027	-0.12698	0.09625	0.09027	0.02863	0.02863
CGC	CGT	CT	-0.87609	0.02893	0.01809	0.87609	0.01205	0.01809	0.01809	0.01809
CGA	CTA	GT	1.84427	0.00120	0.00262	-1.84427	0.00756	0.00262	0.00083	0.00083
CGA	CCA	GC	0.77170	0.00359	0.00515	-0.77170	0.00777	0.00515	0.00163	0.00163
CGA	CAA	GA	0.51207	0.01589	0.02031	-0.51207	0.02652	0.02031	0.00644	0.00644
CGA	CGT	AT	0.77284	0.00120	0.00172	-0.77284	0.00259	0.00172	0.00172	0.00172
CGA	CGC	AC	1.64893	0.00359	0.00733	-1.64893	0.01868	0.00733	0.00733	0.00733
CGG	TGG	CT	2.40427	0.01423	0.03761	-2.40427	0.15754	0.03761	0.01193	0.01193
CGG	CTG	GT	3.03776	0.00314	0.01001	-3.03776	0.06541	0.01001	0.00317	0.00317
CGG	CCG	GC	-1.72417	0.00942	0.00352	1.72417	0.00168	0.00352	0.00112	0.00112
CGG	CAG	GA	1.42819	0.04169	0.07833	-1.42819	0.17391	0.07833	0.02484	0.02484
CGG	CGT	GT	-0.56337	0.00314	0.00233	0.56337	0.00179	0.00233	0.00233	0.00233
CGG	CGC	GC	0.31272	0.00942	0.01097	-0.31272	0.01288	0.01097	0.01097	0.01097
CGG	CGA	GA	-1.33621	0.04169	0.01986	1.33621	0.01096	0.01986	0.01986	0.01986
ATT	TTT	AT	1.93775	0.00379	0.00859	-1.93775	0.02635	0.00859	0.00272	0.00272
ATT	CTT	AC	0.60933	0.01140	0.01522	-0.60933	0.02097	0.01522	0.00483	0.00483
ATC	TTC	AT	1.53923	0.01220	0.02390	-1.53923	0.05685	0.02390	0.00758	0.00758
ATC	CTC	AC	0.14320	0.03664	0.03933	-0.14320	0.04228	0.03933	0.01247	0.01247
ATC	ATT	CT	-0.06754	0.05535	0.05350	0.06754	0.05174	0.05350	0.05350	0.05350
ATA	TTA	AT	-1.20986	0.00289	0.00149	1.20986	0.00086	0.00149	0.00047	0.00047
ATA	CTA	AC	0.23223	0.00869	0.00974	-0.23223	0.01096	0.00974	0.00309	0.00309
ATA	ATT	AT	1.34619	0.00289	0.00526	-1.34619	0.01112	0.00526	0.00526	0.00526
ATA	ATC	AC	1.41373	0.00869	0.01624	-1.41373	0.03573	0.01624	0.01624	0.01624
ATG	TTG	AT	0.25996	0.00861	0.00978	-0.25996	0.01117	0.00978	0.00310	0.00310
ATG	CTG	AC	1.29952	0.02587	0.04621	-1.29952	0.09486	0.04621	0.01466	0.01466
ATG	ATT	GT	-0.11622	0.00861	0.00812	0.11622	0.00767	0.00812	0.00258	0.00258
ATG	ATC	GC	-0.04868	0.02587	0.02524	0.04868	0.02464	0.02524	0.00801	0.00801
ATG	ATA	GA	-1.46242	0.11449	0.05049	1.46242	0.02652	0.05049	0.01601	0.01601
ACT	TCT	AT	1.24997	0.00598	0.01047	-1.24997	0.02087	0.01047	0.00332	0.00332
ACT	CCT	AC	0.31555	0.01796	0.02094	-0.31555	0.02462	0.02094	0.00664	0.00664
ACT	ATT	CT	0.64550	0.02713	0.03682	-0.64550	0.05174	0.03682	0.01168	0.01168
ACC	TCC	AT	1.07492	0.01254	0.02047	-1.07492	0.03675	0.02047	0.00649	0.00649
ACC	CCC	AC	-0.20296	0.03768	0.03399	0.20296	0.03076	0.03399	0.01078	0.01078
ACC	ATC	CT	1.07196	0.05693	0.09279	-1.07196	0.16628	0.09279	0.02943	0.02943
ACC	ACT	CT	0.35892	0.05693	0.06775	-0.35892	0.08150	0.06775	0.06775	0.06775
ACA	TCA	AT	0.34764	0.00516	0.00611	-0.34764	0.00731	0.00611	0.00194	0.00194
ACA	CCA	AC	-0.31947	0.01551	0.01316	0.31947	0.01127	0.01316	0.00418	0.00418
ACA	ATA	CT	0.52087	0.02343	0.03006	-0.52087	0.03945	0.03006	0.00953	0.00953
ACA	ACT	AT	1.22157	0.00516	0.00894	-1.22157	0.01751	0.00894	0.00894	0.00894
ACA	ACC	AC	0.86265	0.01551	0.02315	-0.86265	0.03675	0.02315	0.02315	0.02315
ACG	TCG	AT	-0.88006	0.00575	0.00359	0.88006	0.00239	0.00359	0.00114	0.00114
ACG	CCG	AC	-1.95898	0.01728	0.00556	1.95898	0.00244	0.00556	0.00176	0.00176
ACG	ATG	CT	1.50343	0.02610	0.05047	-1.50343	0.11739	0.05047	0.01601	0.01601
ACG	ACT	GT	0.74171	0.00575	0.00815	-0.74171	0.01208	0.00815	0.00815	0.00815
ACG	ACC	GC	0.38279	0.01728	0.02080	-0.38279	0.02534	0.02080	0.02080	0.02080
ACG	ACA	GA	-0.47986	0.07648	0.05959	0.47986	0.04733	0.05959	0.05959	0.05959
AAT	TAT	AT	1.33729	0.00520	0.00943	-1.33729	0.01980	0.00943	0.00299	0.00299
AAT	CAT	AC	-0.23577	0.01562	0.01385	0.23577	0.01234	0.01385	0.00439	0.00439
AAT	ATT	AT	0.76021	0.00520	0.00742	-0.76021	0.01112	0.00742	0.00235	0.00235
AAT	ACT	AC	0.11471	0.01562	0.01653	-0.11471	0.01751	0.01653	0.00524	0.00524
AAC	TAC	AT	0.96667	0.01131	0.01765	-0.96667	0.02974	0.01765	0.00560	0.00560
AAC	CAC	AC	-0.09975	0.03398	0.03232	0.09975	0.03076	0.03232	0.01025	0.01025
AAC	ATC	AT	1.15012	0.01131	0.01904	-1.15012	0.03573	0.01904	0.00604	0.00604
AAC	ACC	AC	0.07816	0.03398	0.03533	-0.07816	0.03675	0.03533	0.01121	0.01121
AAC	AAT	CT	0.32237	0.05134	0.06006	-0.32237	0.07087	0.06006	0.06006	0.06006
AAA	CAA	AC	0.17296	0.00713	0.00776	-0.17296	0.00848	0.00776	0.00246	0.00246
AAA	ATA	AT	1.27294	0.00237	0.00420	-1.27294	0.00848	0.00420	0.00133	0.00133
AAA	ACA	AC	0.75206	0.00713	0.01014	-0.75206	0.01513	0.01014	0.00322	0.00322
AAA	AAT	AT	1.85892	0.00237	0.00523	-1.85892	0.01523	0.00523	0.00166	0.00166
AAA	AAC	AC	1.53655	0.00713	0.01396	-1.53655	0.03314	0.01396	0.00443	0.00443
AAG	CAG	AC	0.41810	0.03659	0.04477	-0.41810	0.05558	0.04477	0.01420	0.01420
AAG	ATG	AT	0.72816	0.01218	0.01715	-0.72816	0.02523	0.01715	0.00544	0.00544
AAG	ACG	AC	-0.77527	0.03659	0.02422	0.77527	0.01685	0.02422	0.00768	0.00768
AAG	AAT	GT	-0.14828	0.01218	0.01130	0.14828	0.01050	0.01130	0.00358	0.00358
AAG	AAC	GC	-0.47065	0.03659	0.02865	0.47065	0.02285	0.02865	0.00909	0.00909
AAG	AAA	GA	-2.00720	0.16194	0.05045	2.00720	0.02176	0.05045	0.05045	0.05045
AGT	TGT	AT	1.64154	0.00423	0.00861	-1.64154	0.02183	0.00861	0.00273	0.00273
AGT	CGT	AC	-1.59039	0.01270	0.00517	1.59039	0.00259	0.00517	0.00164	0.00164
AGT	ATT	GT	0.59501	0.00423	0.00561	-0.59501	0.00767	0.00561	0.00178	0.00178
AGT	ACT	GC	-0.05049	0.01270	0.01238	0.05049	0.01208	0.01238	0.00393	0.00393
AGT	AAT	GA	-0.16521	0.05622	0.05170	0.16521	0.04766	0.05170	0.01640	0.01640
AGC	TGC	AT	0.93265	0.01450	0.02230	-0.93265	0.03685	0.02230	0.00707	0.00707
AGC	CGC	AC	-0.84679	0.04356	0.02769	0.84679	0.01868	0.02769	0.00878	0.00878
AGC	ATC	GT	0.53006	0.01450	0.01868	-0.53006	0.02464	0.01868	0.00593	0.00593
AGC	ACC	GC	-0.54190	0.04356	0.03282	0.54190	0.02534	0.03282	0.01041	0.01041
AGC	AAC	GA	-0.62007	0.19281	0.13917	0.62007	0.10371	0.13917	0.04414	0.04414
AGC	AGT	CT	-0.13249	0.06581	0.06155	0.13249	0.05764	0.06155	0.06155	0.06155
AGA	CGA	AC	-0.79489	0.00775	0.00508	0.79489	0.00350	0.00508	0.00508	0.00508
AGA	ATA	GT	0.81715	0.00258	0.00378	-0.81715	0.00584	0.00378	0.00120	0.00120
AGA	ACA	GC	0.29628	0.00775	0.00896	-0.29628	0.01043	0.00896	0.00284	0.00284
AGA	AAA	GA	-0.45579	0.03432	0.02709	0.45579	0.02176	0.02709	0.00859	0.00859
AGA	AGT	AT	1.56834	0.00258	0.00511	-1.56834	0.01239	0.00511	0.00162	0.00162
AGA	AGC	AC	1.70083	0.00775	0.01613	-1.70083	0.04248	0.01613	0.00512	0.00512
AGG	TGG	AT	1.55912	0.00712	0.01406	-1.55912	0.03385	0.01406	0.00446	0.00446
AGG	CGG	AC	-0.84515	0.02139	0.01361	0.84515	0.00919	0.01361	0.01361	0.01361
AGG	ATG	GT	0.89310	0.00712	0.01077	-0.89310	0.01739	0.01077	0.00342	0.00342
AGG	ACG	GC	-0.61033	0.02139	0.01552	0.61033	0.01162	0.01552	0.00492	0.00492
AGG	AAG	GA	0.16494	0.09468	0.10270	-0.16494	0.11165	0.10270	0.03258	0.03258
AGG	AGT	GT	0.18187	0.00712	0.00779	-0.18187	0.00854	0.00779	0.00247	0.00247
AGG	AGC	GC	0.31436	0.02139	0.02493	-0.31436	0.02929	0.02493	0.00791	0.00791
AGG	AGA	GA	-1.38647	0.09468	0.04375	1.38647	0.02366	0.04375	0.04375	0.04375
GTT	TTT	GT	1.36728	0.00463	0.00849	-1.36728	0.01817	0.00849	0.00269	0.00269
GTT	CTT	GC	0.03885	0.01391	0.01418	-0.03885	0.01446	0.01418	0.00450	0.00450
GTT	ATT	GA	-0.57047	0.06155	0.04565	0.57047	0.03479	0.04565	0.01448	0.01448
GTC	TTC	GT	1.71244	0.00707	0.01478	-1.71244	0.03920	0.01478	0.00469	0.00469
GTC	CTC	GC	0.31642	0.02124	0.02478	-0.31642	0.02915	0.02478	0.00786	0.00786
GTC	ATC	GA	0.17322	0.09403	0.10241	-0.17322	0.11181	0.10241	0.03248	0.03248
GTC	GTT	CT	0.67615	0.03209	0.04416	-0.67615	0.06311	0.04416	0.04416	0.04416
GTA	TTA	GT	-0.52460	0.00101	0.00076	0.52460	0.00059	0.00076	0.00024	0.00024
GTA	CTA	GC	0.91749	0.00302	0.00461	-0.91749	0.00756	0.00461	0.00146	0.00146
GTA	ATA	GA	0.68526	0.01337	0.01847	-0.68526	0.02652	0.01847	0.00586	0.00586
GTA	GTT	AT	2.60192	0.00101	0.00283	-2.60192	0.01356	0.00283	0.00283	0.00283
GTA	GTC	AC	1.92577	0.00302	0.00681	-1.92577	0.02072	0.00681	0.00681	0.00681
GTG	TTG	GT	-1.12777	0.02378	0.01284	1.12777	0.00770	0.01284	0.00407	0.00407
GTG	CTG	GC	-0.08821	0.07144	0.06833	0.08821	0.06541	0.06833	0.02167	0.02167
GTG	ATG	GA	-1.38773	0.31620	0.14599	1.38773	0.07894	0.14599	0.04631	0.04631
GTG	GTT	GT	-0.93348	0.02378	0.01438	0.93348	0.00935	0.01438	0.01438	0.01438
GTG	GTC	GC	-1.60963	0.07144	0.02874	1.60963	0.01428	0.02874	0.02874	0.02874
GTG	GTA	GA	-3.53540	0.31620	0.03356	3.53540	0.00922	0.03356	0.03356	0.03356
GCT	TCT	GT	0.58613	0.00801	0.01058	-0.58613	0.01439	0.01058	0.00336	0.00336
GCT	CCT	GC	-0.34829	0.02405	0.02010	0.34829	0.01698	0.02010	0.00638	0.00638
GCT	ACT	GA	-0.66384	0.10644	0.07499	0.66384	0.05481	0.07499	0.02379	0.02379
GCT	GTT	CT	0.55213	0.03633	0.04728	-0.55213	0.06311	0.04728	0.01500	0.01500
GCC	TCC	GT	0.11701	0.02254	0.02388	-0.11701	0.02534	0.02388	0.00758	0.00758
GCC	CCC	GC	-1.16088	0.06771	0.03585	1.16088	0.02121	0.03585	0.01137	0.01137
GCC	ACC	GA	-0.95792	0.29969	0.17873	0.95792	0.11499	0.17873	0.05669	0.05669
GCC	GTC	CT	-0.05917	0.10229	0.09930	0.05917	0.09642	0.09930	0.03150	0.03150
GCC	GCT	CT	0.06484	0.10229	0.10564	-0.06484	0.10915	0.10564	0.10564	0.10564
GCA	TCA	GT	-0.28809	0.00672	0.00580	0.28809	0.00504	0.00580	0.00184	0.00184
GCA	CCA	GC	-0.95520	0.02019	0.01206	0.95520	0.00777	0.01206	0.00383	0.00383
GCA	ACA	GA	-0.63573	0.08938	0.06396	0.63573	0.04733	0.06396	0.02029	0.02029
GCA	GTA	CT	-0.80011	0.03051	0.01991	0.80011	0.01371	0.01991	0.00632	0.00632
GCA	GCT	AT	1.24968	0.00672	0.01177	-1.24968	0.02345	0.01177	0.01177	0.01177
GCA	GCC	AC	1.18483	0.02019	0.03446	-1.18483	0.06603	0.03446	0.03446	0.03446
GCG	TCG	GT	-0.47063	0.00263	0.00206	0.47063	0.00164	0.00206	0.00065	0.00065
GCG	CCG	GC	-1.54955	0.00791	0.00330	1.54955	0.00168	0.00330	0.00105	0.00105
GCG	ACG	GA	0.40943	0.03501	0.04267	-0.40943	0.05273	0.04267	0.01353	0.01353
GCG	GTG	CT	3.30059	0.01195	0.04096	-3.30059	0.32422	0.04096	0.01299	0.01299
GCG	GCT	GT	1.81498	0.00263	0.00571	-1.81498	0.01617	0.00571	0.00571	0.00571
GCG	GCC	GC	1.75014	0.00791	0.01676	-1.75014	0.04553	0.01676	0.01676	0.01676
GCG	GCA	GA	0.56531	0.03501	0.04584	-0.56531	0.06162	0.04584	0.04584	0.04584
GAT	TAT	GT	1.70640	0.00248	0.00517	-1.70640	0.01365	0.00517	0.00164	0.00164
GAT	CAT	GC	0.13335	0.00744	0.00795	-0.13335	0.00851	0.00795	0.00252	0.00252
GAT	AAT	GA	0.36912	0.03295	0.03940	-0.36912	0.04766	0.03940	0.01250	0.01250
GAT	GTT	AT	1.69980	0.00248	0.00515	-1.69980	0.01356	0.00515	0.00163	0.00163
GAT	GCT	AC	1.14767	0.00744	0.01251	-1.14767	0.02345	0.01251	0.00397	0.00397
GAC	TAC	GT	0.49163	0.01254	0.01588	-0.49163	0.02051	0.01588	0.00504	0.00504
GAC	CAC	GC	-0.57478	0.03768	0.02788	0.57478	0.02121	0.02788	0.00884	0.00884
GAC	AAC	GA	-0.47503	0.16678	0.13029	0.47503	0.10371	0.13029	0.04133	0.04133
GAC	GTC	AT	0.50187	0.01254	0.01595	-0.50187	0.02072	0.01595	0.00506	0.00506
GAC	GCC	AC	0.56105	0.03768	0.04923	-0.56105	0.06603	0.04923	0.01562	0.01562
GAC	GAT	CT	-0.52178	0.05693	0.04336	0.52178	0.03378	0.04336	0.04336	0.04336
GAA	CAA	GC	-0.89200	0.01426	0.00883	0.89200	0.00584	0.00883	0.00280	0.00280
GAA	AAA	GA	-1.06497	0.06312	0.03536	1.06497	0.02176	0.03536	0.01122	0.01122
GAA	GTA	AT	-0.47729	0.00475	0.00370	0.47729	0.00295	0.00370	0.00117	0.00117
GAA	GCA	AC	0.32283	0.01426	0.01669	-0.32283	0.01969	0.01669	0.00529	0.00529
GAA	GAT	AT	0.42483	0.00475	0.00583	-0.42483	0.00726	0.00583	0.00185	0.00185
GAA	GAC	AC	0.94661	0.01426	0.02206	-0.94661	0.03675	0.02206	0.00700	0.00700
GAG	CAG	GC	-0.08547	0.04174	0.03998	0.08547	0.03832	0.03998	0.01268	0.01268
GAG	AAG	GA	-0.50357	0.18475	0.14212	0.50357	0.11165	0.14212	0.04508	0.04508
GAG	GTG	AT	1.61231	0.01389	0.02798	-1.61231	0.06967	0.02798	0.00888	0.00888
GAG	GCG	AC	-1.68828	0.04174	0.01598	1.68828	0.00772	0.01598	0.00507	0.00507
GAG	GAT	GT	-1.02097	0.01389	0.00799	1.02097	0.00501	0.00799	0.00253	0.00253
GAG	GAC	GC	-0.49919	0.04174	0.03218	0.49919	0.02534	0.03218	0.01021	0.01021
GAG	GAA	GA	-1.44580	0.18475	0.08231	1.44580	0.04352	0.08231	0.08231	0.08231
GGT	TGT	GT	1.32015	0.00402	0.00724	-1.32015	0.01505	0.00724	0.00230	0.00230
GGT	CGT	GC	-1.91178	0.01208	0.00400	1.91178	0.00179	0.00400	0.00127	0.00127
GGT	AGT	GA	-0.32139	0.05345	0.04532	0.32139	0.03876	0.04532	0.01438	0.01438
GGT	GTT	GT	0.84409	0.00402	0.00595	-0.84409	0.00935	0.00595	0.00189	0.00189
GGT	GCT	GC	0.29196	0.01208	0.01393	-0.29196	0.01617	0.01393	0.00442	0.00442
GGT	GAT	GA	-0.85571	0.05345	0.03381	0.85571	0.02272	0.03381	0.01072	0.01072
GGC	TGC	GT	0.48715	0.01561	0.01972	-0.48715	0.02541	0.01972	0.00625	0.00625
GGC	CGC	GC	-1.29229	0.04689	0.02294	1.29229	0.01288	0.02294	0.00728	0.00728
GGC	AGC	GA	-0.44550	0.20755	0.16474	0.44550	0.13294	0.16474	0.05225	0.05225
GGC	GTC	GT	-0.08866	0.01561	0.01493	0.08866	0.01428	0.01493	0.00473	0.00473
GGC	GCC	GC	-0.02949	0.04689	0.04620	0.02949	0.04553	0.04620	0.01466	0.01466
GGC	GAC	GA	-0.59053	0.20755	0.15226	0.59053	0.11499	0.15226	0.04830	0.04830
GGC	GGT	CT	-0.25660	0.07084	0.06214	0.25660	0.05481	0.06214	0.06214	0.06214
GGA	CGA	GC	-1.42545	0.01004	0.00453	1.42545	0.00241	0.00453	0.00144	0.00144
GGA	AGA	GA	-0.63056	0.04446	0.03191	0.63056	0.02366	0.03191	0.01012	0.01012
GGA	GTA	GT	-0.49867	0.00334	0.00258	0.49867	0.00203	0.00258	0.00082	0.00082
GGA	GCA	GC	0.30144	0.01004	0.01163	-0.30144	0.01358	0.01163	0.00369	0.00369
GGA	GAA	GA	-0.02138	0.04446	0.04399	0.02138	0.04352	0.04399	0.01395	0.01395
GGA	GGT	AT	1.25916	0.00334	0.00588	-1.25916	0.01178	0.00588	0.00588	0.00588
GGA	GGC	AC	1.51576	0.01004	0.01951	-1.51576	0.04573	0.01951	0.01951	0.01951
GGG	TGG	GT	0.65054	0.01218	0.01657	-0.65054	0.02334	0.01657	0.00525	0.00525
GGG	CGG	GC	-1.75373	0.03659	0.01343	1.75373	0.00633	0.01343	0.00426	0.00426
GGG	AGG	GA	-0.90858	0.16194	0.09936	0.90858	0.06528	0.09936	0.03152	0.03152
GGG	GTG	GT	1.37225	0.01218	0.02239	-1.37225	0.04804	0.02239	0.00710	0.00710
GGG	GCG	GC	-1.92835	0.03659	0.01200	1.92835	0.00532	0.01200	0.00381	0.00381
GGG	GAG	GA	-0.24007	0.16194	0.14328	0.24007	0.12738	0.14328	0.04545	0.04545
GGG	GGT	GT	-0.40532	0.01218	0.00988	0.40532	0.00812	0.00988	0.00988	0.00988
GGG	GGC	GC	-0.14872	0.03659	0.03393	0.14872	0.03153	0.03393	0.03393	0.03393
GGG	GGA	GA	-1.66449	0.16194	0.06293	1.66449	0.03065	0.06293	0.06293	0.06293


Histograms
2Ns	FMut	FSub(CodonUsage)	FSubw(after w)

-4.53517	0.02243	0.00117	0.00075
-4.08166	0.00273	0.00023	0.00014
-3.62814	0.01516	0.00202	0.00406
-3.17462	0.02877	0.00485	0.00330
-2.72110	0.02760	0.00730	0.01355
-2.26759	0.02288	0.00740	0.01174
-1.81407	0.06501	0.03013	0.03649
-1.36055	0.16896	0.09864	0.09115
-0.90703	0.10897	0.08286	0.08220
-0.45352	0.18783	0.18410	0.17962
0.00000	0.12960	0.16260	0.15402
0.45352	0.11682	0.18410	0.17962
0.90703	0.04296	0.08286	0.08220
1.36055	0.04269	0.09864	0.09115
1.81407	0.01136	0.03013	0.03649
2.26759	0.00231	0.00740	0.01174
2.72110	0.00208	0.00730	0.01355
3.17462	0.00115	0.00485	0.00330
3.62814	0.00044	0.00202	0.00406
4.08166	0.00004	0.00023	0.00014
4.53517	0.00020	0.00117	0.00075

Proportion of advantageous (S > 0) mutations:
 0.28129

Proportions of good & bad mutations (|S| > 2.0000) among mutations:
0.00727  0.12733

mean |Ns| = 1.13223	mean Ns+ = 0.69740	mean Ns- = -1.30241

