Supplemental results for CODEML (seqf: paml_alt_homo_trimmed_dna_aligned_combined_TAS1R1  treef: paml_alt_homo_ML_tree_trimmed_dna_aligned_combined_TAS1R1.txt)

I	J	ij	2Ns_IJ	pMut_IJ	pSub_IJ	2Ns_JI	pMut_JI	pSub_JI

TTC	TTT	CT	0.36489	0.09027	0.10774	-0.36489	0.13002	0.10774	0.10774	0.10774
TTA	TTT	AT	4.47380	0.00029	0.00131	-4.47380	0.02541	0.00131	0.00131	0.00131
TTA	TTC	AC	4.10891	0.00088	0.00370	-4.10891	0.05387	0.00370	0.00370	0.00370
TTG	TTT	GT	1.57724	0.00380	0.00755	-1.57724	0.01840	0.00755	0.00755	0.00755
TTG	TTC	GC	1.21236	0.01160	0.02002	-1.21236	0.03899	0.02002	0.02002	0.02002
TTG	TTA	GA	-2.89655	0.04917	0.00832	2.89655	0.00271	0.00832	0.00832	0.00832
TCT	TTT	CT	1.37152	0.03299	0.06063	-1.37152	0.13002	0.06063	0.06063	0.06063
TCC	TTC	CT	1.54644	0.05870	0.11535	-1.54644	0.27560	0.11535	0.11535	0.11535
TCC	TCT	CT	0.53981	0.05870	0.07597	-0.53981	0.10072	0.07597	0.07597	0.07597
TCA	TTA	CT	-0.99741	0.01117	0.00651	0.99741	0.00412	0.00651	0.00651	0.00651
TCA	TCT	AT	2.10487	0.00240	0.00575	-2.10487	0.01968	0.00575	0.00575	0.00575
TCA	TCC	AC	1.56506	0.00732	0.01449	-1.56506	0.03503	0.01449	0.01449	0.01449
TCG	TTG	CT	2.68818	0.00367	0.01060	-2.68818	0.05402	0.01060	0.01060	0.01060
TCG	TCT	GT	2.89391	0.00079	0.00242	-2.89391	0.01425	0.00242	0.00242	0.00242
TCG	TCC	GC	2.35409	0.00241	0.00627	-2.35409	0.02536	0.00627	0.00627	0.00627
TCG	TCA	GA	0.78903	0.01021	0.01476	-0.78903	0.02247	0.01476	0.01476	0.01476
TAT	TTT	AT	1.31916	0.00679	0.01223	-1.31916	0.02541	0.01223	0.01223	0.01223
TAT	TCT	AC	-0.05235	0.02074	0.02020	0.05235	0.01968	0.02020	0.02020	0.02020
TAC	TTC	AT	1.66973	0.01014	0.02086	-1.66973	0.05387	0.02086	0.02086	0.02086
TAC	TCC	AC	0.12329	0.03097	0.03292	-0.12329	0.03503	0.03292	0.03292	0.03292
TAC	TAT	CT	0.71545	0.04723	0.06613	-0.71545	0.09660	0.06613	0.06613	0.06613
TGT	TTT	GT	0.90335	0.00745	0.01132	-0.90335	0.01840	0.01132	0.01132	0.01132
TGT	TCT	GC	-0.46817	0.02276	0.01785	0.46817	0.01425	0.01785	0.01785	0.01785
TGT	TAT	GA	-0.41582	0.09646	0.07779	0.41582	0.06365	0.07779	0.07779	0.07779
TGC	TTC	GT	1.13692	0.01251	0.02094	-1.13692	0.03899	0.02094	0.02094	0.02094
TGC	TCC	GC	-0.40953	0.03819	0.03090	0.40953	0.02536	0.03090	0.03090	0.03090
TGC	TAC	GA	-0.53281	0.16188	0.12257	0.53281	0.09502	0.12257	0.12257	0.12257
TGC	TGT	CT	0.59846	0.05825	0.07741	-0.59846	0.10598	0.07741	0.07741	0.07741
TGG	TTG	GT	-0.41229	0.01154	0.00933	0.41229	0.00764	0.00933	0.00933	0.00933
TGG	TCG	GC	-3.10047	0.03524	0.00515	3.10047	0.00159	0.00515	0.00515	0.00515
TGG	TGT	GT	0.26160	0.01154	0.01312	-0.26160	0.01499	0.01312	0.01312	0.01312
TGG	TGC	GC	-0.33685	0.03524	0.02964	0.33685	0.02516	0.02964	0.02964	0.02964
CTT	TTT	CT	1.35127	0.03366	0.06138	-1.35127	0.13002	0.06138	0.06138	0.06138
CTC	TTC	CT	1.41948	0.06665	0.12479	-1.41948	0.27560	0.12479	0.12479	0.12479
CTC	CTT	CT	0.43310	0.06665	0.08212	-0.43310	0.10278	0.08212	0.08212	0.08212
CTA	TTA	CT	-1.49879	0.01844	0.00795	1.49879	0.00412	0.00795	0.00795	0.00795
CTA	CTT	AT	1.62374	0.00396	0.00801	-1.62374	0.02009	0.00801	0.00801	0.00801
CTA	CTC	AC	1.19064	0.01209	0.02069	-1.19064	0.03977	0.02069	0.02069	0.02069
CTG	TTG	CT	-1.03382	0.15190	0.08667	1.03382	0.05402	0.08667	0.08667	0.08667
CTG	CTT	GT	-0.80784	0.03262	0.02120	0.80784	0.01454	0.02120	0.02120	0.02120
CTG	CTC	GC	-1.24094	0.09959	0.05026	1.24094	0.02879	0.05026	0.05026	0.05026
CTG	CTA	GA	-2.43158	0.42210	0.09891	2.43158	0.03710	0.09891	0.09891	0.09891
CCT	TCT	CT	0.95684	0.03869	0.06010	-0.95684	0.10072	0.06010	0.06010	0.06010
CCT	CTT	CT	0.97709	0.03869	0.06062	-0.97709	0.10278	0.06062	0.06062	0.06062
CCC	TCC	CT	1.28706	0.04948	0.08798	-1.28706	0.17923	0.08798	0.08798	0.08798
CCC	CTC	CT	1.41403	0.04948	0.09245	-1.41403	0.20350	0.09245	0.09245	0.09245
CCC	CCT	CT	0.87004	0.04948	0.07409	-0.87004	0.11811	0.07409	0.07409	0.07409
CCA	TCA	CT	0.64365	0.01792	0.02430	-0.64365	0.03411	0.02430	0.02430	0.02430
CCA	CTA	CT	1.14504	0.01792	0.03009	-1.14504	0.05631	0.03009	0.03009	0.03009
CCA	CCT	AT	1.79169	0.00385	0.00827	-1.79169	0.02309	0.00827	0.00827	0.00827
CCA	CCC	AC	0.92165	0.01175	0.01798	-0.92165	0.02953	0.01798	0.01798	0.01798
CCG	TCG	CT	1.03770	0.00397	0.00639	-1.03770	0.01122	0.00639	0.00639	0.00639
CCG	CTG	CT	4.75970	0.00397	0.01908	-4.75970	0.46376	0.01908	0.01908	0.01908
CCG	CCT	GT	2.97477	0.00085	0.00267	-2.97477	0.01671	0.00267	0.00267	0.00267
CCG	CCC	GC	2.10473	0.00261	0.00624	-2.10473	0.02138	0.00624	0.00624	0.00624
CCG	CCA	GA	1.18308	0.01104	0.01883	-1.18308	0.03605	0.01883	0.01883	0.01883
CAT	TAT	CT	1.57768	0.01994	0.03965	-1.57768	0.09660	0.03965	0.03965	0.03965
CAT	CTT	AT	1.54557	0.00428	0.00841	-1.54557	0.02009	0.00841	0.00841	0.00841
CAT	CCT	AC	0.56849	0.01308	0.01714	-0.56849	0.02309	0.01714	0.01714	0.01714
CAC	TAC	CT	1.08338	0.04881	0.07993	-1.08338	0.14421	0.07993	0.07993	0.07993
CAC	CTC	AT	1.33363	0.01048	0.01898	-1.33363	0.03977	0.01898	0.01898	0.01898
CAC	CCC	AC	-0.08039	0.03200	0.03073	0.08039	0.02953	0.03073	0.03073	0.03073
CAC	CAT	CT	0.22116	0.04881	0.05440	-0.22116	0.06089	0.05440	0.05440	0.05440
CAA	CTA	AT	1.35123	0.00285	0.00520	-1.35123	0.01101	0.00520	0.00520	0.00520
CAA	CCA	AC	0.20619	0.00870	0.00963	-0.20619	0.01069	0.00963	0.00963	0.00963
CAA	CAT	AT	1.42939	0.00285	0.00536	-1.42939	0.01190	0.00536	0.00536	0.00536
CAA	CAC	AC	1.20824	0.00870	0.01499	-1.20824	0.02912	0.01499	0.01499	0.01499
CAG	CTG	AT	1.55837	0.01908	0.03766	-1.55837	0.09064	0.03766	0.03766	0.03766
CAG	CCG	AC	-3.20133	0.05825	0.00791	3.20133	0.00237	0.00791	0.00791	0.00791
CAG	CAT	GT	-0.79505	0.01908	0.01249	0.79505	0.00861	0.01249	0.01249	0.01249
CAG	CAC	GC	-1.01621	0.05825	0.03358	1.01621	0.02108	0.03358	0.03358	0.03358
CAG	CAA	GA	-2.22444	0.24689	0.06658	2.22444	0.02670	0.06658	0.06658	0.06658
CGT	TGT	CT	3.22854	0.00420	0.01411	-3.22854	0.10598	0.01411	0.01411	0.01411
CGT	CTT	GT	2.78062	0.00090	0.00267	-2.78062	0.01454	0.00267	0.00267	0.00267
CGT	CCT	GC	1.80354	0.00275	0.00594	-1.80354	0.01671	0.00594	0.00594	0.00594
CGT	CAT	GA	1.23505	0.01167	0.02032	-1.23505	0.04012	0.02032	0.02032	0.02032
CGC	TGC	CT	1.76772	0.03036	0.06473	-1.76772	0.17786	0.06473	0.06473	0.06473
CGC	CTC	GT	1.48516	0.00652	0.01252	-1.48516	0.02879	0.01252	0.01252	0.01252
CGC	CCC	GC	0.07114	0.01991	0.02062	-0.07114	0.02138	0.02062	0.02062	0.02062
CGC	CAC	GA	0.15153	0.08438	0.09093	-0.15153	0.09818	0.09093	0.09093	0.09093
CGC	CGT	CT	-0.86237	0.03036	0.01913	0.86237	0.01282	0.01913	0.01913	0.01913
CGA	CTA	GT	1.91382	0.00118	0.00264	-1.91382	0.00797	0.00264	0.00264	0.00264
CGA	CCA	GC	0.76879	0.00359	0.00514	-0.76879	0.00774	0.00514	0.00514	0.00514
CGA	CAA	GA	0.56260	0.01521	0.01989	-0.56260	0.02670	0.01989	0.01989	0.01989
CGA	CGT	AT	0.75694	0.00118	0.00168	-0.75694	0.00251	0.00168	0.00168	0.00168
CGA	CGC	AC	1.61930	0.00359	0.00725	-1.61930	0.01812	0.00725	0.00725	0.00725
CGG	TGG	CT	2.45480	0.01410	0.03785	-2.45480	0.16412	0.03785	0.03785	0.03785
CGG	CTG	GT	3.07633	0.00303	0.00976	-3.07633	0.06562	0.00976	0.00976	0.00976
CGG	CCG	GC	-1.68337	0.00924	0.00355	1.68337	0.00172	0.00355	0.00355	0.00355
CGG	CAG	GA	1.51796	0.03917	0.07614	-1.51796	0.17872	0.07614	0.07614	0.07614
CGG	CGT	GT	-0.51214	0.00303	0.00232	0.51214	0.00181	0.00232	0.00232	0.00232
CGG	CGC	GC	0.35023	0.00924	0.01095	-0.35023	0.01312	0.01095	0.01095	0.01095
CGG	CGA	GA	-1.26908	0.03917	0.01944	1.26908	0.01101	0.01944	0.01944	0.01944
ATT	TTT	AT	1.91313	0.00375	0.00842	-1.91313	0.02541	0.00842	0.00842	0.00842
ATT	CTT	AC	0.56186	0.01145	0.01497	-0.56186	0.02009	0.01497	0.01497	0.01497
ATC	TTC	AT	1.47950	0.01227	0.02350	-1.47950	0.05387	0.02350	0.02350	0.02350
ATC	CTC	AC	0.06003	0.03746	0.03859	-0.06003	0.03977	0.03859	0.03859	0.03859
ATC	ATT	CT	-0.06874	0.05713	0.05519	0.06874	0.05333	0.05519	0.05519	0.05519
ATA	TTA	AT	-1.26937	0.00287	0.00142	1.26937	0.00081	0.00142	0.00142	0.00142
ATA	CTA	AC	0.22942	0.00875	0.00979	-0.22942	0.01101	0.00979	0.00979	0.00979
ATA	ATT	AT	1.29130	0.00287	0.00510	-1.29130	0.01042	0.00510	0.00510	0.00510
ATA	ATC	AC	1.36004	0.00875	0.01601	-1.36004	0.03409	0.01601	0.01601	0.01601
ATG	TTG	AT	0.18693	0.00876	0.00960	-0.18693	0.01056	0.00960	0.00960	0.00960
ATG	CTG	AC	1.22075	0.02674	0.04630	-1.22075	0.09064	0.04630	0.04630	0.04630
ATG	ATT	GT	-0.14896	0.00876	0.00812	0.14896	0.00755	0.00812	0.00812	0.00812
ATG	ATC	GC	-0.08022	0.02674	0.02568	0.08022	0.02468	0.02568	0.02568	0.02568
ATG	ATA	GA	-1.44026	0.11334	0.05067	1.44026	0.02685	0.05067	0.05067	0.05067
ACT	TCT	AT	1.17393	0.00609	0.01034	-1.17393	0.01968	0.01034	0.01034	0.01034
ACT	CCT	AC	0.21709	0.01858	0.02067	-0.21709	0.02309	0.02067	0.02067	0.02067
ACT	ATT	CT	0.63231	0.02834	0.03824	-0.63231	0.05333	0.03824	0.03824	0.03824
ACC	TCC	AT	1.02460	0.01257	0.02010	-1.02460	0.03503	0.02010	0.02010	0.02010
ACC	CCC	AC	-0.26246	0.03839	0.03357	0.26246	0.02953	0.03357	0.03357	0.03357
ACC	ATC	CT	1.09154	0.05855	0.09621	-1.09154	0.17443	0.09621	0.09621	0.09621
ACC	ACT	CT	0.39049	0.05855	0.07073	-0.39049	0.08653	0.07073	0.07073	0.07073
ACA	TCA	AT	0.25144	0.00518	0.00586	-0.25144	0.00667	0.00586	0.00586	0.00586
ACA	CCA	AC	-0.39221	0.01583	0.01293	0.39221	0.01069	0.01293	0.01293	0.01293
ACA	ATA	CT	0.52340	0.02414	0.03101	-0.52340	0.04075	0.03101	0.03101	0.03101
ACA	ACT	AT	1.18239	0.00518	0.00884	-1.18239	0.01691	0.00884	0.00884	0.00884
ACA	ACC	AC	0.79190	0.01583	0.02291	-0.79190	0.03494	0.02291	0.02291	0.02291
ACG	TCG	AT	-0.98603	0.00588	0.00345	0.98603	0.00219	0.00345	0.00345	0.00345
ACG	CCG	AC	-2.02373	0.01794	0.00553	2.02373	0.00237	0.00553	0.00553	0.00553
ACG	ATG	CT	1.51522	0.02737	0.05314	-1.51522	0.12452	0.05314	0.05314	0.05314
ACG	ACT	GT	0.73395	0.00588	0.00829	-0.73395	0.01224	0.00829	0.00829	0.00829
ACG	ACC	GC	0.34346	0.01794	0.02120	-0.34346	0.02529	0.02120	0.02120	0.02120
ACG	ACA	GA	-0.44844	0.07604	0.06026	0.44844	0.04856	0.06026	0.06026	0.06026
AAT	TAT	AT	1.29250	0.00518	0.00924	-1.29250	0.01888	0.00924	0.00924	0.00924
AAT	CAT	AC	-0.28518	0.01583	0.01368	0.28518	0.01190	0.01368	0.01368	0.01368
AAT	ATT	AT	0.69853	0.00518	0.00720	-0.69853	0.01042	0.00720	0.00720	0.00720
AAT	ACT	AC	0.06622	0.01583	0.01636	-0.06622	0.01691	0.01636	0.01636	0.01636
AAC	TAC	AT	0.91383	0.01130	0.01724	-0.91383	0.02819	0.01724	0.01724	0.01724
AAC	CAC	AC	-0.16955	0.03451	0.03166	0.16955	0.02912	0.03166	0.03166	0.03166
AAC	ATC	AT	1.10406	0.01130	0.01867	-1.10406	0.03409	0.01867	0.01867	0.01867
AAC	ACC	AC	0.01252	0.03451	0.03472	-0.01252	0.03494	0.03472	0.03472	0.03472
AAC	AAT	CT	0.33679	0.05263	0.06199	-0.33679	0.07371	0.06199	0.06199	0.06199
AAA	CAA	AC	0.09159	0.00723	0.00756	-0.09159	0.00792	0.00756	0.00756	0.00756
AAA	ATA	AT	1.21340	0.00237	0.00409	-1.21340	0.00796	0.00409	0.00409	0.00409
AAA	ACA	AC	0.69000	0.00723	0.01000	-0.69000	0.01441	0.01000	0.01000	0.01000
AAA	AAT	AT	1.80616	0.00237	0.00511	-1.80616	0.01441	0.00511	0.00511	0.00511
AAA	AAC	AC	1.46938	0.00723	0.01379	-1.46938	0.03141	0.01379	0.01379	0.01379
AAG	CAG	AC	0.34612	0.03750	0.04437	-0.34612	0.05302	0.04437	0.04437	0.04437
AAG	ATG	AT	0.68374	0.01228	0.01696	-0.68374	0.02434	0.01696	0.01696	0.01696
AAG	ACG	AC	-0.83148	0.03750	0.02405	0.83148	0.01633	0.02405	0.02405	0.02405
AAG	AAT	GT	-0.16375	0.01228	0.01131	0.16375	0.01043	0.01131	0.01131	0.01131
AAG	AAC	GC	-0.50054	0.03750	0.02890	0.50054	0.02274	0.02890	0.02890	0.02890
AAG	AAA	GA	-1.96992	0.15897	0.05075	1.96992	0.02217	0.05075	0.05075	0.05075
AGT	TGT	AT	1.56879	0.00431	0.00855	-1.56879	0.02071	0.00855	0.00855	0.00855
AGT	CGT	AC	-1.65976	0.01317	0.00513	1.65976	0.00251	0.00513	0.00513	0.00513
AGT	ATT	GT	0.55900	0.00431	0.00563	-0.55900	0.00755	0.00563	0.00563	0.00563
AGT	ACT	GC	-0.07331	0.01317	0.01270	0.07331	0.01224	0.01270	0.01270	0.01270
AGT	AAT	GA	-0.13953	0.05584	0.05203	0.13953	0.04856	0.05203	0.05203	0.05203
AGC	TGC	AT	0.86955	0.01457	0.02181	-0.86955	0.03476	0.02181	0.02181	0.02181
AGC	CGC	AC	-0.89817	0.04448	0.02746	0.89817	0.01812	0.02746	0.02746	0.02746
AGC	ATC	GT	0.52696	0.01457	0.01874	-0.52696	0.02468	0.01874	0.01874	0.01874
AGC	ACC	GC	-0.56458	0.04448	0.03310	0.56458	0.02529	0.03310	0.03310	0.03310
AGC	AAC	GA	-0.57710	0.18855	0.13935	0.57710	0.10588	0.13935	0.13935	0.13935
AGC	AGT	CT	-0.10078	0.06785	0.06449	0.10078	0.06135	0.06449	0.06449	0.06449
AGA	CGA	AC	-0.87257	0.00782	0.00490	0.87257	0.00327	0.00490	0.00490	0.00490
AGA	ATA	GT	0.81183	0.00256	0.00374	-0.81183	0.00576	0.00374	0.00374	0.00374
AGA	ACA	GC	0.28843	0.00782	0.00900	-0.28843	0.01043	0.00900	0.00900	0.00900
AGA	AAA	GA	-0.40157	0.03313	0.02692	0.40157	0.02217	0.02692	0.02692	0.02692
AGA	AGT	AT	1.54413	0.00256	0.00503	-1.54413	0.01199	0.00503	0.00503	0.00503
AGA	AGC	AC	1.64491	0.00782	0.01593	-1.64491	0.04049	0.01593	0.01593	0.01593
AGG	TGG	AT	1.48344	0.00728	0.01396	-1.48344	0.03208	0.01396	0.01396	0.01396
AGG	CGG	AC	-0.97136	0.02222	0.01315	0.97136	0.00841	0.01315	0.01315	0.01315
AGG	ATG	GT	0.88422	0.00728	0.01096	-0.88422	0.01762	0.01096	0.01096	0.01096
AGG	ACG	GC	-0.63100	0.02222	0.01594	0.63100	0.01182	0.01594	0.01594	0.01594
AGG	AAG	GA	0.20048	0.09417	0.10393	-0.20048	0.11508	0.10393	0.10393	0.10393
AGG	AGT	GT	0.17626	0.00728	0.00794	-0.17626	0.00868	0.00794	0.00794	0.00794
AGG	AGC	GC	0.27704	0.02222	0.02544	-0.27704	0.02931	0.02544	0.02544	0.02544
AGG	AGA	GA	-1.36787	0.09417	0.04401	1.36787	0.02398	0.04401	0.04401	0.04401
GTT	TTT	GT	1.34398	0.00480	0.00872	-1.34398	0.01840	0.00872	0.00872	0.00872
GTT	CTT	GC	-0.00729	0.01465	0.01459	0.00729	0.01454	0.01459	0.01459	0.01459
GTT	ATT	GA	-0.56915	0.06209	0.04608	0.56915	0.03514	0.04608	0.04608	0.04608
GTC	TTC	GT	1.71471	0.00702	0.01468	-1.71471	0.03899	0.01468	0.01468	0.01468
GTC	CTC	GC	0.29524	0.02143	0.02475	-0.29524	0.02879	0.02475	0.02475	0.02475
GTC	ATC	GA	0.23521	0.09084	0.10194	-0.23521	0.11493	0.10194	0.10194	0.10194
GTC	GTT	CT	0.73562	0.03269	0.04617	-0.73562	0.06821	0.04617	0.04617	0.04617
GTA	TTA	GT	-0.47112	0.00093	0.00073	0.47112	0.00058	0.00073	0.00073	0.00073
GTA	CTA	GC	1.02767	0.00285	0.00456	-1.02767	0.00797	0.00456	0.00456	0.00456
GTA	ATA	GA	0.79825	0.01208	0.01754	-0.79825	0.02685	0.01754	0.01754	0.01754
GTA	GTT	AT	2.65870	0.00093	0.00267	-2.65870	0.01333	0.00267	0.00267	0.00267
GTA	GTC	AC	1.92308	0.00285	0.00642	-1.92308	0.01951	0.00642	0.00642	0.00642
GTG	TTG	GT	-1.13836	0.02386	0.01280	1.13836	0.00764	0.01280	0.01280	0.01280
GTG	CTG	GC	-0.10455	0.07285	0.06910	0.10455	0.06562	0.06910	0.06910	0.06910
GTG	ATG	GA	-1.32529	0.30876	0.14809	1.32529	0.08205	0.14809	0.14809	0.14809
GTG	GTT	GT	-0.90510	0.02386	0.01467	0.90510	0.00965	0.01467	0.01467	0.01467
GTG	GTC	GC	-1.64072	0.07285	0.02874	1.64072	0.01412	0.02874	0.02874	0.02874
GTG	GTA	GA	-3.56380	0.30876	0.03208	3.56380	0.00875	0.03208	0.03208	0.03208
GCT	TCT	GT	0.55919	0.00815	0.01064	-0.55919	0.01425	0.01064	0.01064	0.01064
GCT	CCT	GC	-0.39765	0.02487	0.02025	0.39765	0.01671	0.02025	0.02025	0.02025
GCT	ACT	GA	-0.61474	0.10542	0.07632	0.61474	0.05701	0.07632	0.07632	0.07632
GCT	GTT	CT	0.58673	0.03794	0.05015	-0.58673	0.06821	0.05015	0.05015	0.05015
GCC	TCC	GT	0.11287	0.02265	0.02395	-0.11287	0.02536	0.02395	0.02395	0.02395
GCC	CCC	GC	-1.17419	0.06916	0.03633	1.17419	0.02138	0.03633	0.03633	0.03633
GCC	ACC	GA	-0.91173	0.29314	0.17954	0.91173	0.11779	0.17954	0.17954	0.17954
GCC	GTC	CT	-0.05540	0.10549	0.10259	0.05540	0.09980	0.10259	0.10259	0.10259
GCC	GCT	CT	0.09349	0.10549	0.11050	-0.09349	0.11583	0.11050	0.11050	0.11050
GCA	TCA	GT	-0.34919	0.00684	0.00572	0.34919	0.00483	0.00572	0.00572	0.00572
GCA	CCA	GC	-0.99284	0.02089	0.01221	0.99284	0.00774	0.01221	0.01221	0.01221
GCA	ACA	GA	-0.60063	0.08855	0.06460	0.60063	0.04856	0.06460	0.06460	0.06460
GCA	GTA	CT	-0.87548	0.03186	0.01993	0.87548	0.01328	0.01993	0.01993	0.01993
GCA	GCT	AT	1.19649	0.00684	0.01173	-1.19649	0.02264	0.01173	0.01173	0.01173
GCA	GCC	AC	1.10300	0.02089	0.03449	-1.10300	0.06295	0.03449	0.03449	0.03449
GCG	TCG	GT	-0.49063	0.00259	0.00201	0.49063	0.00159	0.00201	0.00201	0.00201
GCG	CCG	GC	-1.52833	0.00791	0.00335	1.52833	0.00172	0.00335	0.00335	0.00335
GCG	ACG	GA	0.49540	0.03354	0.04253	-0.49540	0.05505	0.04253	0.04253	0.04253
GCG	GTG	CT	3.33591	0.01207	0.04175	-3.33591	0.33924	0.04175	0.04175	0.04175
GCG	GCT	GT	1.84408	0.00259	0.00568	-1.84408	0.01639	0.00568	0.00568	0.00568
GCG	GCC	GC	1.75059	0.00791	0.01677	-1.75059	0.04557	0.01677	0.01677	0.01677
GCG	GCA	GA	0.64759	0.03354	0.04557	-0.64759	0.06410	0.04557	0.04557	0.04557
GAT	TAT	GT	1.68136	0.00254	0.00525	-1.68136	0.01367	0.00525	0.00525	0.00525
GAT	CAT	GC	0.10368	0.00777	0.00818	-0.10368	0.00861	0.00818	0.00818	0.00818
GAT	AAT	GA	0.38886	0.03292	0.03973	-0.38886	0.04856	0.03973	0.03973	0.03973
GAT	GTT	AT	1.65654	0.00254	0.00521	-1.65654	0.01333	0.00521	0.00521	0.00521
GAT	GCT	AC	1.06982	0.00777	0.01265	-1.06982	0.02264	0.01265	0.01265	0.01265
GAC	TAC	GT	0.47644	0.01267	0.01593	-0.47644	0.02040	0.01593	0.01593	0.01593
GAC	CAC	GC	-0.60694	0.03868	0.02813	0.60694	0.02108	0.02813	0.02813	0.02813
GAC	AAC	GA	-0.43739	0.16397	0.13071	0.43739	0.10588	0.13071	0.13071	0.13071
GAC	GTC	AT	0.43146	0.01267	0.01560	-0.43146	0.01951	0.01560	0.01560	0.01560
GAC	GCC	AC	0.48686	0.03868	0.04886	-0.48686	0.06295	0.04886	0.04886	0.04886
GAC	GAT	CT	-0.48946	0.05900	0.04574	0.48946	0.03617	0.04574	0.04574	0.04574
GAA	CAA	GC	-0.92465	0.01445	0.00879	0.92465	0.00573	0.00879	0.00879	0.00879
GAA	AAA	GA	-1.01624	0.06125	0.03531	1.01624	0.02217	0.03531	0.03531	0.03531
GAA	GTA	AT	-0.60109	0.00473	0.00345	0.60109	0.00259	0.00345	0.00345	0.00345
GAA	GCA	AC	0.27439	0.01445	0.01652	-0.27439	0.01901	0.01652	0.01652	0.01652
GAA	GAT	AT	0.40106	0.00473	0.00575	-0.40106	0.00707	0.00575	0.00575	0.00575
GAA	GAC	AC	0.89052	0.01445	0.02183	-0.89052	0.03521	0.02183	0.02183	0.02183
GAG	CAG	GC	-0.10129	0.04247	0.04035	0.10129	0.03838	0.04035	0.04035	0.04035
GAG	AAG	GA	-0.44741	0.18001	0.14273	0.44741	0.11508	0.14273	0.14273	0.14273
GAG	GTG	AT	1.56162	0.01391	0.02749	-1.56162	0.06630	0.02749	0.02749	0.02749
GAG	GCG	AC	-1.77429	0.04247	0.01539	1.77429	0.00720	0.01539	0.01539	0.01539
GAG	GAT	GT	-1.00003	0.01391	0.00810	1.00003	0.00512	0.00810	0.00810	0.00810
GAG	GAC	GC	-0.51056	0.04247	0.03255	0.51056	0.02549	0.03255	0.03255	0.03255
GAG	GAA	GA	-1.40109	0.18001	0.08243	1.40109	0.04434	0.08243	0.08243	0.08243
GGT	TGT	GT	1.32325	0.00399	0.00720	-1.32325	0.01499	0.00720	0.00720	0.00720
GGT	CGT	GC	-1.90529	0.01219	0.00406	1.90529	0.00181	0.00406	0.00406	0.00406
GGT	AGT	GA	-0.24554	0.05167	0.04558	0.24554	0.04042	0.04558	0.04558	0.04558
GGT	GTT	GT	0.88262	0.00399	0.00601	-0.88262	0.00965	0.00601	0.00601	0.00601
GGT	GCT	GC	0.29589	0.01219	0.01408	-0.29589	0.01639	0.01408	0.01408	0.01408
GGT	GAT	GA	-0.77393	0.05167	0.03423	0.77393	0.02383	0.03423	0.03423	0.03423
GGC	TGC	GT	0.48226	0.01554	0.01958	-0.48226	0.02516	0.01958	0.01958	0.01958
GGC	CGC	GC	-1.28546	0.04743	0.02331	1.28546	0.01312	0.02331	0.02331	0.02331
GGC	AGC	GA	-0.38729	0.20105	0.16463	0.38729	0.13649	0.16463	0.16463	0.16463
GGC	GTC	GT	-0.09553	0.01554	0.01481	0.09553	0.01412	0.01481	0.01481	0.01481
GGC	GCC	GC	-0.04013	0.04743	0.04649	0.04013	0.04557	0.04649	0.04649	0.04649
GGC	GAC	GA	-0.52699	0.20105	0.15271	0.52699	0.11870	0.15271	0.15271	0.15271
GGC	GGT	CT	-0.24253	0.07235	0.06393	0.24253	0.05677	0.06393	0.06393	0.06393
GGA	CGA	GC	-1.47387	0.01032	0.00452	1.47387	0.00236	0.00452	0.00452	0.00452
GGA	AGA	GA	-0.60130	0.04375	0.03191	0.60130	0.02398	0.03191	0.03191	0.03191
GGA	GTA	GT	-0.58771	0.00338	0.00248	0.58771	0.00188	0.00248	0.00248	0.00248
GGA	GCA	GC	0.28776	0.01032	0.01188	-0.28776	0.01376	0.01188	0.01188	0.01188
GGA	GAA	GA	0.01338	0.04375	0.04405	-0.01338	0.04434	0.04405	0.04405	0.04405
GGA	GGT	AT	1.18837	0.00338	0.00578	-1.18837	0.01110	0.00578	0.00578	0.00578
GGA	GGC	AC	1.43090	0.01032	0.01941	-1.43090	0.04317	0.01941	0.01941	0.01941
GGG	TGG	GT	0.63808	0.01227	0.01660	-0.63808	0.02322	0.01660	0.01660	0.01660
GGG	CGG	GC	-1.81672	0.03746	0.01321	1.81672	0.00609	0.01321	0.01321	0.01321
GGG	AGG	GA	-0.84536	0.15876	0.10100	0.84536	0.06817	0.10100	0.10100	0.10100
GGG	GTG	GT	1.36415	0.01227	0.02248	-1.36415	0.04800	0.02248	0.02248	0.02248
GGG	GCG	GC	-1.97176	0.03746	0.01194	1.97176	0.00521	0.01194	0.01194	0.01194
GGG	GAG	GA	-0.19747	0.15876	0.14360	0.19747	0.13031	0.14360	0.14360	0.14360
GGG	GGT	GT	-0.42357	0.01227	0.00985	0.42357	0.00803	0.00985	0.00985	0.00985
GGG	GGC	GC	-0.18104	0.03746	0.03417	0.18104	0.03125	0.03417	0.03417	0.03417
GGG	GGA	GA	-1.61193	0.15876	0.06378	1.61193	0.03167	0.06378	0.06378	0.06378


Histograms
2Ns	FMut	FSub(CodonUsage)	FSubw(after w)

-4.53304	0.02326	0.00122	0.00122
-4.07974	0.00256	0.00022	0.00022
-3.62644	0.01468	0.00191	0.00191
-3.17313	0.02953	0.00485	0.00485
-2.71983	0.00691	0.00159	0.00159
-2.26652	0.04277	0.01321	0.01321
-1.81322	0.05258	0.02404	0.02404
-1.35991	0.17794	0.10326	0.10326
-0.90661	0.11435	0.08716	0.08716
-0.45330	0.18077	0.17832	0.17832
0.00000	0.13471	0.16842	0.16842
0.45330	0.11433	0.17832	0.17832
0.90661	0.04552	0.08716	0.08716
1.35991	0.04476	0.10326	0.10326
1.81322	0.00904	0.02404	0.02404
2.26652	0.00406	0.01321	0.01321
2.71983	0.00043	0.00159	0.00159
3.17313	0.00115	0.00485	0.00485
3.62644	0.00042	0.00191	0.00191
4.07974	0.00004	0.00022	0.00022
4.53304	0.00020	0.00122	0.00122

Proportion of advantageous (S > 0) mutations:
 0.28328

Proportions of good & bad mutations (|S| > 2.0000) among mutations:
0.00640  0.12056

mean |Ns| = 1.12323	mean Ns+ = 0.68842	mean Ns- = -1.29509

