Supplemental results for CODEML (seqf: paml_alt_homininae_trimmed_dna_aligned_combined_TAS1R1  treef: paml_alt_homininae_ML_tree_trimmed_dna_aligned_combined_TAS1R1.txt)

I	J	ij	2Ns_IJ	pMut_IJ	pSub_IJ	2Ns_JI	pMut_JI	pSub_JI

TTC	TTT	CT	0.36437	0.09026	0.10770	-0.36437	0.12994	0.10770	0.10770	0.10770
TTA	TTT	AT	4.47378	0.00029	0.00131	-4.47378	0.02541	0.00131	0.00131	0.00131
TTA	TTC	AC	4.10941	0.00088	0.00369	-4.10941	0.05386	0.00369	0.00369	0.00369
TTG	TTT	GT	1.57739	0.00380	0.00755	-1.57739	0.01840	0.00755	0.00755	0.00755
TTG	TTC	GC	1.21302	0.01159	0.02001	-1.21302	0.03899	0.02001	0.02001	0.02001
TTG	TTA	GA	-2.89639	0.04917	0.00832	2.89639	0.00272	0.00832	0.00832	0.00832
TCT	TTT	CT	1.37100	0.03299	0.06061	-1.37100	0.12994	0.06061	0.06061	0.06061
TCC	TTC	CT	1.54592	0.05870	0.11532	-1.54592	0.27544	0.11532	0.11532	0.11532
TCC	TCT	CT	0.53929	0.05870	0.07595	-0.53929	0.10066	0.07595	0.07595	0.07595
TCA	TTA	CT	-0.99792	0.01117	0.00651	0.99792	0.00412	0.00651	0.00651	0.00651
TCA	TCT	AT	2.10486	0.00240	0.00575	-2.10486	0.01968	0.00575	0.00575	0.00575
TCA	TCC	AC	1.56557	0.00732	0.01449	-1.56557	0.03502	0.01449	0.01449	0.01449
TCG	TTG	CT	2.68766	0.00367	0.01059	-2.68766	0.05399	0.01059	0.01059	0.01059
TCG	TCT	GT	2.89405	0.00079	0.00242	-2.89405	0.01425	0.00242	0.00242	0.00242
TCG	TCC	GC	2.35476	0.00241	0.00626	-2.35476	0.02536	0.00626	0.00626	0.00626
TCG	TCA	GA	0.78919	0.01021	0.01476	-0.78919	0.02247	0.01476	0.01476	0.01476
TAT	TTT	AT	1.31915	0.00679	0.01223	-1.31915	0.02541	0.01223	0.01223	0.01223
TAT	TCT	AC	-0.05185	0.02073	0.02020	0.05185	0.01968	0.02020	0.02020	0.02020
TAC	TTC	AT	1.66971	0.01014	0.02086	-1.66971	0.05386	0.02086	0.02086	0.02086
TAC	TCC	AC	0.12379	0.03095	0.03290	-0.12379	0.03502	0.03290	0.03290	0.03290
TAC	TAT	CT	0.71494	0.04723	0.06611	-0.71494	0.09654	0.06611	0.06611	0.06611
TGT	TTT	GT	0.90349	0.00745	0.01132	-0.90349	0.01840	0.01132	0.01132	0.01132
TGT	TCT	GC	-0.46750	0.02274	0.01784	0.46750	0.01425	0.01784	0.01784	0.01784
TGT	TAT	GA	-0.41565	0.09646	0.07779	0.41565	0.06365	0.07779	0.07779	0.07779
TGC	TTC	GT	1.13706	0.01251	0.02094	-1.13706	0.03899	0.02094	0.02094	0.02094
TGC	TCC	GC	-0.40886	0.03817	0.03090	0.40886	0.02536	0.03090	0.03090	0.03090
TGC	TAC	GA	-0.53265	0.16187	0.12257	0.53265	0.09503	0.12257	0.12257	0.12257
TGC	TGT	CT	0.59794	0.05825	0.07739	-0.59794	0.10592	0.07739	0.07739	0.07739
TGG	TTG	GT	-0.41215	0.01154	0.00933	0.41215	0.00764	0.00933	0.00933	0.00933
TGG	TCG	GC	-3.09981	0.03522	0.00515	3.09981	0.00159	0.00515	0.00515	0.00515
TGG	TGT	GT	0.26175	0.01154	0.01312	-0.26175	0.01499	0.01312	0.01312	0.01312
TGG	TGC	GC	-0.33619	0.03522	0.02963	0.33619	0.02516	0.02963	0.02963	0.02963
CTT	TTT	CT	1.35075	0.03366	0.06136	-1.35075	0.12994	0.06136	0.06136	0.06136
CTC	TTC	CT	1.41896	0.06665	0.12476	-1.41896	0.27544	0.12476	0.12476	0.12476
CTC	CTT	CT	0.43258	0.06665	0.08210	-0.43258	0.10272	0.08210	0.08210	0.08210
CTA	TTA	CT	-1.49931	0.01844	0.00795	1.49931	0.00412	0.00795	0.00795	0.00795
CTA	CTT	AT	1.62372	0.00396	0.00801	-1.62372	0.02008	0.00801	0.00801	0.00801
CTA	CTC	AC	1.19115	0.01208	0.02068	-1.19115	0.03977	0.02068	0.02068	0.02068
CTG	TTG	CT	-1.03434	0.15189	0.08664	1.03434	0.05399	0.08664	0.08664	0.08664
CTG	CTT	GT	-0.80770	0.03261	0.02120	0.80770	0.01454	0.02120	0.02120	0.02120
CTG	CTC	GC	-1.24027	0.09952	0.05025	1.24027	0.02879	0.05025	0.05025	0.05025
CTG	CTA	GA	-2.43142	0.42207	0.09891	2.43142	0.03711	0.09891	0.09891	0.09891
CCT	TCT	CT	0.95632	0.03868	0.06009	-0.95632	0.10066	0.06009	0.06009	0.06009
CCT	CTT	CT	0.97657	0.03868	0.06060	-0.97657	0.10272	0.06060	0.06060	0.06060
CCC	TCC	CT	1.28654	0.04948	0.08795	-1.28654	0.17913	0.08795	0.08795	0.08795
CCC	CTC	CT	1.41351	0.04948	0.09243	-1.41351	0.20338	0.09243	0.09243	0.09243
CCC	CCT	CT	0.86952	0.04948	0.07407	-0.86952	0.11805	0.07407	0.07407	0.07407
CCA	TCA	CT	0.64313	0.01792	0.02429	-0.64313	0.03409	0.02429	0.02429	0.02429
CCA	CTA	CT	1.14452	0.01792	0.03009	-1.14452	0.05628	0.03009	0.03009	0.03009
CCA	CCT	AT	1.79167	0.00385	0.00827	-1.79167	0.02308	0.00827	0.00827	0.00827
CCA	CCC	AC	0.92216	0.01174	0.01797	-0.92216	0.02952	0.01797	0.01797	0.01797
CCG	TCG	CT	1.03718	0.00397	0.00638	-1.03718	0.01121	0.00638	0.00638	0.00638
CCG	CTG	CT	4.75918	0.00397	0.01907	-4.75918	0.46350	0.01907	0.01907	0.01907
CCG	CCT	GT	2.97491	0.00085	0.00267	-2.97491	0.01671	0.00267	0.00267	0.00267
CCG	CCC	GC	2.10540	0.00260	0.00624	-2.10540	0.02138	0.00624	0.00624	0.00624
CCG	CCA	GA	1.18324	0.01104	0.01883	-1.18324	0.03605	0.01883	0.01883	0.01883
CAT	TAT	CT	1.57716	0.01994	0.03964	-1.57716	0.09654	0.03964	0.03964	0.03964
CAT	CTT	AT	1.54556	0.00428	0.00841	-1.54556	0.02008	0.00841	0.00841	0.00841
CAT	CCT	AC	0.56899	0.01307	0.01713	-0.56899	0.02308	0.01713	0.01713	0.01713
CAC	TAC	CT	1.08286	0.04881	0.07991	-1.08286	0.14413	0.07991	0.07991	0.07991
CAC	CTC	AT	1.33362	0.01048	0.01898	-1.33362	0.03977	0.01898	0.01898	0.01898
CAC	CCC	AC	-0.07989	0.03198	0.03072	0.07989	0.02952	0.03072	0.03072	0.03072
CAC	CAT	CT	0.22064	0.04881	0.05439	-0.22064	0.06085	0.05439	0.05439	0.05439
CAA	CTA	AT	1.35121	0.00285	0.00520	-1.35121	0.01100	0.00520	0.00520	0.00520
CAA	CCA	AC	0.20669	0.00869	0.00962	-0.20669	0.01069	0.00962	0.00962	0.00962
CAA	CAT	AT	1.42938	0.00285	0.00535	-1.42938	0.01190	0.00535	0.00535	0.00535
CAA	CAC	AC	1.20874	0.00869	0.01498	-1.20874	0.02912	0.01498	0.01498	0.01498
CAG	CTG	AT	1.55835	0.01908	0.03765	-1.55835	0.09063	0.03765	0.03765	0.03765
CAG	CCG	AC	-3.20083	0.05821	0.00791	3.20083	0.00237	0.00791	0.00791	0.00791
CAG	CAT	GT	-0.79490	0.01908	0.01249	0.79490	0.00861	0.01249	0.01249	0.01249
CAG	CAC	GC	-1.01554	0.05821	0.03357	1.01554	0.02108	0.03357	0.03357	0.03357
CAG	CAA	GA	-2.22428	0.24687	0.06658	2.22428	0.02670	0.06658	0.06658	0.06658
CGT	TGT	CT	3.22803	0.00420	0.01411	-3.22803	0.10592	0.01411	0.01411	0.01411
CGT	CTT	GT	2.78077	0.00090	0.00267	-2.78077	0.01454	0.00267	0.00267	0.00267
CGT	CCT	GC	1.80420	0.00275	0.00594	-1.80420	0.01671	0.00594	0.00594	0.00594
CGT	CAT	GA	1.23521	0.01167	0.02032	-1.23521	0.04012	0.02032	0.02032	0.02032
CGC	TGC	CT	1.76720	0.03036	0.06471	-1.76720	0.17776	0.06471	0.06471	0.06471
CGC	CTC	GT	1.48531	0.00652	0.01252	-1.48531	0.02879	0.01252	0.01252	0.01252
CGC	CCC	GC	0.07180	0.01989	0.02062	-0.07180	0.02138	0.02062	0.02062	0.02062
CGC	CAC	GA	0.15169	0.08437	0.09093	-0.15169	0.09819	0.09093	0.09093	0.09093
CGC	CGT	CT	-0.86289	0.03036	0.01912	0.86289	0.01281	0.01912	0.01912	0.01912
CGA	CTA	GT	1.91397	0.00118	0.00264	-1.91397	0.00797	0.00264	0.00264	0.00264
CGA	CCA	GC	0.76945	0.00359	0.00514	-0.76945	0.00774	0.00514	0.00514	0.00514
CGA	CAA	GA	0.56276	0.01521	0.01989	-0.56276	0.02670	0.01989	0.01989	0.01989
CGA	CGT	AT	0.75692	0.00118	0.00168	-0.75692	0.00250	0.00168	0.00168	0.00168
CGA	CGC	AC	1.61981	0.00359	0.00724	-1.61981	0.01812	0.00724	0.00724	0.00724
CGG	TGG	CT	2.45428	0.01409	0.03784	-2.45428	0.16403	0.03784	0.03784	0.03784
CGG	CTG	GT	3.07648	0.00303	0.00976	-3.07648	0.06562	0.00976	0.00976	0.00976
CGG	CCG	GC	-1.68270	0.00923	0.00355	1.68270	0.00172	0.00355	0.00355	0.00355
CGG	CAG	GA	1.51812	0.03917	0.07614	-1.51812	0.17874	0.07614	0.07614	0.07614
CGG	CGT	GT	-0.51199	0.00303	0.00232	0.51199	0.00181	0.00232	0.00232	0.00232
CGG	CGC	GC	0.35089	0.00923	0.01095	-0.35089	0.01312	0.01095	0.01095	0.01095
CGG	CGA	GA	-1.26891	0.03917	0.01944	1.26891	0.01101	0.01944	0.01944	0.01944
ATT	TTT	AT	1.91311	0.00375	0.00842	-1.91311	0.02541	0.00842	0.00842	0.00842
ATT	CTT	AC	0.56236	0.01145	0.01496	-0.56236	0.02008	0.01496	0.01496	0.01496
ATC	TTC	AT	1.47949	0.01227	0.02350	-1.47949	0.05386	0.02350	0.02350	0.02350
ATC	CTC	AC	0.06053	0.03743	0.03857	-0.06053	0.03977	0.03857	0.03857	0.03857
ATC	ATT	CT	-0.06926	0.05713	0.05517	0.06926	0.05330	0.05517	0.05517	0.05517
ATA	TTA	AT	-1.26938	0.00287	0.00142	1.26938	0.00081	0.00142	0.00142	0.00142
ATA	CTA	AC	0.22993	0.00874	0.00979	-0.22993	0.01100	0.00979	0.00979	0.00979
ATA	ATT	AT	1.29128	0.00287	0.00510	-1.29128	0.01042	0.00510	0.00510	0.00510
ATA	ATC	AC	1.36054	0.00874	0.01600	-1.36054	0.03409	0.01600	0.01600	0.01600
ATG	TTG	AT	0.18691	0.00876	0.00960	-0.18691	0.01056	0.00960	0.00960	0.00960
ATG	CTG	AC	1.22125	0.02672	0.04628	-1.22125	0.09063	0.04628	0.04628	0.04628
ATG	ATT	GT	-0.14881	0.00876	0.00812	0.14881	0.00755	0.00812	0.00812	0.00812
ATG	ATC	GC	-0.07955	0.02672	0.02567	0.07955	0.02468	0.02567	0.02567	0.02567
ATG	ATA	GA	-1.44010	0.11333	0.05067	1.44010	0.02685	0.05067	0.05067	0.05067
ACT	TCT	AT	1.17391	0.00608	0.01034	-1.17391	0.01968	0.01034	0.01034	0.01034
ACT	CCT	AC	0.21759	0.01857	0.02066	-0.21759	0.02308	0.02066	0.02066	0.02066
ACT	ATT	CT	0.63179	0.02834	0.03823	-0.63179	0.05330	0.03823	0.03823	0.03823
ACC	TCC	AT	1.02459	0.01257	0.02009	-1.02459	0.03502	0.02009	0.02009	0.02009
ACC	CCC	AC	-0.26196	0.03836	0.03356	0.26196	0.02952	0.03356	0.03356	0.03356
ACC	ATC	CT	1.09102	0.05855	0.09619	-1.09102	0.17433	0.09619	0.09619	0.09619
ACC	ACT	CT	0.38997	0.05855	0.07071	-0.38997	0.08648	0.07071	0.07071	0.07071
ACA	TCA	AT	0.25142	0.00518	0.00586	-0.25142	0.00666	0.00586	0.00586	0.00586
ACA	CCA	AC	-0.39171	0.01582	0.01292	0.39171	0.01069	0.01292	0.01292	0.01292
ACA	ATA	CT	0.52288	0.02414	0.03100	-0.52288	0.04072	0.03100	0.03100	0.03100
ACA	ACT	AT	1.18237	0.00518	0.00884	-1.18237	0.01691	0.00884	0.00884	0.00884
ACA	ACC	AC	0.79240	0.01582	0.02290	-0.79240	0.03494	0.02290	0.02290	0.02290
ACG	TCG	AT	-0.98605	0.00588	0.00345	0.98605	0.00219	0.00345	0.00345	0.00345
ACG	CCG	AC	-2.02323	0.01793	0.00553	2.02323	0.00237	0.00553	0.00553	0.00553
ACG	ATG	CT	1.51470	0.02736	0.05313	-1.51470	0.12445	0.05313	0.05313	0.05313
ACG	ACT	GT	0.73410	0.00588	0.00829	-0.73410	0.01224	0.00829	0.00829	0.00829
ACG	ACC	GC	0.34413	0.01793	0.02119	-0.34413	0.02529	0.02119	0.02119	0.02119
ACG	ACA	GA	-0.44828	0.07604	0.06027	0.44828	0.04857	0.06027	0.06027	0.06027
AAT	TAT	AT	1.29248	0.00518	0.00924	-1.29248	0.01888	0.00924	0.00924	0.00924
AAT	CAT	AC	-0.28468	0.01582	0.01367	0.28468	0.01190	0.01367	0.01367	0.01367
AAT	ATT	AT	0.69852	0.00518	0.00720	-0.69852	0.01042	0.00720	0.00720	0.00720
AAT	ACT	AC	0.06672	0.01582	0.01635	-0.06672	0.01691	0.01635	0.01635	0.01635
AAC	TAC	AT	0.91382	0.01130	0.01724	-0.91382	0.02818	0.01724	0.01724	0.01724
AAC	CAC	AC	-0.16904	0.03448	0.03165	0.16904	0.02912	0.03165	0.03165	0.03165
AAC	ATC	AT	1.10404	0.01130	0.01866	-1.10404	0.03409	0.01866	0.01866	0.01866
AAC	ACC	AC	0.01302	0.03448	0.03471	-0.01302	0.03494	0.03471	0.03471	0.03471
AAC	AAT	CT	0.33627	0.05263	0.06197	-0.33627	0.07367	0.06197	0.06197	0.06197
AAA	CAA	AC	0.09210	0.00722	0.00756	-0.09210	0.00792	0.00756	0.00756	0.00756
AAA	ATA	AT	1.21338	0.00237	0.00409	-1.21338	0.00796	0.00409	0.00409	0.00409
AAA	ACA	AC	0.69050	0.00722	0.01000	-0.69050	0.01440	0.01000	0.01000	0.01000
AAA	AAT	AT	1.80615	0.00237	0.00511	-1.80615	0.01440	0.00511	0.00511	0.00511
AAA	AAC	AC	1.46988	0.00722	0.01378	-1.46988	0.03140	0.01378	0.01378	0.01378
AAG	CAG	AC	0.34662	0.03748	0.04435	-0.34662	0.05301	0.04435	0.04435	0.04435
AAG	ATG	AT	0.68372	0.01228	0.01696	-0.68372	0.02433	0.01696	0.01696	0.01696
AAG	ACG	AC	-0.83098	0.03748	0.02404	0.83098	0.01633	0.02404	0.02404	0.02404
AAG	AAT	GT	-0.16361	0.01228	0.01130	0.16361	0.01043	0.01130	0.01130	0.01130
AAG	AAC	GC	-0.49988	0.03748	0.02889	0.49988	0.02274	0.02889	0.02889	0.02889
AAG	AAA	GA	-1.96976	0.15895	0.05075	1.96976	0.02217	0.05075	0.05075	0.05075
AGT	TGT	AT	1.56877	0.00431	0.00855	-1.56877	0.02071	0.00855	0.00855	0.00855
AGT	CGT	AC	-1.65926	0.01316	0.00513	1.65926	0.00250	0.00513	0.00513	0.00513
AGT	ATT	GT	0.55915	0.00431	0.00563	-0.55915	0.00755	0.00563	0.00563	0.00563
AGT	ACT	GC	-0.07264	0.01316	0.01269	0.07264	0.01224	0.01269	0.01269	0.01269
AGT	AAT	GA	-0.13937	0.05583	0.05203	0.13937	0.04857	0.05203	0.05203	0.05203
AGC	TGC	AT	0.86954	0.01457	0.02181	-0.86954	0.03476	0.02181	0.02181	0.02181
AGC	CGC	AC	-0.89767	0.04445	0.02745	0.89767	0.01812	0.02745	0.02745	0.02745
AGC	ATC	GT	0.52711	0.01457	0.01874	-0.52711	0.02468	0.01874	0.01874	0.01874
AGC	ACC	GC	-0.56391	0.04445	0.03309	0.56391	0.02529	0.03309	0.03309	0.03309
AGC	AAC	GA	-0.57693	0.18854	0.13935	0.57693	0.10589	0.13935	0.13935	0.13935
AGC	AGT	CT	-0.10130	0.06785	0.06447	0.10130	0.06131	0.06447	0.06447	0.06447
AGA	CGA	AC	-0.87206	0.00781	0.00489	0.87206	0.00327	0.00489	0.00489	0.00489
AGA	ATA	GT	0.81198	0.00256	0.00374	-0.81198	0.00576	0.00374	0.00374	0.00374
AGA	ACA	GC	0.28910	0.00781	0.00899	-0.28910	0.01043	0.00899	0.00899	0.00899
AGA	AAA	GA	-0.40140	0.03312	0.02692	0.40140	0.02217	0.02692	0.02692	0.02692
AGA	AGT	AT	1.54411	0.00256	0.00502	-1.54411	0.01199	0.00502	0.00502	0.00502
AGA	AGC	AC	1.64541	0.00781	0.01592	-1.64541	0.04048	0.01592	0.01592	0.01592
AGG	TGG	AT	1.48342	0.00728	0.01396	-1.48342	0.03207	0.01396	0.01396	0.01396
AGG	CGG	AC	-0.97086	0.02220	0.01314	0.97086	0.00841	0.01314	0.01314	0.01314
AGG	ATG	GT	0.88437	0.00728	0.01096	-0.88437	0.01762	0.01096	0.01096	0.01096
AGG	ACG	GC	-0.63034	0.02220	0.01594	0.63034	0.01182	0.01594	0.01594	0.01594
AGG	AAG	GA	0.20064	0.09416	0.10393	-0.20064	0.11509	0.10393	0.10393	0.10393
AGG	AGT	GT	0.17640	0.00728	0.00794	-0.17640	0.00868	0.00794	0.00794	0.00794
AGG	AGC	GC	0.27770	0.02220	0.02543	-0.27770	0.02931	0.02543	0.02543	0.02543
AGG	AGA	GA	-1.36771	0.09416	0.04401	1.36771	0.02398	0.04401	0.04401	0.04401
GTT	TTT	GT	1.34413	0.00480	0.00872	-1.34413	0.01840	0.00872	0.00872	0.00872
GTT	CTT	GC	-0.00662	0.01464	0.01459	0.00662	0.01454	0.01459	0.01459	0.01459
GTT	ATT	GA	-0.56899	0.06208	0.04609	0.56899	0.03514	0.04609	0.04609	0.04609
GTC	TTC	GT	1.71486	0.00702	0.01468	-1.71486	0.03899	0.01468	0.01468	0.01468
GTC	CTC	GC	0.29590	0.02142	0.02474	-0.29590	0.02879	0.02474	0.02474	0.02474
GTC	ATC	GA	0.23537	0.09083	0.10194	-0.23537	0.11494	0.10194	0.10194	0.10194
GTC	GTT	CT	0.73510	0.03269	0.04616	-0.73510	0.06817	0.04616	0.04616	0.04616
GTA	TTA	GT	-0.47097	0.00093	0.00073	0.47097	0.00058	0.00073	0.00073	0.00073
GTA	CTA	GC	1.02834	0.00285	0.00456	-1.02834	0.00797	0.00456	0.00456	0.00456
GTA	ATA	GA	0.79841	0.01208	0.01754	-0.79841	0.02685	0.01754	0.01754	0.01754
GTA	GTT	AT	2.65868	0.00093	0.00267	-2.65868	0.01333	0.00267	0.00267	0.00267
GTA	GTC	AC	1.92358	0.00285	0.00642	-1.92358	0.01950	0.00642	0.00642	0.00642
GTG	TTG	GT	-1.13822	0.02386	0.01280	1.13822	0.00764	0.01280	0.01280	0.01280
GTG	CTG	GC	-0.10388	0.07280	0.06908	0.10388	0.06562	0.06908	0.06908	0.06908
GTG	ATG	GA	-1.32513	0.30874	0.14809	1.32513	0.08205	0.14809	0.14809	0.14809
GTG	GTT	GT	-0.90496	0.02386	0.01467	0.90496	0.00965	0.01467	0.01467	0.01467
GTG	GTC	GC	-1.64006	0.07280	0.02873	1.64006	0.01412	0.02873	0.02873	0.02873
GTG	GTA	GA	-3.56364	0.30874	0.03209	3.56364	0.00875	0.03209	0.03209	0.03209
GCT	TCT	GT	0.55934	0.00815	0.01063	-0.55934	0.01425	0.01063	0.01063	0.01063
GCT	CCT	GC	-0.39698	0.02486	0.02025	0.39698	0.01671	0.02025	0.02025	0.02025
GCT	ACT	GA	-0.61457	0.10541	0.07632	0.61457	0.05702	0.07632	0.07632	0.07632
GCT	GTT	CT	0.58621	0.03793	0.05013	-0.58621	0.06817	0.05013	0.05013	0.05013
GCC	TCC	GT	0.11302	0.02265	0.02395	-0.11302	0.02536	0.02395	0.02395	0.02395
GCC	CCC	GC	-1.17353	0.06911	0.03632	1.17353	0.02138	0.03632	0.03632	0.03632
GCC	ACC	GA	-0.91157	0.29312	0.17954	0.91157	0.11780	0.17954	0.17954	0.17954
GCC	GTC	CT	-0.05592	0.10548	0.10256	0.05592	0.09975	0.10256	0.10256	0.10256
GCC	GCT	CT	0.09297	0.10548	0.11046	-0.09297	0.11576	0.11046	0.11046	0.11046
GCA	TCA	GT	-0.34904	0.00684	0.00572	0.34904	0.00483	0.00572	0.00572	0.00572
GCA	CCA	GC	-0.99218	0.02088	0.01221	0.99218	0.00774	0.01221	0.01221	0.01221
GCA	ACA	GA	-0.60047	0.08854	0.06460	0.60047	0.04857	0.06460	0.06460	0.06460
GCA	GTA	CT	-0.87600	0.03186	0.01992	0.87600	0.01327	0.01992	0.01992	0.01992
GCA	GCT	AT	1.19648	0.00684	0.01173	-1.19648	0.02263	0.01173	0.01173	0.01173
GCA	GCC	AC	1.10351	0.02088	0.03447	-1.10351	0.06294	0.03447	0.03447	0.03447
GCG	TCG	GT	-0.49049	0.00259	0.00201	0.49049	0.00159	0.00201	0.00201	0.00201
GCG	CCG	GC	-1.52766	0.00791	0.00335	1.52766	0.00172	0.00335	0.00335	0.00335
GCG	ACG	GA	0.49556	0.03354	0.04254	-0.49556	0.05505	0.04254	0.04254	0.04254
GCG	GTG	CT	3.33539	0.01207	0.04174	-3.33539	0.33904	0.04174	0.04174	0.04174
GCG	GCT	GT	1.84423	0.00259	0.00568	-1.84423	0.01639	0.00568	0.00568	0.00568
GCG	GCC	GC	1.75126	0.00791	0.01676	-1.75126	0.04557	0.01676	0.01676	0.01676
GCG	GCA	GA	0.64775	0.03354	0.04557	-0.64775	0.06410	0.04557	0.04557	0.04557
GAT	TAT	GT	1.68151	0.00254	0.00525	-1.68151	0.01367	0.00525	0.00525	0.00525
GAT	CAT	GC	0.10435	0.00776	0.00817	-0.10435	0.00861	0.00817	0.00817	0.00817
GAT	AAT	GA	0.38903	0.03292	0.03973	-0.38903	0.04857	0.03973	0.03973	0.03973
GAT	GTT	AT	1.65653	0.00254	0.00521	-1.65653	0.01333	0.00521	0.00521	0.00521
GAT	GCT	AC	1.07032	0.00776	0.01264	-1.07032	0.02263	0.01264	0.01264	0.01264
GAC	TAC	GT	0.47659	0.01267	0.01593	-0.47659	0.02040	0.01593	0.01593	0.01593
GAC	CAC	GC	-0.60627	0.03866	0.02812	0.60627	0.02108	0.02812	0.02812	0.02812
GAC	AAC	GA	-0.43723	0.16395	0.13072	0.43723	0.10589	0.13072	0.13072	0.13072
GAC	GTC	AT	0.43144	0.01267	0.01560	-0.43144	0.01950	0.01560	0.01560	0.01560
GAC	GCC	AC	0.48737	0.03866	0.04884	-0.48737	0.06294	0.04884	0.04884	0.04884
GAC	GAT	CT	-0.48998	0.05900	0.04572	0.48998	0.03615	0.04572	0.04572	0.04572
GAA	CAA	GC	-0.92398	0.01444	0.00878	0.92398	0.00573	0.00878	0.00878	0.00878
GAA	AAA	GA	-1.01608	0.06125	0.03531	1.01608	0.02217	0.03531	0.03531	0.03531
GAA	GTA	AT	-0.60111	0.00473	0.00345	0.60111	0.00259	0.00345	0.00345	0.00345
GAA	GCA	AC	0.27489	0.01444	0.01652	-0.27489	0.01901	0.01652	0.01652	0.01652
GAA	GAT	AT	0.40105	0.00473	0.00574	-0.40105	0.00707	0.00574	0.00574	0.00574
GAA	GAC	AC	0.89103	0.01444	0.02182	-0.89103	0.03520	0.02182	0.02182	0.02182
GAG	CAG	GC	-0.10063	0.04244	0.04034	0.10063	0.03838	0.04034	0.04034	0.04034
GAG	AAG	GA	-0.44725	0.18000	0.14273	0.44725	0.11509	0.14273	0.14273	0.14273
GAG	GTG	AT	1.56161	0.01391	0.02749	-1.56161	0.06629	0.02749	0.02749	0.02749
GAG	GCG	AC	-1.77379	0.04244	0.01539	1.77379	0.00720	0.01539	0.01539	0.01539
GAG	GAT	GT	-0.99988	0.01391	0.00809	0.99988	0.00512	0.00809	0.00809	0.00809
GAG	GAC	GC	-0.50990	0.04244	0.03254	0.50990	0.02549	0.03254	0.03254	0.03254
GAG	GAA	GA	-1.40092	0.18000	0.08243	1.40092	0.04435	0.08243	0.08243	0.08243
GGT	TGT	GT	1.32340	0.00399	0.00720	-1.32340	0.01499	0.00720	0.00720	0.00720
GGT	CGT	GC	-1.90463	0.01218	0.00406	1.90463	0.00181	0.00406	0.00406	0.00406
GGT	AGT	GA	-0.24537	0.05167	0.04559	0.24537	0.04042	0.04559	0.04559	0.04559
GGT	GTT	GT	0.88276	0.00399	0.00601	-0.88276	0.00965	0.00601	0.00601	0.00601
GGT	GCT	GC	0.29656	0.01218	0.01408	-0.29656	0.01639	0.01408	0.01408	0.01408
GGT	GAT	GA	-0.77377	0.05167	0.03423	0.77377	0.02383	0.03423	0.03423	0.03423
GGC	TGC	GT	0.48241	0.01553	0.01958	-0.48241	0.02516	0.01958	0.01958	0.01958
GGC	CGC	GC	-1.28479	0.04740	0.02330	1.28479	0.01312	0.02330	0.02330	0.02330
GGC	AGC	GA	-0.38712	0.20104	0.16463	0.38712	0.13650	0.16463	0.16463	0.16463
GGC	GTC	GT	-0.09539	0.01553	0.01480	0.09539	0.01412	0.01480	0.01480	0.01480
GGC	GCC	GC	-0.03946	0.04740	0.04647	0.03946	0.04557	0.04647	0.04647	0.04647
GGC	GAC	GA	-0.52683	0.20104	0.15271	0.52683	0.11871	0.15271	0.15271	0.15271
GGC	GGT	CT	-0.24305	0.07235	0.06391	0.24305	0.05674	0.06391	0.06391	0.06391
GGA	CGA	GC	-1.47320	0.01032	0.00452	1.47320	0.00236	0.00452	0.00452	0.00452
GGA	AGA	GA	-0.60113	0.04375	0.03191	0.60113	0.02398	0.03191	0.03191	0.03191
GGA	GTA	GT	-0.58757	0.00338	0.00248	0.58757	0.00188	0.00248	0.00248	0.00248
GGA	GCA	GC	0.28843	0.01032	0.01187	-0.28843	0.01376	0.01187	0.01187	0.01187
GGA	GAA	GA	0.01354	0.04375	0.04405	-0.01354	0.04435	0.04405	0.04405	0.04405
GGA	GGT	AT	1.18835	0.00338	0.00578	-1.18835	0.01109	0.00578	0.00578	0.00578
GGA	GGC	AC	1.43140	0.01032	0.01940	-1.43140	0.04317	0.01940	0.01940	0.01940
GGG	TGG	GT	0.63823	0.01227	0.01659	-0.63823	0.02322	0.01659	0.01659	0.01659
GGG	CGG	GC	-1.81606	0.03743	0.01321	1.81606	0.00609	0.01321	0.01321	0.01321
GGG	AGG	GA	-0.84520	0.15875	0.10100	0.84520	0.06818	0.10100	0.10100	0.10100
GGG	GTG	GT	1.36430	0.01227	0.02248	-1.36430	0.04800	0.02248	0.02248	0.02248
GGG	GCG	GC	-1.97109	0.03743	0.01194	1.97109	0.00521	0.01194	0.01194	0.01194
GGG	GAG	GA	-0.19731	0.15875	0.14360	0.19731	0.13032	0.14360	0.14360	0.14360
GGG	GGT	GT	-0.42342	0.01227	0.00985	0.42342	0.00803	0.00985	0.00985	0.00985
GGG	GGC	GC	-0.18037	0.03743	0.03416	0.18037	0.03125	0.03416	0.03416	0.03416
GGG	GGA	GA	-1.61177	0.15875	0.06378	1.61177	0.03168	0.06378	0.06378	0.06378


Histograms
2Ns	FMut	FSub(CodonUsage)	FSubw(after w)

-4.53255	0.02325	0.00122	0.00122
-4.07929	0.00256	0.00022	0.00022
-3.62604	0.01468	0.00191	0.00191
-3.17278	0.02952	0.00485	0.00485
-2.71953	0.00691	0.00159	0.00159
-2.26627	0.04277	0.01321	0.01321
-1.81302	0.05258	0.02404	0.02404
-1.35976	0.17793	0.10326	0.10326
-0.90651	0.11434	0.08716	0.08716
-0.45325	0.18077	0.17833	0.17833
0.00000	0.13471	0.16841	0.16841
0.45325	0.11435	0.17833	0.17833
0.90651	0.04552	0.08716	0.08716
1.35976	0.04477	0.10326	0.10326
1.81302	0.00904	0.02404	0.02404
2.26627	0.00406	0.01321	0.01321
2.71953	0.00043	0.00159	0.00159
3.17278	0.00115	0.00485	0.00485
3.62604	0.00042	0.00191	0.00191
4.07929	0.00004	0.00022	0.00022
4.53255	0.00020	0.00122	0.00122

Proportion of advantageous (S > 0) mutations:
 0.28332

Proportions of good & bad mutations (|S| > 2.0000) among mutations:
0.00641  0.12055

mean |Ns| = 1.12300	mean Ns+ = 0.68830	mean Ns- = -1.29485

