

TREE # 1

  0  0.0000  13296.547492  x:  0.26247   0.00852   0.24163   0.04696   0.12829   0.06323   0.06122   0.05600   0.08518   0.02508   0.02306   0.00075   0.10757   0.08304   0.12050   0.08695   0.00343   0.00216   0.05327   0.03268   0.00957   0.00716   0.04537   0.04756   0.04883   0.05531   0.00440   0.02180   0.00942   0.00911   0.00134   0.00647   0.00547   0.00518   0.00416   0.00529   0.00867   0.00355   0.00428   0.00649   0.00896   0.01638   0.00341   0.00255   0.00545   0.01817   0.01782   0.02236   0.03094   0.01303   0.00973   0.00774   0.02614   0.00071   0.00645   0.01816   0.01570   0.00124   0.00861   0.00572   0.00378   0.00219   0.97509   0.84319   0.91843   0.92950   1.14928   1.17658  
  1 99.0000  13278.771390  x:  0.26229   0.01319   0.24195   0.04835   0.12828   0.06318   0.06098   0.05660   0.08546   0.02530   0.02288   0.01935   0.10747   0.08370   0.12130   0.08720   0.00374   0.00844   0.05364   0.03207   0.00960   0.00716   0.04584   0.04763   0.04926   0.05563   0.00657   0.02205   0.00942   0.00934   0.00077   0.00607   0.00592   0.00592   0.00346   0.00705   0.00778   0.00358   0.00483   0.00608   0.00881   0.01599   0.00364   0.00221   0.00700   0.01859   0.01744   0.02300   0.03101   0.01310   0.00962   0.00794   0.02606   0.00406   0.00609   0.01827   0.01546   0.00158   0.00881   0.00701   0.00411   0.00169   0.97920   0.84299   0.91882   0.92949   1.14649   1.17656  
  2 3628.0399  13271.625079  x:  0.26201   0.01694   0.24237   0.04988   0.12824   0.06319   0.06059   0.05691   0.08550   0.02566   0.02254   0.02083   0.10709   0.08420   0.12223   0.08748   0.00381   0.00781   0.05406   0.03128   0.00962   0.00717   0.04628   0.04768   0.04982   0.05602   0.00694   0.02231   0.00942   0.00950   0.00388   0.00590   0.00604   0.00606   0.00355   0.00740   0.00716   0.00357   0.00481   0.00590   0.00854   0.01558   0.00356   0.00260   0.00739   0.01902   0.01703   0.02364   0.03109   0.01316   0.00954   0.00808   0.02595   0.00046   0.00591   0.01837   0.01525   0.00079   0.00888   0.00737   0.00422   0.00217   0.98460   0.84271   0.91933   0.92947   1.14280   1.17653  
  3 1367.9585  13245.762887  x:  0.26024   0.03640   0.24485   0.05855   0.12794   0.06332   0.05826   0.05851   0.08556   0.02777   0.02057   0.01993   0.10472   0.08702   0.12765   0.08912   0.00398   0.00092   0.05654   0.02670   0.00971   0.00718   0.04879   0.04800   0.05312   0.05829   0.00761   0.02372   0.00941   0.01018   0.00834   0.00536   0.00628   0.00626   0.00418   0.00811   0.00461   0.00352   0.00445   0.00535   0.00714   0.01347   0.00320   0.00323   0.00839   0.02129   0.01482   0.02713   0.03155   0.01349   0.00915   0.00865   0.02536   0.00453   0.00539   0.01898   0.01418   0.00446   0.00928   0.00838   0.00420   0.00280   1.01760   0.84104   0.92245   0.92937   1.12020   1.17637  
  4 3093.0493  13189.915226  x:  0.25390   0.09423   0.25316   0.08596   0.12686   0.06380   0.05061   0.06332   0.08558   0.03412   0.01476   0.00358   0.09656   0.09620   0.14543   0.09442   0.00466   0.01934   0.06469   0.01312   0.00987   0.00720   0.05688   0.04909   0.06367   0.06561   0.00729   0.02764   0.00947   0.01139   0.00993   0.00529   0.00614   0.00582   0.00467   0.00784   0.00410   0.00353   0.00385   0.00532   0.00447   0.00839   0.00343   0.00178   0.00891   0.02748   0.00921   0.03715   0.03285   0.01429   0.00838   0.00951   0.02372   0.00993   0.00531   0.02058   0.01142   0.00922   0.00974   0.00907   0.00276   0.00188   1.13181   0.83521   0.93328   0.92904   1.04148   1.17581  
  5 10360.4565  13142.265401  x:  0.25035   0.11534   0.25690   0.09622   0.12629   0.06410   0.04807   0.06509   0.08582   0.03521   0.01608   0.00145   0.09313   0.10013   0.15308   0.09638   0.00480   0.01835   0.06768   0.01621   0.00970   0.00719   0.05900   0.04943   0.06731   0.06814   0.00630   0.02769   0.00963   0.01027   0.00000   0.00662   0.00562   0.00555   0.00282   0.00619   0.01145   0.00364   0.00565   0.00667   0.01005   0.01398   0.00387   0.00434   0.00676   0.02765   0.01402   0.03871   0.03296   0.01402   0.00917   0.00837   0.02382   0.00762   0.00657   0.02040   0.01298   0.00544   0.00866   0.00690   0.00530   0.00351   1.19227   0.83206   0.93909   0.92888   0.99846   1.17551  
  6 6800.4696  13125.630038  x:  0.24797   0.12694   0.25925   0.10215   0.12591   0.06430   0.04665   0.06609   0.08599   0.03554   0.01761   0.00000   0.09100   0.10254   0.15778   0.09752   0.00485   0.01901   0.06943   0.01978   0.00953   0.00718   0.06005   0.04961   0.06937   0.06957   0.00527   0.02737   0.00976   0.00920   0.00027   0.00784   0.00513   0.00524   0.00121   0.00465   0.01790   0.00374   0.00712   0.00790   0.01476   0.01888   0.00434   0.00584   0.00475   0.02720   0.01834   0.03905   0.03292   0.01373   0.00990   0.00731   0.02405   0.00934   0.00773   0.02011   0.01449   0.00299   0.00773   0.00487   0.00719   0.00420   1.23206   0.82998   0.94293   0.92877   0.96992   1.17531  
  7 32055.5196  13125.630038  x:  0.24797   0.12694   0.25925   0.10215   0.12591   0.06430   0.04665   0.06609   0.08599   0.03554   0.01761   0.00000   0.09100   0.10254   0.15778   0.09752   0.00485   0.01901   0.06943   0.01978   0.00953   0.00718   0.06005   0.04961   0.06937   0.06957   0.00527   0.02737   0.00976   0.00920   0.00027   0.00784   0.00513   0.00524   0.00121   0.00465   0.01790   0.00374   0.00712   0.00790   0.01476   0.01888   0.00434   0.00584   0.00475   0.02720   0.01834   0.03905   0.03292   0.01373   0.00990   0.00731   0.02405   0.00934   0.00773   0.02011   0.01449   0.00299   0.00773   0.00487   0.00719   0.00420   1.23206   0.82998   0.94293   0.92877   0.96992   1.17531  
  8 10578.3724  13107.687647  x:  0.24782   0.12493   0.25907   0.10098   0.12592   0.06432   0.04729   0.06602   0.08623   0.03472   0.01834   0.01343   0.09149   0.10239   0.15733   0.09723   0.00451   0.01685   0.06891   0.02091   0.00957   0.00718   0.05936   0.04952   0.06872   0.06906   0.00583   0.02686   0.00950   0.00932   0.01155   0.00702   0.00570   0.00570   0.00790   0.00649   0.01583   0.00358   0.00597   0.00705   0.01347   0.01822   0.00372   0.00381   0.00641   0.02629   0.01797   0.03788   0.03278   0.01360   0.00976   0.00756   0.02428   0.00638   0.00694   0.01985   0.01459   0.00139   0.00817   0.00650   0.00567   0.00243   1.23401   0.82985   0.94316   0.92877   0.96786   1.17529  
  9 5001.5619  13089.212069  x:  0.24751   0.12067   0.25874   0.09855   0.12589   0.06439   0.04851   0.06543   0.08628   0.03319   0.01944   0.01646   0.09210   0.10175   0.15639   0.09663   0.00398   0.01252   0.06783   0.02291   0.00962   0.00718   0.05798   0.04934   0.06742   0.06803   0.00645   0.02588   0.00915   0.00950   0.00856   0.00583   0.00613   0.00609   0.00603   0.00759   0.01180   0.00352   0.00437   0.00585   0.01103   0.01701   0.00330   0.00091   0.00753   0.02453   0.01728   0.03550   0.03251   0.01338   0.00956   0.00791   0.02468   0.00051   0.00583   0.01939   0.01481   0.00069   0.00881   0.00760   0.00361   0.00044   1.23809   0.82957   0.94363   0.92877   0.96354   1.17527  
 10 1921.4140  13086.691800  x:  0.24745   0.11979   0.25867   0.09804   0.12588   0.06440   0.04875   0.06531   0.08629   0.03288   0.01965   0.01712   0.09223   0.10162   0.15620   0.09651   0.00389   0.01166   0.06761   0.02329   0.00962   0.00718   0.05770   0.04930   0.06716   0.06782   0.00656   0.02568   0.00910   0.00953   0.00803   0.00565   0.00619   0.00614   0.00574   0.00776   0.01102   0.00352   0.00415   0.00566   0.01057   0.01677   0.00326   0.00106   0.00771   0.02419   0.01715   0.03502   0.03246   0.01334   0.00953   0.00797   0.02475   0.00010   0.00567   0.01930   0.01486   0.00082   0.00890   0.00777   0.00338   0.00100   1.23894   0.82951   0.94373   0.92878   0.96265   1.17526  
 11 5753.6502  13070.102764  x:  0.24690   0.11217   0.25807   0.09370   0.12582   0.06453   0.05085   0.06427   0.08638   0.03021   0.02146   0.02276   0.09332   0.10048   0.15453   0.09547   0.00310   0.00420   0.06570   0.02662   0.00970   0.00717   0.05530   0.04899   0.06487   0.06599   0.00748   0.02400   0.00861   0.00979   0.00334   0.00401   0.00677   0.00666   0.00312   0.00933   0.00423   0.00345   0.00211   0.00400   0.00654   0.01475   0.00286   0.00115   0.00933   0.02118   0.01602   0.03086   0.03203   0.01300   0.00923   0.00852   0.02539   0.00080   0.00417   0.01854   0.01527   0.00140   0.00977   0.00933   0.00113   0.00358   1.24627   0.82901   0.94457   0.92878   0.95488   1.17521  
 12 29985.7030  13063.345118  x:  0.24659   0.10789   0.25775   0.09129   0.12579   0.06459   0.05192   0.06371   0.08641   0.02886   0.02225   0.02537   0.09390   0.09985   0.15361   0.09491   0.00295   0.00152   0.06467   0.02815   0.00972   0.00717   0.05406   0.04884   0.06363   0.06505   0.00779   0.02318   0.00857   0.00986   0.00099   0.00415   0.00684   0.00672   0.00277   0.00971   0.00262   0.00348   0.00349   0.00416   0.00519   0.01392   0.00309   0.00224   0.00973   0.01978   0.01556   0.02871   0.03178   0.01288   0.00915   0.00865   0.02573   0.00076   0.00428   0.01821   0.01536   0.00143   0.01005   0.00971   0.00360   0.00290   1.25041   0.82873   0.94505   0.92879   0.95047   1.17518  
 13 4685.8754  13058.872033  x:  0.24641   0.10527   0.25755   0.08984   0.12576   0.06462   0.05253   0.06336   0.08641   0.02812   0.02265   0.02634   0.09423   0.09947   0.15306   0.09458   0.00296   0.00202   0.06407   0.02897   0.00973   0.00717   0.05336   0.04877   0.06290   0.06450   0.00792   0.02274   0.00862   0.00988   0.00014   0.00438   0.00680   0.00668   0.00262   0.00975   0.00326   0.00350   0.00368   0.00439   0.00484   0.01354   0.00322   0.00235   0.00978   0.01905   0.01534   0.02749   0.03165   0.01283   0.00913   0.00869   0.02589   0.00077   0.00449   0.01805   0.01540   0.00143   0.01013   0.00975   0.00353   0.00292   1.25295   0.82855   0.94534   0.92879   0.94775   1.17516  
 14 3881.0415  13045.044063  x:  0.24574   0.09559   0.25684   0.08447   0.12568   0.06474   0.05477   0.06204   0.08638   0.02538   0.02408   0.02733   0.09541   0.09800   0.15100   0.09335   0.00299   0.00302   0.06186   0.03196   0.00975   0.00716   0.05079   0.04849   0.06023   0.06248   0.00831   0.02113   0.00880   0.00994   0.00051   0.00518   0.00662   0.00652   0.00041   0.00963   0.00486   0.00361   0.00450   0.00520   0.00354   0.01216   0.00375   0.00277   0.00978   0.01637   0.01455   0.02300   0.03117   0.01264   0.00908   0.00884   0.02650   0.00080   0.00520   0.01746   0.01557   0.00163   0.01042   0.00970   0.00362   0.00285   1.26235   0.82790   0.94642   0.92881   0.93771   1.17510  
 15 19072.6577  13018.851431  x:  0.24394   0.06970   0.25496   0.07017   0.12544   0.06507   0.06067   0.05844   0.08621   0.01826   0.02774   0.02522   0.09848   0.09405   0.14553   0.09011   0.00301   0.00416   0.05597   0.03973   0.00980   0.00715   0.04397   0.04776   0.05313   0.05713   0.00926   0.01695   0.00929   0.01008   0.00113   0.00686   0.00607   0.00605   0.00271   0.00883   0.00730   0.00387   0.00587   0.00689   0.00099   0.00872   0.00493   0.00319   0.00937   0.00954   0.01257   0.01129   0.02992   0.01218   0.00895   0.00921   0.02808   0.00085   0.00674   0.01595   0.01601   0.00241   0.01111   0.00917   0.00314   0.00280   1.28751   0.82617   0.94931   0.92884   0.91082   1.17493  
 16 30007.6652  13008.620999  x:  0.24300   0.05596   0.25398   0.06269   0.12532   0.06521   0.06365   0.05663   0.08613   0.01503   0.02950   0.02485   0.10009   0.09200   0.14265   0.08845   0.00302   0.00416   0.05297   0.04350   0.00981   0.00715   0.04058   0.04739   0.04951   0.05448   0.00972   0.01513   0.00958   0.01012   0.00124   0.00733   0.00586   0.00587   0.00309   0.00845   0.00766   0.00389   0.00615   0.00735   0.00545   0.00771   0.00512   0.00323   0.00914   0.00722   0.01186   0.00638   0.02932   0.01201   0.00894   0.00935   0.02882   0.00088   0.00717   0.01533   0.01617   0.00237   0.01132   0.00888   0.00305   0.00295   1.30099   0.82523   0.95086   0.92886   0.89635   1.17484  
 17 18843.6943  12967.639325  x:  0.24054   0.01881   0.25150   0.04345   0.12510   0.06542   0.07049   0.05239   0.08601   0.01196   0.03257   0.02460   0.10416   0.08675   0.13510   0.08449   0.00338   0.00551   0.04602   0.05078   0.00973   0.00714   0.03352   0.04667   0.04130   0.04890   0.00882   0.01422   0.01027   0.00982   0.00136   0.00695   0.00567   0.00568   0.00338   0.00694   0.00741   0.00334   0.00526   0.00697   0.00596   0.01194   0.00341   0.00284   0.00757   0.01471   0.01286   0.01142   0.02830   0.01221   0.00942   0.00922   0.03001   0.00100   0.00688   0.01520   0.01597   0.00000   0.01050   0.00731   0.00473   0.00386   1.33886   0.82259   0.95521   0.92893   0.85528   1.17461  
 18 6382.6691  12963.725357  x:  0.24000   0.01066   0.25095   0.03925   0.12505   0.06546   0.07198   0.05147   0.08599   0.01138   0.03323   0.02467   0.10505   0.08560   0.13344   0.08363   0.00346   0.00582   0.04451   0.05235   0.00971   0.00714   0.03201   0.04651   0.03952   0.04770   0.00861   0.01408   0.01041   0.00976   0.00138   0.00685   0.00564   0.00565   0.00345   0.00664   0.00737   0.00323   0.00506   0.00688   0.00611   0.01289   0.00304   0.00262   0.00725   0.01638   0.01310   0.01261   0.02809   0.01227   0.00952   0.00918   0.03026   0.00101   0.00681   0.01520   0.01593   0.00091   0.01031   0.00698   0.00509   0.00379   1.34724   0.82200   0.95618   0.92895   0.84618   1.17455  
 19 110821.7518  12946.879444  x:  0.23914   0.00000   0.24996   0.03436   0.12522   0.06523   0.07397   0.05094   0.08604   0.02148   0.03251   0.02444   0.10692   0.08330   0.13018   0.08244   0.00330   0.00525   0.04375   0.05253   0.00967   0.00715   0.03398   0.04644   0.03859   0.04712   0.00724   0.01918   0.00979   0.00961   0.00140   0.00629   0.00623   0.00619   0.00352   0.00803   0.00769   0.00506   0.00607   0.00632   0.00640   0.01167   0.00690   0.00546   0.00767   0.01262   0.01478   0.01409   0.02867   0.01278   0.00950   0.00839   0.02954   0.00081   0.00628   0.01692   0.01535   0.00068   0.00941   0.00784   0.00268   0.00215   1.37417   0.82006   0.95930   0.92903   0.81591   1.17438  
 20 2448.8407  12872.771647  x:  0.23707   0.00592   0.24665   0.02165   0.12594   0.06451   0.08159   0.04894   0.08601   0.03318   0.02992   0.02412   0.11386   0.07505   0.12015   0.07822   0.00290   0.00655   0.04055   0.05461   0.00965   0.00715   0.03788   0.04607   0.03474   0.04430   0.00599   0.02615   0.00877   0.00951   0.00145   0.00586   0.00585   0.00584   0.00353   0.00835   0.00813   0.00126   0.00384   0.00585   0.00635   0.01000   0.00345   0.00000   0.00804   0.00766   0.01711   0.01464   0.03007   0.01356   0.00928   0.00752   0.02771   0.00123   0.00592   0.01984   0.01429   0.00066   0.00860   0.00822   0.00816   0.00549   1.47444   0.81281   0.97093   0.92933   0.70279   1.17371  
 21 4611.5256  12858.186922  x:  0.23656   0.00770   0.24582   0.01845   0.12611   0.06433   0.08353   0.04842   0.08600   0.03575   0.02932   0.02398   0.11561   0.07297   0.11764   0.07715   0.00278   0.00701   0.03972   0.05521   0.00964   0.00715   0.03876   0.04597   0.03374   0.04356   0.00575   0.02772   0.00852   0.00949   0.00147   0.00564   0.00576   0.00575   0.00355   0.00842   0.00817   0.00019   0.00284   0.00562   0.00635   0.00966   0.00228   0.00007   0.00816   0.00663   0.01764   0.01479   0.03040   0.01374   0.00922   0.00735   0.02728   0.00125   0.00573   0.02052   0.01405   0.00066   0.00846   0.00833   0.00907   0.00549   1.49958   0.81099   0.97385   0.92941   0.67443   1.17354  
 22 279687.7012  12835.391522  x:  0.23572   0.01084   0.24446   0.01337   0.12640   0.06404   0.08671   0.04757   0.08598   0.03954   0.02835   0.02379   0.11847   0.06959   0.11356   0.07541   0.00260   0.00776   0.03835   0.05624   0.00964   0.00715   0.04010   0.04581   0.03210   0.04234   0.00544   0.03008   0.00814   0.00948   0.00151   0.00530   0.00560   0.00560   0.00358   0.00847   0.00820   0.00140   0.00124   0.00526   0.00638   0.00921   0.00029   0.00015   0.00834   0.00534   0.01844   0.01502   0.03091   0.01400   0.00912   0.00711   0.02661   0.00127   0.00544   0.02155   0.01367   0.00067   0.00828   0.00847   0.01052   0.00549   1.54063   0.80802   0.97861   0.92953   0.62811   1.17327  
 23 300667.6185  12814.924084  x:  0.23493   0.01428   0.24318   0.00907   0.12668   0.06378   0.08976   0.04677   0.08596   0.04207   0.02750   0.02370   0.12117   0.06643   0.10973   0.07377   0.00243   0.00842   0.03703   0.05734   0.00964   0.00715   0.04109   0.04565   0.03054   0.04117   0.00538   0.03177   0.00787   0.00948   0.00154   0.00489   0.00544   0.00545   0.00364   0.00839   0.00792   0.00215   0.00019   0.00483   0.00649   0.00910   0.00225   0.00020   0.00850   0.00537   0.01902   0.01528   0.03134   0.01419   0.00904   0.00703   0.02604   0.00127   0.00509   0.02233   0.01342   0.00072   0.00825   0.00853   0.01131   0.00542   1.57967   0.80519   0.98314   0.92965   0.58402   1.17301  
 24 126819.4267  12785.854488  x:  0.23360   0.02026   0.24100   0.00212   0.12715   0.06333   0.09496   0.04543   0.08594   0.04604   0.02612   0.02348   0.12579   0.06107   0.10323   0.07099   0.00209   0.00962   0.03480   0.05930   0.00965   0.00715   0.04269   0.04537   0.02791   0.03917   0.00539   0.03447   0.00740   0.00952   0.00159   0.00389   0.00524   0.00526   0.00376   0.00833   0.00708   0.00320   0.00196   0.00380   0.00673   0.00902   0.00443   0.00027   0.00886   0.00589   0.01995   0.01580   0.03205   0.01447   0.00888   0.00697   0.02509   0.00128   0.00422   0.02359   0.01304   0.00079   0.00828   0.00871   0.01090   0.00541   1.64623   0.80037   0.99085   0.92987   0.50885   1.17257  
 25 396399.5972  12671.123197  x:  0.22941   0.02782   0.23460   0.01244   0.12877   0.06193   0.11077   0.04239   0.08597   0.05590   0.02273   0.02298   0.13961   0.04587   0.08369   0.06296   0.00203   0.01073   0.02864   0.06577   0.00968   0.00715   0.04580   0.04457   0.02113   0.03352   0.00641   0.04054   0.00717   0.00962   0.00166   0.00463   0.00515   0.00519   0.00400   0.00783   0.00578   0.00430   0.00309   0.00466   0.00713   0.00901   0.00622   0.00036   0.00921   0.01063   0.02149   0.01424   0.03369   0.01493   0.00855   0.00734   0.02297   0.00128   0.00467   0.02619   0.01262   0.00096   0.00866   0.00867   0.01031   0.00539   1.84879   0.78565   1.01427   0.93059   0.27979   1.17121  
 26 53202.3049  12646.785860  x:  0.22957   0.02586   0.23443   0.00940   0.12934   0.06123   0.11108   0.04546   0.08652   0.05285   0.02177   0.02321   0.14107   0.05152   0.08499   0.06589   0.00395   0.00553   0.03654   0.06351   0.00967   0.00721   0.04619   0.04526   0.03387   0.03978   0.00750   0.03687   0.00980   0.00958   0.00155   0.00772   0.00661   0.00652   0.00393   0.00748   0.00870   0.00387   0.00270   0.00764   0.00716   0.01263   0.00557   0.00032   0.00747   0.00872   0.01877   0.01594   0.03328   0.01399   0.00907   0.00873   0.02420   0.00121   0.00797   0.02369   0.01474   0.00093   0.00912   0.00745   0.00774   0.00525   1.89960   0.78154   1.01962   0.93140   0.22705   1.17086  
 27 4678.1839  12639.148752  x:  0.23041   0.02352   0.23530   0.00952   0.12972   0.06088   0.10933   0.04785   0.08695   0.05103   0.02160   0.02298   0.14055   0.05614   0.08831   0.06838   0.00128   0.00772   0.03952   0.06050   0.00964   0.00718   0.04651   0.04563   0.03650   0.04274   0.00591   0.03440   0.00829   0.00950   0.00162   0.00435   0.00440   0.00448   0.00391   0.00766   0.00860   0.00380   0.00264   0.00437   0.00700   0.00960   0.00542   0.00032   0.00790   0.00945   0.01806   0.01485   0.03293   0.01380   0.00923   0.00752   0.02483   0.00126   0.00466   0.02244   0.01425   0.00090   0.00846   0.00791   0.00976   0.00534   1.91852   0.77971   1.02121   0.93215   0.21556   1.17074  
 28 1682.1599  12633.199420  x:  0.23222   0.02179   0.23722   0.00916   0.13036   0.06050   0.10565   0.05089   0.08760   0.04942   0.02175   0.02257   0.13905   0.06138   0.09415   0.07172   0.00663   0.01125   0.03994   0.05509   0.00965   0.00717   0.04738   0.04633   0.03387   0.04460   0.00589   0.03187   0.00610   0.00953   0.00161   0.00427   0.00686   0.00671   0.00383   0.00820   0.00512   0.00374   0.00257   0.00429   0.00680   0.00729   0.00530   0.00031   0.00939   0.00996   0.01870   0.01391   0.03270   0.01408   0.00904   0.00649   0.02501   0.00127   0.00347   0.02184   0.01258   0.00088   0.00805   0.00907   0.01084   0.00537   1.94420   0.77697   1.02298   0.93361   0.21044   1.17057  
 29 1383.2332  12619.515021  x:  0.23671   0.01968   0.24196   0.00870   0.13188   0.05988   0.09691   0.05643   0.08897   0.04739   0.02265   0.02238   0.13528   0.07008   0.10691   0.07799   0.00447   0.01275   0.03779   0.04286   0.00970   0.00717   0.04893   0.04721   0.02411   0.04589   0.00716   0.02813   0.00779   0.00971   0.00151   0.00462   0.00562   0.00557   0.00361   0.00935   0.00183   0.00368   0.00254   0.00463   0.00635   0.01088   0.00528   0.00030   0.01171   0.00826   0.02074   0.01322   0.03258   0.01483   0.00846   0.00729   0.02475   0.00121   0.00900   0.02180   0.01054   0.00085   0.00863   0.01084   0.01012   0.00522   2.00288   0.77051   1.02672   0.93726   0.20751   1.17018  
 30 2730.5269  12608.726165  x:  0.24115   0.01847   0.24661   0.00827   0.13337   0.05945   0.08857   0.06101   0.09021   0.04524   0.02387   0.02187   0.13159   0.07698   0.11880   0.08349   0.00348   0.00812   0.03472   0.03192   0.00977   0.00718   0.05000   0.04796   0.01485   0.04599   0.00827   0.02501   0.00830   0.00992   0.00148   0.00434   0.00633   0.00626   0.00358   0.01041   0.00690   0.00360   0.00249   0.00444   0.00618   0.01186   0.00515   0.00030   0.01377   0.00846   0.02251   0.01320   0.03253   0.01544   0.00790   0.00808   0.02440   0.00122   0.00910   0.02205   0.00982   0.00084   0.00942   0.01236   0.00911   0.00536   2.06138   0.76402   1.03040   0.94096   0.20687   1.16980  
 31 9653.4399  12584.479103  x:  0.24910   0.01724   0.25481   0.00816   0.13598   0.05981   0.07522   0.06405   0.09172   0.04227   0.02626   0.02325   0.12522   0.07983   0.13586   0.08987   0.00043   0.00645   0.02787   0.02013   0.00969   0.00723   0.04961   0.04837   0.01734   0.04072   0.00664   0.02458   0.00989   0.00956   0.00130   0.01072   0.00456   0.00467   0.00332   0.00749   0.00562   0.00364   0.00254   0.01024   0.00615   0.00800   0.00527   0.00030   0.01113   0.00809   0.02387   0.01465   0.03284   0.01608   0.00805   0.00865   0.02333   0.00109   0.00265   0.02435   0.01627   0.00078   0.00947   0.00922   0.00678   0.00476   2.17444   0.75127   1.03728   0.94835   0.21586   1.16906  
 32 4030.9894  12557.523618  x:  0.25925   0.01626   0.26518   0.00931   0.13917   0.06100   0.05948   0.06545   0.09312   0.03969   0.02875   0.02470   0.11720   0.07945   0.15497   0.09604   0.00708   0.00403   0.02479   0.01500   0.00963   0.00723   0.04840   0.04859   0.02558   0.03413   0.00418   0.02651   0.00978   0.00929   0.00118   0.00614   0.00165   0.00193   0.00308   0.00584   0.00679   0.00383   0.00275   0.00550   0.00597   0.00609   0.00560   0.00032   0.00673   0.00831   0.02351   0.01408   0.03330   0.01590   0.00862   0.00803   0.02247   0.00097   0.00849   0.02688   0.02115   0.00075   0.00872   0.00558   0.00568   0.00423   2.32405   0.73421   1.04624   0.95831   0.23238   1.16808  
 33 9694.3606  12538.408078  x:  0.26650   0.01555   0.27258   0.01055   0.14137   0.06208   0.04882   0.06595   0.09395   0.03809   0.03007   0.02479   0.11146   0.07861   0.16796   0.09987   0.00518   0.00496   0.02562   0.01481   0.00960   0.00722   0.04740   0.04846   0.03164   0.03074   0.00422   0.02812   0.01000   0.00919   0.00122   0.00218   0.00692   0.00553   0.00308   0.00570   0.00721   0.00405   0.00296   0.00187   0.00580   0.00802   0.00598   0.00033   0.00435   0.00775   0.02253   0.01292   0.03358   0.01544   0.00908   0.00766   0.02219   0.00099   0.01080   0.02821   0.02354   0.00074   0.00816   0.00450   0.00676   0.00423   2.43266   0.72173   1.05268   0.96564   0.24543   1.16737  
 34 23981.3397  12499.545922  x:  0.28217   0.01475   0.28853   0.01137   0.14574   0.06521   0.02896   0.06608   0.09510   0.03731   0.03085   0.02231   0.09913   0.07649   0.19397   0.10655   0.00271   0.00524   0.03894   0.02721   0.00971   0.00713   0.04626   0.04803   0.04125   0.03149   0.00869   0.03236   0.00452   0.00974   0.00143   0.00123   0.00608   0.00577   0.00355   0.01229   0.00875   0.00431   0.00311   0.00780   0.00625   0.01179   0.00622   0.00035   0.01110   0.01257   0.01848   0.01117   0.03406   0.01326   0.00967   0.00571   0.02294   0.00115   0.01216   0.02867   0.02041   0.00084   0.00697   0.01319   0.00745   0.00496   2.67288   0.69377   1.06670   0.98217   0.27747   1.16578  
 35 15967.6223  12489.981134  x:  0.28719   0.01468   0.29363   0.01190   0.14704   0.06650   0.02480   0.06603   0.09532   0.03713   0.03055   0.02171   0.09535   0.07614   0.20187   0.10830   0.00228   0.00520   0.04417   0.03187   0.00975   0.00711   0.04612   0.04791   0.04306   0.03368   0.00886   0.03340   0.00432   0.00991   0.00148   0.00750   0.00568   0.00562   0.00369   0.01400   0.00921   0.00444   0.00323   0.00337   0.00647   0.01237   0.00641   0.00036   0.01259   0.01347   0.01694   0.01144   0.03410   0.01257   0.00972   0.00583   0.02350   0.00120   0.01190   0.02804   0.01764   0.00088   0.00711   0.01518   0.00752   0.00517   2.75191   0.68446   1.07124   0.98770   0.28858   1.16526  
 36 22028.3305  12465.332876  x:  0.29561   0.01517   0.30219   0.01476   0.14868   0.07023   0.03240   0.06565   0.09484   0.03690   0.02693   0.02206   0.09012   0.07767   0.21313   0.10937   0.00549   0.00575   0.05485   0.03951   0.00972   0.00723   0.04725   0.04804   0.04115   0.04666   0.00568   0.03280   0.01607   0.00981   0.00154   0.00600   0.00450   0.00512   0.00383   0.01200   0.00919   0.00501   0.00380   0.00379   0.00700   0.01123   0.00754   0.00040   0.01128   0.00846   0.01443   0.01730   0.03357   0.01242   0.00914   0.01142   0.02561   0.00122   0.00612   0.02315   0.00832   0.00097   0.01057   0.01323   0.00773   0.00531   2.89757   0.66668   1.07929   0.99843   0.31195   1.16428  
 37 7667.0299  12447.194078  x:  0.30005   0.01612   0.30668   0.01493   0.14827   0.07288   0.04970   0.06584   0.09325   0.04106   0.02052   0.02372   0.08958   0.08316   0.21621   0.10753   0.00361   0.00385   0.06401   0.04027   0.00964   0.00712   0.05132   0.04832   0.03665   0.06215   0.00668   0.02948   0.01106   0.00945   0.00142   0.00646   0.00622   0.00429   0.00369   0.00684   0.00873   0.00505   0.00382   0.00536   0.00686   0.00957   0.00750   0.00041   0.00692   0.01174   0.01709   0.01512   0.03245   0.01397   0.00901   0.00768   0.02700   0.00109   0.00920   0.01687   0.01481   0.00101   0.00891   0.00652   0.00580   0.00480   2.99893   0.65332   1.08441   1.00669   0.33084   1.16357  
 38 3878.4190  12443.595311  x:  0.29982   0.01626   0.30646   0.01560   0.14711   0.07245   0.05493   0.06567   0.09229   0.04104   0.01996   0.02350   0.09144   0.08541   0.21355   0.10577   0.00396   0.00407   0.06386   0.03722   0.00967   0.00722   0.05204   0.04854   0.03816   0.06456   0.00673   0.02716   0.00792   0.00956   0.00143   0.00645   0.00326   0.00712   0.00369   0.00762   0.00893   0.00516   0.00395   0.00478   0.00680   0.01283   0.00774   0.00041   0.00730   0.01037   0.01738   0.01503   0.03216   0.01383   0.00926   0.00772   0.02666   0.00110   0.00826   0.01772   0.01551   0.00101   0.00868   0.00732   0.00606   0.00484   3.01873   0.65015   1.08518   1.00874   0.33534   1.16342  
 39 1436.7380  12440.051660  x:  0.29864   0.01647   0.30528   0.01608   0.14496   0.07101   0.06051   0.06552   0.09082   0.04087   0.02020   0.02284   0.09481   0.08885   0.20812   0.10297   0.00423   0.00425   0.06288   0.03203   0.00971   0.00725   0.05281   0.04888   0.04135   0.06658   0.00659   0.02430   0.00594   0.00976   0.00146   0.00659   0.00559   0.00409   0.00373   0.00954   0.00927   0.00524   0.00403   0.00447   0.00678   0.01494   0.00789   0.00042   0.00915   0.01005   0.01717   0.01479   0.03192   0.01330   0.00942   0.00810   0.02590   0.00113   0.00808   0.01983   0.01451   0.00101   0.00869   0.00955   0.00631   0.00496   3.03926   0.64634   1.08577   1.01125   0.34055   1.16326  
 40 1740.6832  12437.598063  x:  0.29680   0.01676   0.30348   0.01571   0.14242   0.06874   0.06293   0.06594   0.08944   0.04142   0.02098   0.02238   0.09829   0.09293   0.20165   0.10031   0.00357   0.00413   0.06270   0.02759   0.00973   0.00711   0.05369   0.04919   0.04397   0.06772   0.00754   0.02315   0.00869   0.00983   0.00145   0.00673   0.00539   0.00560   0.00373   0.01074   0.00934   0.00515   0.00391   0.00446   0.00667   0.01318   0.00765   0.00042   0.01063   0.01278   0.01669   0.01324   0.03192   0.01292   0.00920   0.00703   0.02527   0.00114   0.00949   0.02115   0.01271   0.00102   0.00846   0.01096   0.00624   0.00503   3.05437   0.64294   1.08596   1.01357   0.34473   1.16312  
 41 1243.2612  12434.194621  x:  0.29144   0.01766   0.29833   0.01620   0.13644   0.06241   0.05803   0.06888   0.08734   0.04038   0.02297   0.02245   0.10442   0.10302   0.18655   0.09618   0.00273   0.00400   0.06498   0.02538   0.00968   0.00730   0.05418   0.04986   0.04340   0.06838   0.00913   0.02431   0.00635   0.00956   0.00145   0.00656   0.00526   0.00613   0.00375   0.00910   0.00920   0.00524   0.00402   0.00486   0.00688   0.01097   0.00783   0.00042   0.00961   0.01179   0.01575   0.01543   0.03231   0.01348   0.00880   0.00881   0.02571   0.00112   0.01050   0.01909   0.01099   0.00103   0.00968   0.00954   0.00590   0.00499   3.07456   0.63644   1.08543   1.01816   0.35057   1.16291  
 42 606.3932  12432.166336  x:  0.28733   0.01842   0.29447   0.01662   0.13238   0.05875   0.05369   0.07144   0.08622   0.03996   0.02311   0.02244   0.10776   0.11030   0.17604   0.09425   0.00408   0.00401   0.06685   0.02544   0.00970   0.00714   0.05464   0.05032   0.04189   0.06886   0.00801   0.02508   0.00836   0.00972   0.00143   0.00642   0.00524   0.00523   0.00368   0.00906   0.00906   0.00531   0.00409   0.00474   0.00672   0.01291   0.00799   0.00043   0.00941   0.01097   0.01624   0.01479   0.03241   0.01368   0.00911   0.00724   0.02612   0.00111   0.00872   0.01797   0.01354   0.00103   0.00877   0.00937   0.00592   0.00491   3.08699   0.63174   1.08482   1.02153   0.35419   1.16276  
 43 1140.4342  12431.690281  x:  0.28554   0.01866   0.29291   0.01653   0.13151   0.05960   0.05265   0.07256   0.08644   0.04000   0.02174   0.02250   0.10723   0.11237   0.17300   0.09517   0.00393   0.00381   0.06677   0.02617   0.00971   0.00724   0.05462   0.05021   0.04174   0.06891   0.00616   0.02456   0.00821   0.00972   0.00141   0.00647   0.00532   0.00550   0.00366   0.00942   0.00902   0.00530   0.00407   0.00513   0.00669   0.01291   0.00795   0.00043   0.00896   0.01144   0.01709   0.01411   0.03228   0.01327   0.00918   0.00833   0.02605   0.00110   0.00889   0.01917   0.01341   0.00103   0.00884   0.00912   0.00574   0.00487   3.08972   0.62979   1.08431   1.02300   0.35494   1.16271  
 44 268.2522  12431.076530  x:  0.28211   0.01889   0.29002   0.01664   0.13054   0.06262   0.05171   0.07441   0.08725   0.04021   0.01953   0.02251   0.10496   0.11521   0.16829   0.09791   0.00397   0.00381   0.06566   0.02729   0.00969   0.00715   0.05442   0.04988   0.04198   0.06877   0.00803   0.02354   0.00846   0.00967   0.00141   0.00639   0.00523   0.00525   0.00365   0.00928   0.00905   0.00532   0.00409   0.00487   0.00665   0.01260   0.00799   0.00043   0.00869   0.01110   0.01794   0.01446   0.03197   0.01300   0.00912   0.00807   0.02579   0.00110   0.00867   0.02086   0.01324   0.00102   0.00906   0.00885   0.00578   0.00487   3.09336   0.62601   1.08316   1.02587   0.35590   1.16261  
 45 345.0248  12430.561257  x:  0.27838   0.01944   0.28699   0.01674   0.13020   0.06591   0.05184   0.07569   0.08824   0.04047   0.02044   0.02241   0.10180   0.11698   0.16432   0.10110   0.00371   0.00375   0.06428   0.02745   0.00971   0.00722   0.05414   0.04952   0.04218   0.06860   0.00707   0.02352   0.00829   0.00974   0.00142   0.00644   0.00537   0.00554   0.00369   0.00876   0.00914   0.00535   0.00412   0.00500   0.00678   0.01255   0.00805   0.00043   0.00960   0.01084   0.01668   0.01514   0.03187   0.01381   0.00903   0.00701   0.02575   0.00110   0.00921   0.01964   0.01316   0.00103   0.00880   0.00939   0.00571   0.00488   3.09623   0.62165   1.08169   1.02924   0.35659   1.16250  
 46 287.2943  12430.331819  x:  0.27632   0.01960   0.28537   0.01666   0.13034   0.06703   0.05209   0.07603   0.08869   0.04097   0.02158   0.02234   0.10001   0.11744   0.16277   0.10271   0.00389   0.00396   0.06401   0.02702   0.00970   0.00712   0.05424   0.04948   0.04225   0.06869   0.00753   0.02419   0.00831   0.00971   0.00143   0.00642   0.00531   0.00541   0.00370   0.00932   0.00910   0.00533   0.00410   0.00489   0.00674   0.01286   0.00800   0.00043   0.00937   0.01133   0.01633   0.01453   0.03202   0.01371   0.00909   0.00816   0.02586   0.00111   0.00894   0.01859   0.01349   0.00103   0.00881   0.00939   0.00589   0.00490   3.09746   0.61893   1.08071   1.03136   0.35684   1.16243  
 47 269.5177  12430.132582  x:  0.27403   0.01970   0.28369   0.01667   0.13108   0.06650   0.05233   0.07555   0.08887   0.04057   0.02242   0.02246   0.09849   0.11695   0.16228   0.10382   0.00387   0.00383   0.06459   0.02633   0.00970   0.00734   0.05426   0.04967   0.04211   0.06886   0.00751   0.02475   0.00811   0.00968   0.00142   0.00646   0.00529   0.00531   0.00367   0.00954   0.00908   0.00533   0.00410   0.00507   0.00668   0.01320   0.00800   0.00043   0.00867   0.01132   0.01697   0.01418   0.03227   0.01274   0.00917   0.00733   0.02612   0.00110   0.00871   0.01868   0.01272   0.00104   0.00912   0.00903   0.00577   0.00489   3.09828   0.61518   1.07926   1.03433   0.35687   1.16234  
 48 138.2719  12429.711427  x:  0.26875   0.01964   0.27992   0.01680   0.13315   0.06394   0.05273   0.07397   0.08893   0.03937   0.02256   0.02250   0.09584   0.11519   0.16232   0.10560   0.00380   0.00384   0.06628   0.02519   0.00969   0.00675   0.05437   0.05024   0.04161   0.06931   0.00748   0.02504   0.00820   0.00976   0.00142   0.00641   0.00530   0.00547   0.00366   0.00903   0.00906   0.00534   0.00412   0.00490   0.00669   0.01257   0.00804   0.00043   0.00960   0.01095   0.01790   0.01457   0.03264   0.01281   0.00938   0.00782   0.02645   0.00110   0.00904   0.01985   0.01348   0.00102   0.00852   0.00938   0.00577   0.00487   3.09982   0.60551   1.07545   1.04205   0.35677   1.16210  
 49 282.5874  12429.451877  x:  0.26560   0.01957   0.27774   0.01677   0.13441   0.06232   0.05264   0.07322   0.08883   0.03950   0.02165   0.02252   0.09520   0.11424   0.16313   0.10620   0.00386   0.00389   0.06665   0.02489   0.00973   0.00804   0.05466   0.05048   0.04147   0.06931   0.00749   0.02452   0.00825   0.00966   0.00142   0.00640   0.00528   0.00542   0.00366   0.00940   0.00902   0.00533   0.00410   0.00488   0.00668   0.01261   0.00801   0.00043   0.00938   0.01110   0.01710   0.01446   0.03253   0.01401   0.00887   0.00781   0.02599   0.00110   0.00897   0.01994   0.01372   0.00102   0.00919   0.00943   0.00581   0.00488   3.10064   0.59854   1.07265   1.04766   0.35660   1.16193  
 50 330.5337  12429.163202  x:  0.26269   0.01961   0.27578   0.01672   0.13552   0.06118   0.05239   0.07287   0.08863   0.04018   0.02071   0.02261   0.09566   0.11363   0.16469   0.10629   0.00385   0.00379   0.06621   0.02508   0.00966   0.00664   0.05499   0.05052   0.04148   0.06910   0.00743   0.02363   0.00813   0.00968   0.00141   0.00642   0.00527   0.00535   0.00364   0.00957   0.00901   0.00531   0.00409   0.00501   0.00665   0.01293   0.00798   0.00043   0.00880   0.01125   0.01600   0.01428   0.03216   0.01430   0.00880   0.00766   0.02531   0.00110   0.00879   0.01935   0.01314   0.00102   0.00897   0.00917   0.00574   0.00485   3.10136   0.59047   1.06935   1.05423   0.35631   1.16173  
 51 388.9864  12428.706563  x:  0.25894   0.01986   0.27336   0.01675   0.13669   0.06096   0.05221   0.07314   0.08825   0.04134   0.02067   0.02258   0.09804   0.11354   0.16806   0.10557   0.00382   0.00378   0.06479   0.02628   0.00976   0.00765   0.05522   0.05023   0.04186   0.06892   0.00753   0.02280   0.00824   0.00984   0.00142   0.00641   0.00530   0.00539   0.00367   0.00889   0.00908   0.00532   0.00410   0.00494   0.00670   0.01294   0.00800   0.00043   0.00936   0.01125   0.01625   0.01449   0.03154   0.01254   0.00965   0.00798   0.02505   0.00110   0.00887   0.01819   0.01296   0.00104   0.00818   0.00911   0.00575   0.00485   3.10232   0.57635   1.06350   1.06586   0.35563   1.16137  
 52 424.0654  12428.304382  x:  0.25649   0.02006   0.27186   0.01681   0.13715   0.06205   0.05240   0.07379   0.08796   0.04161   0.02158   0.02236   0.10065   0.11395   0.17121   0.10440   0.00379   0.00396   0.06391   0.02743   0.00967   0.00699   0.05503   0.04982   0.04225   0.06903   0.00735   0.02336   0.00831   0.00962   0.00144   0.00641   0.00531   0.00547   0.00372   0.00916   0.00915   0.00535   0.00412   0.00486   0.00679   0.01277   0.00804   0.00043   0.00955   0.01129   0.01730   0.01475   0.03145   0.01264   0.00913   0.00775   0.02588   0.00111   0.00909   0.01837   0.01360   0.00104   0.00990   0.00944   0.00590   0.00493   3.10304   0.56297   1.05786   1.07703   0.35483   1.16102  
 53 570.1666  12428.007160  x:  0.25571   0.02019   0.27145   0.01684   0.13691   0.06360   0.05260   0.07433   0.08784   0.04104   0.02215   0.02237   0.10232   0.11423   0.17309   0.10320   0.00378   0.00384   0.06386   0.02770   0.00969   0.00724   0.05461   0.04953   0.04224   0.06910   0.00753   0.02462   0.00827   0.00969   0.00143   0.00645   0.00532   0.00540   0.00371   0.00948   0.00918   0.00537   0.00413   0.00496   0.00676   0.01287   0.00807   0.00043   0.00898   0.01125   0.01735   0.01460   0.03189   0.01400   0.00893   0.00779   0.02663   0.00111   0.00899   0.01943   0.01314   0.00104   0.00860   0.00929   0.00579   0.00490   3.10346   0.55299   1.05356   1.08555   0.35411   1.16074  
 54 487.1773  12427.729608  x:  0.25707   0.01992   0.27249   0.01677   0.13561   0.06549   0.05242   0.07452   0.08796   0.04046   0.02128   0.02247   0.10259   0.11372   0.17335   0.10167   0.00392   0.00384   0.06491   0.02659   0.00974   0.00723   0.05422   0.04952   0.04173   0.06881   0.00748   0.02591   0.00816   0.00984   0.00142   0.00642   0.00530   0.00538   0.00368   0.00888   0.00909   0.00535   0.00411   0.00494   0.00671   0.01304   0.00803   0.00043   0.00941   0.01135   0.01593   0.01429   0.03279   0.01330   0.00949   0.00779   0.02593   0.00110   0.00884   0.01999   0.01336   0.00103   0.00912   0.00904   0.00579   0.00487   3.10368   0.54335   1.04916   1.09429   0.35323   1.16044  
 55 234.8302  12427.452952  x:  0.25995   0.01977   0.27455   0.01678   0.13377   0.06667   0.05205   0.07429   0.08820   0.04011   0.02084   0.02245   0.10181   0.11262   0.17240   0.10029   0.00391   0.00388   0.06588   0.02568   0.00961   0.00725   0.05394   0.04973   0.04154   0.06812   0.00737   0.02529   0.00825   0.00942   0.00142   0.00642   0.00530   0.00541   0.00368   0.00958   0.00905   0.00535   0.00412   0.00496   0.00674   0.01264   0.00804   0.00043   0.00905   0.01106   0.01657   0.01475   0.03294   0.01282   0.00844   0.00781   0.02510   0.00110   0.00896   0.01898   0.01360   0.00103   0.00865   0.00949   0.00579   0.00486   3.10384   0.53356   1.04447   1.10368   0.35221   1.16011  
 56 306.9716  12427.227180  x:  0.26313   0.01970   0.27681   0.01673   0.13218   0.06677   0.05172   0.07404   0.08844   0.04053   0.02124   0.02252   0.10065   0.11180   0.17114   0.09964   0.00393   0.00386   0.06632   0.02542   0.00974   0.00720   0.05409   0.04998   0.04168   0.06769   0.00741   0.02411   0.00830   0.00987   0.00142   0.00642   0.00528   0.00539   0.00367   0.00951   0.00904   0.00533   0.00411   0.00496   0.00671   0.01266   0.00802   0.00043   0.00909   0.01107   0.01755   0.01463   0.03250   0.01378   0.00960   0.00782   0.02514   0.00110   0.00887   0.01855   0.01325   0.00104   0.00901   0.00936   0.00578   0.00486   3.10395   0.52541   1.04037   1.11189   0.35128   1.15980  
 57 410.3152  12427.053981  x:  0.26615   0.01970   0.27898   0.01666   0.13125   0.06573   0.05178   0.07392   0.08858   0.04119   0.02191   0.02261   0.09953   0.11172   0.16992   0.09996   0.00399   0.00387   0.06586   0.02584   0.00970   0.00720   0.05453   0.05013   0.04173   0.06781   0.00745   0.02352   0.00825   0.00965   0.00142   0.00640   0.00526   0.00534   0.00367   0.00879   0.00903   0.00532   0.00409   0.00493   0.00669   0.01300   0.00799   0.00043   0.00943   0.01125   0.01710   0.01437   0.03184   0.01361   0.00876   0.00792   0.02605   0.00110   0.00871   0.01926   0.01315   0.00104   0.00895   0.00897   0.00579   0.00486   3.10401   0.51951   1.03713   1.11845   0.35053   1.15954  
 58 273.2724  12426.947378  x:  0.26833   0.01975   0.28055   0.01666   0.13107   0.06448   0.05222   0.07387   0.08859   0.04105   0.02188   0.02253   0.09894   0.11209   0.16902   0.10076   0.00389   0.00394   0.06488   0.02641   0.00967   0.00723   0.05469   0.05008   0.04163   0.06815   0.00747   0.02387   0.00824   0.00967   0.00143   0.00641   0.00528   0.00541   0.00369   0.00939   0.00903   0.00533   0.00410   0.00497   0.00675   0.01269   0.00800   0.00043   0.00897   0.01121   0.01647   0.01471   0.03164   0.01324   0.00927   0.00779   0.02644   0.00110   0.00893   0.01958   0.01347   0.00103   0.00890   0.00928   0.00582   0.00488   3.10407   0.51613   1.03497   1.12286   0.35004   1.15936  
 59 201.6621  12426.879974  x:  0.26982   0.01969   0.28165   0.01664   0.13149   0.06350   0.05261   0.07379   0.08850   0.04063   0.02136   0.02252   0.09888   0.11252   0.16830   0.10173   0.00385   0.00390   0.06401   0.02679   0.00974   0.00721   0.05462   0.04987   0.04198   0.06833   0.00748   0.02478   0.00818   0.00979   0.00143   0.00642   0.00530   0.00541   0.00368   0.00928   0.00908   0.00533   0.00410   0.00494   0.00673   0.01283   0.00800   0.00043   0.00927   0.01126   0.01688   0.01449   0.03203   0.01341   0.00908   0.00781   0.02594   0.00110   0.00894   0.01915   0.01323   0.00104   0.00891   0.00930   0.00582   0.00488   3.10416   0.51442   1.03347   1.12602   0.34975   1.15920  
 60 115.5184  12426.846385  x:  0.27048   0.01972   0.28216   0.01664   0.13259   0.06355   0.05260   0.07361   0.08833   0.04075   0.02162   0.02252   0.09948   0.11264   0.16768   0.10244   0.00387   0.00390   0.06422   0.02685   0.00946   0.00723   0.05444   0.04964   0.04187   0.06825   0.00748   0.02457   0.00821   0.00926   0.00142   0.00642   0.00530   0.00540   0.00368   0.00921   0.00907   0.00533   0.00410   0.00494   0.00672   0.01284   0.00800   0.00043   0.00926   0.01125   0.01690   0.01449   0.03247   0.01348   0.00924   0.00781   0.02554   0.00110   0.00891   0.01928   0.01324   0.00104   0.00890   0.00927   0.00582   0.00487   3.10433   0.51453   1.03248   1.12829   0.34965   1.15906  
 61 37.2785  12426.801902  x:  0.27129   0.01976   0.28280   0.01664   0.13423   0.06378   0.05252   0.07333   0.08808   0.04094   0.02188   0.02252   0.10040   0.11272   0.16680   0.10335   0.00389   0.00393   0.06461   0.02679   0.00975   0.00721   0.05422   0.04939   0.04169   0.06805   0.00747   0.02425   0.00823   0.00985   0.00143   0.00642   0.00529   0.00540   0.00369   0.00922   0.00905   0.00533   0.00410   0.00496   0.00674   0.01278   0.00801   0.00043   0.00913   0.01123   0.01684   0.01458   0.03281   0.01342   0.00905   0.00782   0.02535   0.00110   0.00889   0.01943   0.01336   0.00104   0.00890   0.00921   0.00583   0.00487   3.10462   0.51504   1.03104   1.13163   0.34951   1.15885  
 62 140.0650  12426.745959  x:  0.27195   0.01977   0.28336   0.01663   0.13600   0.06424   0.05230   0.07307   0.08791   0.04089   0.02131   0.02251   0.10129   0.11252   0.16585   0.10388   0.00390   0.00392   0.06481   0.02628   0.00978   0.00721   0.05412   0.04956   0.04165   0.06768   0.00746   0.02447   0.00823   0.00966   0.00142   0.00642   0.00529   0.00540   0.00368   0.00926   0.00904   0.00533   0.00410   0.00497   0.00673   0.01281   0.00801   0.00043   0.00923   0.01122   0.01684   0.01454   0.03200   0.01341   0.00914   0.00783   0.02638   0.00110   0.00887   0.01909   0.01326   0.00104   0.00892   0.00925   0.00580   0.00487   3.10510   0.51657   1.02906   1.13643   0.34933   1.15852  
 63 77.8569  12426.643735  x:  0.27224   0.01971   0.28374   0.01659   0.13716   0.06457   0.05209   0.07341   0.08813   0.04053   0.02154   0.02251   0.10128   0.11237   0.16534   0.10325   0.00387   0.00391   0.06464   0.02637   0.00877   0.00727   0.05469   0.05053   0.04167   0.06800   0.00747   0.02477   0.00821   0.01014   0.00142   0.00641   0.00529   0.00540   0.00368   0.00914   0.00903   0.00533   0.00410   0.00496   0.00672   0.01280   0.00800   0.00043   0.00913   0.01123   0.01687   0.01451   0.03109   0.01343   0.00906   0.00785   0.02581   0.00110   0.00888   0.01923   0.01328   0.00103   0.00893   0.00937   0.00580   0.00487   3.10615   0.52111   1.02519   1.14621   0.34889   1.15782  
 64 72.2305  12426.418962  x:  0.27268   0.01960   0.28445   0.01653   0.13905   0.06504   0.05170   0.07425   0.08869   0.03988   0.02210   0.02250   0.10086   0.11205   0.16451   0.10155   0.00380   0.00390   0.06408   0.02676   0.01007   0.00719   0.05588   0.05231   0.04175   0.06876   0.00748   0.02510   0.00819   0.00956   0.00142   0.00639   0.00530   0.00541   0.00368   0.00916   0.00903   0.00532   0.00409   0.00495   0.00671   0.01278   0.00799   0.00043   0.00912   0.01123   0.01689   0.01450   0.03013   0.01350   0.00910   0.00784   0.02462   0.00110   0.00890   0.01956   0.01333   0.00103   0.00891   0.00928   0.00580   0.00486   3.10863   0.53198   1.01625   1.16902   0.34785   1.15616  
 65 638.3973  12425.912494  x:  0.27310   0.01957   0.28547   0.01643   0.14030   0.06486   0.05125   0.07556   0.08958   0.04000   0.02159   0.02244   0.09916   0.11124   0.16373   0.09806   0.00377   0.00396   0.06257   0.02710   0.00966   0.00721   0.05668   0.05232   0.04219   0.06919   0.00748   0.02418   0.00816   0.00973   0.00143   0.00636   0.00532   0.00547   0.00369   0.00973   0.00902   0.00530   0.00408   0.00495   0.00673   0.01278   0.00796   0.00043   0.00961   0.01126   0.01681   0.01463   0.03378   0.01342   0.00912   0.00769   0.02641   0.00110   0.00897   0.01912   0.01327   0.00104   0.00886   0.00865   0.00584   0.00487   3.11436   0.55756   0.99612   1.22131   0.34548   1.15234  
 66 555.4913  12425.668552  x:  0.27320   0.01972   0.28574   0.01639   0.13938   0.06445   0.05153   0.07558   0.08955   0.04051   0.02145   0.02253   0.09860   0.11115   0.16392   0.09751   0.00392   0.00393   0.06265   0.02698   0.00983   0.00722   0.05587   0.05069   0.04219   0.06882   0.00751   0.02423   0.00818   0.00968   0.00142   0.00637   0.00531   0.00541   0.00368   0.00857   0.00901   0.00530   0.00407   0.00493   0.00671   0.01289   0.00795   0.00042   0.00862   0.01141   0.01689   0.01442   0.03386   0.01345   0.00913   0.00781   0.02661   0.00110   0.00889   0.01914   0.01317   0.00104   0.00895   0.01030   0.00581   0.00485   3.11710   0.56988   0.98679   1.24632   0.34432   1.15049  
 67 670.8310  12425.274472  x:  0.27331   0.02014   0.28593   0.01647   0.13627   0.06363   0.05248   0.07479   0.08896   0.04124   0.02161   0.02251   0.09826   0.11121   0.16477   0.09807   0.00405   0.00401   0.06354   0.02679   0.00972   0.00722   0.05353   0.04729   0.04192   0.06762   0.00750   0.02475   0.00818   0.00970   0.00143   0.00641   0.00531   0.00542   0.00369   0.00926   0.00899   0.00532   0.00409   0.00499   0.00675   0.01283   0.00799   0.00043   0.00924   0.01132   0.01690   0.01465   0.03188   0.01345   0.00913   0.00779   0.02585   0.00110   0.00883   0.01942   0.01325   0.00104   0.00890   0.00923   0.00582   0.00485   3.12143   0.58955   0.97238   1.28618   0.34246   1.14751  
 68 891.4150  12425.089201  x:  0.27350   0.02023   0.28555   0.01657   0.13241   0.06387   0.05312   0.07285   0.08791   0.04146   0.02153   0.02255   0.09989   0.11092   0.16569   0.10114   0.00395   0.00400   0.06393   0.02710   0.00974   0.00722   0.05363   0.05003   0.04173   0.06643   0.00748   0.02483   0.00820   0.00970   0.00143   0.00645   0.00530   0.00541   0.00370   0.00921   0.00899   0.00533   0.00410   0.00500   0.00678   0.01283   0.00800   0.00043   0.00919   0.01133   0.01688   0.01474   0.03238   0.01345   0.00914   0.00780   0.02596   0.00110   0.00881   0.01937   0.01323   0.00105   0.00890   0.00925   0.00581   0.00484   3.12345   0.59879   0.96694   1.30547   0.34167   1.14598  
 69 180.8857  12425.037439  x:  0.27386   0.02000   0.28497   0.01657   0.13129   0.06419   0.05241   0.07234   0.08814   0.04085   0.02161   0.02257   0.10092   0.10958   0.16555   0.10216   0.00394   0.00399   0.06356   0.02693   0.00973   0.00722   0.05504   0.04908   0.04169   0.06764   0.00748   0.02478   0.00818   0.00969   0.00143   0.00641   0.00531   0.00542   0.00369   0.00920   0.00898   0.00532   0.00409   0.00499   0.00675   0.01283   0.00798   0.00043   0.00917   0.01132   0.01689   0.01468   0.03236   0.01346   0.00913   0.00778   0.02597   0.00110   0.00883   0.01936   0.01327   0.00104   0.00890   0.00924   0.00580   0.00483   3.12385   0.60080   0.96808   1.31107   0.34159   1.14539  
 70 34.0421  12424.692496  x:  0.27786   0.02020   0.28042   0.01649   0.13032   0.06311   0.05221   0.07564   0.09094   0.04162   0.02157   0.02246   0.10281   0.10604   0.16524   0.10351   0.00396   0.00404   0.06319   0.02635   0.00974   0.00722   0.05125   0.05031   0.04170   0.06987   0.00751   0.02466   0.00810   0.00970   0.00143   0.00636   0.00532   0.00545   0.00369   0.00923   0.00896   0.00530   0.00408   0.00496   0.00674   0.01284   0.00796   0.00042   0.00919   0.01139   0.01692   0.01452   0.03236   0.01349   0.00912   0.00774   0.02595   0.00109   0.00886   0.01943   0.01333   0.00104   0.00888   0.00926   0.00581   0.00482   3.12537   0.61040   0.99194   1.34945   0.34140   1.14047  
 71 37.9081  12423.304218  x:  0.29046   0.01965   0.26775   0.01654   0.13088   0.06245   0.05554   0.07802   0.09041   0.04019   0.02156   0.02226   0.10195   0.10707   0.16609   0.10283   0.00399   0.00402   0.06547   0.02738   0.00973   0.00722   0.05639   0.04855   0.04180   0.06295   0.00745   0.02491   0.00827   0.00969   0.00144   0.00656   0.00530   0.00539   0.00372   0.00917   0.00898   0.00526   0.00407   0.00506   0.00685   0.01292   0.00792   0.00042   0.00919   0.01146   0.01686   0.01528   0.03244   0.01343   0.00919   0.00785   0.02608   0.00109   0.00865   0.01939   0.01317   0.00105   0.00891   0.00923   0.00578   0.00477   3.13080   0.64809   1.09597   1.50673   0.33982   1.11996  
 72 347.9351  12422.128700  x:  0.29293   0.02015   0.26770   0.01682   0.13125   0.06488   0.05248   0.06859   0.08474   0.04132   0.02148   0.02248   0.09910   0.11051   0.16568   0.09964   0.00409   0.00406   0.06253   0.02741   0.00973   0.00722   0.05305   0.04889   0.04189   0.06696   0.00747   0.02505   0.00821   0.00968   0.00143   0.00640   0.00534   0.00545   0.00371   0.00912   0.00890   0.00525   0.00407   0.00507   0.00684   0.01298   0.00791   0.00042   0.00912   0.01154   0.01691   0.01520   0.03241   0.01349   0.00916   0.00783   0.02601   0.00108   0.00863   0.01946   0.01327   0.00105   0.00891   0.00915   0.00570   0.00471   3.13509   0.67882   1.18387   1.63679   0.33777   1.10271  
 73 641.4505  12420.778640  x:  0.27843   0.02043   0.29095   0.01668   0.12852   0.06397   0.05382   0.06886   0.09011   0.04096   0.02146   0.02228   0.10126   0.10923   0.16337   0.10077   0.00415   0.00410   0.06321   0.02753   0.00973   0.00722   0.05324   0.04847   0.04194   0.06520   0.00744   0.02509   0.00824   0.00967   0.00144   0.00646   0.00535   0.00545   0.00373   0.00909   0.00887   0.00522   0.00406   0.00512   0.00688   0.01303   0.00787   0.00042   0.00911   0.01162   0.01692   0.01546   0.03244   0.01348   0.00919   0.00787   0.02610   0.00107   0.00851   0.01947   0.01325   0.00105   0.00891   0.00911   0.00566   0.00465   3.14034   0.71427   1.28863   1.78874   0.33602   1.08192  
 74 388.4498  12420.720465  x:  0.27764   0.02035   0.29213   0.01660   0.12832   0.06399   0.05385   0.07082   0.08706   0.04081   0.02152   0.02232   0.10099   0.10806   0.16314   0.10112   0.00415   0.00409   0.06319   0.02748   0.00973   0.00722   0.05323   0.04847   0.04195   0.06535   0.00745   0.02504   0.00823   0.00967   0.00143   0.00646   0.00535   0.00546   0.00372   0.00909   0.00886   0.00521   0.00405   0.00512   0.00687   0.01303   0.00785   0.00041   0.00911   0.01162   0.01691   0.01545   0.03244   0.01348   0.00919   0.00786   0.02610   0.00107   0.00851   0.01947   0.01325   0.00105   0.00891   0.00912   0.00566   0.00465   3.14068   0.71554   1.29248   1.79424   0.33595   1.08092  
 75 50.2283  12385.448368  x:  0.26719   0.02437   0.28183   0.01885   0.13364   0.06482   0.05737   0.06714   0.08825   0.02717   0.02189   0.01840   0.10361   0.09562   0.14874   0.09402   0.00536   0.00439   0.06040   0.02821   0.00964   0.00722   0.04929   0.04891   0.04873   0.06266   0.00719   0.02441   0.00910   0.00954   0.00148   0.00640   0.00607   0.00609   0.00402   0.00761   0.00773   0.00403   0.00379   0.00645   0.00798   0.01629   0.00658   0.00028   0.00798   0.01554   0.01710   0.02459   0.03217   0.01323   0.00948   0.00855   0.02579   0.00067   0.00498   0.01946   0.01358   0.00115   0.00925   0.00783   0.00303   0.00231   3.71582   0.62694   1.27846   1.65914   0.32649   0.19556  
 76  2.0785  12377.162075  x:  0.26142   0.02655   0.27689   0.02006   0.13626   0.06532   0.05891   0.06530   0.08895   0.02081   0.02207   0.01646   0.10502   0.08921   0.14145   0.09113   0.00589   0.00457   0.05885   0.02832   0.00960   0.00721   0.04713   0.04932   0.05247   0.06294   0.00726   0.02409   0.00956   0.00949   0.00150   0.00634   0.00643   0.00639   0.00414   0.00688   0.00717   0.00346   0.00367   0.00702   0.00839   0.01798   0.00596   0.00021   0.00744   0.01769   0.01728   0.02789   0.03208   0.01313   0.00961   0.00908   0.02562   0.00049   0.00330   0.01950   0.01375   0.00119   0.00939   0.00718   0.00182   0.00119   4.00920   0.57987   1.27253   1.58396   0.32146   0.91229  
 77 15.7754  12367.777655  x:  0.26184   0.03202   0.27568   0.02376   0.13689   0.06567   0.06008   0.06584   0.08956   0.03188   0.02081   0.01420   0.10587   0.09040   0.14013   0.09083   0.00328   0.00964   0.05749   0.02796   0.00957   0.00718   0.04819   0.05003   0.05803   0.06280   0.00642   0.02369   0.00973   0.00937   0.00186   0.00624   0.00674   0.00654   0.00479   0.00646   0.00725   0.00332   0.00394   0.00726   0.00922   0.01773   0.00601   0.00018   0.00709   0.01949   0.01736   0.02955   0.03218   0.01325   0.00978   0.00854   0.02543   0.00094   0.00698   0.01950   0.01436   0.00132   0.00877   0.00708   0.00677   0.00306   4.37820   0.52782   1.29621   1.48630   0.31571   1.09531  
 78  0.5593  12359.907797  x:  0.27619   0.03007   0.28298   0.03347   0.13530   0.06647   0.05862   0.06919   0.09053   0.02403   0.02313   0.01043   0.10313   0.10213   0.15759   0.09801   0.00207   0.00761   0.06000   0.02926   0.00968   0.00724   0.04666   0.04949   0.06309   0.06161   0.00731   0.02113   0.01053   0.00959   0.00176   0.00602   0.00666   0.00638   0.00468   0.00808   0.00778   0.00572   0.00556   0.00630   0.00917   0.01745   0.00909   0.00042   0.00685   0.02142   0.01563   0.03000   0.03197   0.01292   0.00965   0.00906   0.02668   0.00091   0.00832   0.01779   0.01692   0.00135   0.00933   0.00721   0.00515   0.00249   4.64398   0.52540   1.37362   1.47464   0.30526   1.05082  
 79  0.2389  12356.032173  x:  0.27218   0.03467   0.28389   0.03790   0.13348   0.06538   0.05546   0.06922   0.09039   0.03012   0.02243   0.00907   0.10455   0.09980   0.14830   0.09664   0.00443   0.00542   0.06378   0.02843   0.00973   0.00719   0.05007   0.04929   0.06270   0.06246   0.00744   0.02303   0.01003   0.00964   0.00150   0.00565   0.00595   0.00595   0.00420   0.00697   0.00740   0.00557   0.00584   0.00489   0.00856   0.01634   0.00902   0.00040   0.00747   0.02173   0.01589   0.02685   0.03233   0.01289   0.00964   0.00863   0.02624   0.00078   0.00569   0.01853   0.01653   0.00141   0.00893   0.00723   0.00373   0.00150   4.92374   0.49599   1.44242   1.39245   0.30917   0.96542  
 80  0.2337  12354.222445  x:  0.26953   0.03153   0.28104   0.04102   0.13465   0.06550   0.05437   0.06802   0.09005   0.02395   0.02123   0.01030   0.10493   0.09514   0.14618   0.09483   0.00459   0.00575   0.06241   0.02709   0.00965   0.00717   0.05013   0.04954   0.06268   0.06382   0.00692   0.02425   0.00928   0.00949   0.00133   0.00573   0.00597   0.00610   0.00378   0.00660   0.00689   0.00534   0.00588   0.00592   0.00784   0.01563   0.00864   0.00038   0.00698   0.02132   0.01685   0.02383   0.03246   0.01318   0.00978   0.00825   0.02553   0.00094   0.00492   0.01940   0.01485   0.00131   0.00856   0.00710   0.00430   0.00213   5.06652   0.47596   1.49046   1.34681   0.31421   0.89212  
 81  0.1174  12353.036382  x:  0.27013   0.02995   0.27928   0.04387   0.13568   0.06608   0.05571   0.06675   0.09026   0.02626   0.02182   0.01133   0.10471   0.09437   0.14829   0.09451   0.00345   0.00476   0.05911   0.02802   0.00960   0.00720   0.04766   0.04962   0.06202   0.06210   0.00687   0.02268   0.00895   0.00947   0.00112   0.00588   0.00605   0.00608   0.00337   0.00767   0.00674   0.00499   0.00583   0.00636   0.00730   0.01466   0.00800   0.00037   0.00716   0.02079   0.01634   0.02111   0.03217   0.01307   0.00966   0.00847   0.02582   0.00097   0.00636   0.01894   0.01436   0.00124   0.00906   0.00730   0.00371   0.00207   5.17524   0.47821   1.54819   1.37303   0.31696   0.82530  
 82  0.0967  12352.203776  x:  0.27338   0.02694   0.28025   0.04683   0.13501   0.06627   0.05666   0.06723   0.09042   0.02738   0.02289   0.01218   0.10438   0.09840   0.15181   0.09615   0.00338   0.00611   0.05817   0.02885   0.00969   0.00721   0.04836   0.04924   0.05955   0.05889   0.00729   0.02222   0.00934   0.00959   0.00112   0.00592   0.00588   0.00562   0.00334   0.00660   0.00664   0.00467   0.00572   0.00635   0.00737   0.01542   0.00723   0.00036   0.00747   0.02032   0.01582   0.02116   0.03206   0.01292   0.00960   0.00873   0.02624   0.00107   0.00580   0.01856   0.01540   0.00118   0.00914   0.00716   0.00486   0.00208   5.23699   0.47478   1.58277   1.40231   0.31903   0.76263  
 83  0.0477  12351.235737  x:  0.27288   0.02346   0.28137   0.05104   0.13387   0.06555   0.05589   0.06830   0.09046   0.02556   0.02273   0.01218   0.10498   0.09702   0.15089   0.09679   0.00355   0.00615   0.05913   0.02795   0.00973   0.00718   0.05005   0.04944   0.05530   0.06127   0.00704   0.02346   0.00975   0.00964   0.00110   0.00577   0.00555   0.00538   0.00338   0.00798   0.00690   0.00418   0.00551   0.00542   0.00784   0.01552   0.00594   0.00035   0.00731   0.01996   0.01644   0.02344   0.03232   0.01312   0.00963   0.00864   0.02597   0.00110   0.00646   0.01895   0.01648   0.00110   0.00884   0.00760   0.00476   0.00164   5.27888   0.47194   1.60140   1.42118   0.31885   0.64695  
 84  0.0499  12350.528613  x:  0.27196   0.02194   0.28059   0.05435   0.13446   0.06564   0.05496   0.06797   0.09030   0.02789   0.02181   0.01213   0.10452   0.09668   0.15269   0.09675   0.00423   0.00556   0.05903   0.02672   0.00965   0.00720   0.04823   0.04964   0.05382   0.06189   0.00706   0.02315   0.00976   0.00951   0.00113   0.00601   0.00586   0.00622   0.00352   0.00690   0.00736   0.00413   0.00545   0.00627   0.00835   0.01607   0.00522   0.00039   0.00725   0.01963   0.01680   0.02553   0.03234   0.01325   0.00963   0.00868   0.02559   0.00117   0.00624   0.01912   0.01581   0.00108   0.00891   0.00713   0.00387   0.00175   5.23029   0.48229   1.58234   1.42530   0.31584   0.59010  
 85  0.0431  12349.937875  x:  0.27087   0.02113   0.27758   0.05696   0.13517   0.06627   0.05671   0.06638   0.09003   0.02809   0.02171   0.01126   0.10461   0.09877   0.14895   0.09503   0.00377   0.00543   0.05986   0.02822   0.00961   0.00719   0.04876   0.04942   0.05513   0.06039   0.00659   0.02279   0.00952   0.00949   0.00120   0.00612   0.00602   0.00615   0.00367   0.00737   0.00776   0.00421   0.00536   0.00586   0.00865   0.01587   0.00458   0.00044   0.00733   0.02005   0.01635   0.02615   0.03212   0.01308   0.00955   0.00822   0.02610   0.00128   0.00596   0.01871   0.01388   0.00108   0.00905   0.00744   0.00380   0.00216   5.12804   0.47153   1.51924   1.35963   0.31657   0.61861  
 86  0.0573  12349.383165  x:  0.27213   0.02055   0.27906   0.06096   0.13422   0.06614   0.05664   0.06652   0.09025   0.02720   0.02241   0.01087   0.10505   0.09480   0.15127   0.09624   0.00314   0.00578   0.06000   0.02902   0.00971   0.00722   0.04990   0.04933   0.05714   0.06169   0.00719   0.02376   0.00917   0.00960   0.00122   0.00607   0.00625   0.00603   0.00368   0.00712   0.00767   0.00448   0.00535   0.00582   0.00854   0.01526   0.00400   0.00053   0.00732   0.02047   0.01620   0.02473   0.03216   0.01301   0.00960   0.00841   0.02619   0.00132   0.00582   0.01898   0.01455   0.00109   0.00910   0.00724   0.00415   0.00200   5.02646   0.50140   1.49753   1.40510   0.31441   0.65765  
 87  0.0489  12349.092117  x:  0.27102   0.02188   0.27920   0.06340   0.13403   0.06601   0.05548   0.06700   0.09039   0.02731   0.02218   0.01100   0.10460   0.09653   0.14998   0.09576   0.00350   0.00574   0.05981   0.02825   0.00969   0.00721   0.04866   0.04949   0.05867   0.06176   0.00717   0.02338   0.00919   0.00955   0.00118   0.00600   0.00629   0.00606   0.00357   0.00722   0.00738   0.00467   0.00539   0.00610   0.00831   0.01506   0.00376   0.00058   0.00718   0.02064   0.01643   0.02352   0.03232   0.01310   0.00967   0.00865   0.02585   0.00130   0.00572   0.01906   0.01564   0.00111   0.00895   0.00736   0.00407   0.00170   5.00041   0.48339   1.47811   1.37624   0.31541   0.67973  
 88  0.0326  12348.974605  x:  0.27016   0.02336   0.27823   0.06419   0.13427   0.06606   0.05534   0.06629   0.09013   0.02720   0.02190   0.01143   0.10450   0.09688   0.14929   0.09528   0.00371   0.00571   0.05989   0.02785   0.00963   0.00718   0.04866   0.04948   0.05908   0.06067   0.00672   0.02298   0.00939   0.00950   0.00115   0.00589   0.00609   0.00593   0.00351   0.00719   0.00719   0.00461   0.00532   0.00597   0.00820   0.01520   0.00348   0.00059   0.00739   0.02054   0.01639   0.02342   0.03224   0.01307   0.00966   0.00849   0.02584   0.00131   0.00599   0.01884   0.01548   0.00114   0.00885   0.00720   0.00410   0.00180   4.99557   0.49626   1.49067   1.41426   0.31478   0.70608  
 89  0.0259  12348.921979  x:  0.27075   0.02456   0.27792   0.06404   0.13460   0.06607   0.05563   0.06656   0.09021   0.02692   0.02215   0.01156   0.10461   0.09627   0.15063   0.09576   0.00381   0.00559   0.05949   0.02792   0.00966   0.00720   0.04901   0.04947   0.05922   0.06111   0.00699   0.02305   0.00953   0.00954   0.00116   0.00584   0.00592   0.00591   0.00352   0.00712   0.00712   0.00462   0.00530   0.00595   0.00814   0.01541   0.00350   0.00060   0.00711   0.02033   0.01627   0.02373   0.03222   0.01304   0.00964   0.00848   0.02596   0.00130   0.00609   0.01885   0.01523   0.00116   0.00896   0.00730   0.00410   0.00190   4.99782   0.49034   1.48829   1.40232   0.31463   0.72293  
 90  0.0129  12348.885246  x:  0.27072   0.02519   0.27830   0.06437   0.13402   0.06604   0.05590   0.06684   0.09031   0.02658   0.02219   0.01149   0.10459   0.09683   0.14934   0.09581   0.00372   0.00558   0.05967   0.02813   0.00968   0.00721   0.04860   0.04946   0.05857   0.06162   0.00712   0.02311   0.00951   0.00955   0.00116   0.00588   0.00582   0.00593   0.00352   0.00720   0.00703   0.00457   0.00525   0.00596   0.00808   0.01543   0.00339   0.00062   0.00738   0.01997   0.01641   0.02400   0.03222   0.01310   0.00965   0.00855   0.02594   0.00128   0.00603   0.01895   0.01511   0.00117   0.00901   0.00709   0.00417   0.00186   5.00435   0.48945   1.49358   1.39536   0.31544   0.71386  
 91  0.0054  12348.838774  x:  0.27067   0.02580   0.27863   0.06437   0.13387   0.06610   0.05596   0.06663   0.09025   0.02660   0.02203   0.01133   0.10450   0.09679   0.14944   0.09565   0.00358   0.00557   0.06013   0.02824   0.00967   0.00719   0.04874   0.04947   0.05768   0.06152   0.00700   0.02281   0.00943   0.00953   0.00119   0.00604   0.00589   0.00597   0.00356   0.00714   0.00695   0.00462   0.00521   0.00612   0.00799   0.01536   0.00348   0.00065   0.00722   0.01963   0.01639   0.02408   0.03225   0.01311   0.00964   0.00861   0.02594   0.00124   0.00592   0.01883   0.01516   0.00117   0.00896   0.00761   0.00420   0.00182   5.00305   0.49150   1.49997   1.39839   0.31493   0.70074  
 92  0.0059  12348.764149  x:  0.27065   0.02593   0.27763   0.06434   0.13483   0.06612   0.05560   0.06638   0.09014   0.02682   0.02205   0.01129   0.10462   0.09625   0.15105   0.09569   0.00349   0.00554   0.06006   0.02826   0.00963   0.00718   0.04926   0.04953   0.05673   0.06133   0.00693   0.02275   0.00934   0.00954   0.00124   0.00624   0.00611   0.00598   0.00363   0.00728   0.00698   0.00468   0.00509   0.00624   0.00786   0.01528   0.00352   0.00070   0.00738   0.01961   0.01613   0.02392   0.03215   0.01298   0.00960   0.00854   0.02594   0.00118   0.00596   0.01869   0.01525   0.00116   0.00892   0.00703   0.00421   0.00191   4.99114   0.48683   1.49696   1.39755   0.31345   0.68400  
 93  0.0072  12348.595685  x:  0.27001   0.02568   0.27634   0.06411   0.13504   0.06592   0.05554   0.06681   0.09020   0.02663   0.02224   0.01131   0.10504   0.09750   0.14941   0.09616   0.00371   0.00548   0.05882   0.02787   0.00968   0.00723   0.04854   0.04948   0.05611   0.06171   0.00717   0.02309   0.00946   0.00959   0.00133   0.00637   0.00629   0.00583   0.00376   0.00695   0.00720   0.00464   0.00469   0.00581   0.00761   0.01525   0.00336   0.00083   0.00730   0.02027   0.01630   0.02347   0.03221   0.01302   0.00960   0.00835   0.02595   0.00105   0.00622   0.01896   0.01522   0.00112   0.00904   0.00743   0.00427   0.00206   4.98821   0.49204   1.50202   1.41891   0.31361   0.65768  
 94  0.0097  12348.438481  x:  0.27070   0.02606   0.27891   0.06269   0.13356   0.06600   0.05597   0.06691   0.09037   0.02686   0.02208   0.01125   0.10453   0.09649   0.14962   0.09582   0.00389   0.00557   0.05953   0.02762   0.00968   0.00721   0.04885   0.04950   0.05711   0.06109   0.00711   0.02271   0.00965   0.00951   0.00139   0.00624   0.00610   0.00596   0.00387   0.00743   0.00727   0.00464   0.00439   0.00572   0.00750   0.01540   0.00362   0.00095   0.00705   0.02079   0.01660   0.02347   0.03225   0.01326   0.00965   0.00853   0.02590   0.00088   0.00596   0.01895   0.01508   0.00111   0.00904   0.00709   0.00426   0.00199   5.02368   0.49161   1.50115   1.40381   0.31552   0.66840  
 95  0.0161  12348.326928  x:  0.27123   0.02507   0.27938   0.06332   0.13388   0.06612   0.05588   0.06647   0.09029   0.02664   0.02209   0.01143   0.10428   0.09569   0.15021   0.09536   0.00362   0.00559   0.05967   0.02804   0.00966   0.00717   0.04908   0.04947   0.05793   0.06077   0.00691   0.02299   0.00965   0.00952   0.00138   0.00600   0.00595   0.00612   0.00387   0.00695   0.00732   0.00451   0.00412   0.00596   0.00760   0.01536   0.00337   0.00104   0.00738   0.02067   0.01632   0.02393   0.03225   0.01309   0.00963   0.00869   0.02596   0.00082   0.00615   0.01880   0.01515   0.00108   0.00898   0.00729   0.00407   0.00193   5.04552   0.48402   1.49229   1.37807   0.31660   0.67289  
 96  0.0190  12348.232507  x:  0.27078   0.02436   0.27799   0.06373   0.13493   0.06610   0.05533   0.06636   0.09015   0.02700   0.02218   0.01172   0.10466   0.09685   0.14971   0.09564   0.00360   0.00568   0.05938   0.02836   0.00965   0.00720   0.04855   0.04942   0.05874   0.06124   0.00705   0.02322   0.00948   0.00958   0.00133   0.00575   0.00585   0.00600   0.00380   0.00729   0.00728   0.00455   0.00402   0.00626   0.00772   0.01536   0.00351   0.00113   0.00720   0.02012   0.01613   0.02415   0.03217   0.01292   0.00965   0.00855   0.02596   0.00084   0.00592   0.01889   0.01538   0.00105   0.00893   0.00731   0.00407   0.00209   5.05048   0.49028   1.49854   1.39608   0.31616   0.69641  
 97  0.0148  12348.157889  x:  0.27054   0.02421   0.27776   0.06383   0.13436   0.06606   0.05560   0.06670   0.09021   0.02692   0.02205   0.01180   0.10482   0.09640   0.14992   0.09582   0.00364   0.00557   0.06026   0.02806   0.00968   0.00722   0.04902   0.04951   0.05867   0.06141   0.00706   0.02289   0.00928   0.00953   0.00125   0.00572   0.00588   0.00575   0.00367   0.00711   0.00712   0.00456   0.00391   0.00603   0.00777   0.01516   0.00371   0.00124   0.00743   0.01960   0.01660   0.02410   0.03224   0.01319   0.00967   0.00831   0.02593   0.00085   0.00602   0.01901   0.01528   0.00105   0.00900   0.00730   0.00403   0.00206   5.04956   0.48780   1.50707   1.40797   0.31457   0.70947  
 98  0.0073  12348.072177  x:  0.27095   0.02369   0.27895   0.06429   0.13363   0.06606   0.05642   0.06686   0.09030   0.02733   0.02197   0.01152   0.10453   0.09658   0.15025   0.09560   0.00381   0.00564   0.05967   0.02783   0.00967   0.00719   0.04917   0.04951   0.05848   0.06129   0.00697   0.02318   0.00931   0.00951   0.00116   0.00591   0.00605   0.00587   0.00353   0.00735   0.00696   0.00434   0.00370   0.00591   0.00803   0.01516   0.00349   0.00135   0.00709   0.01945   0.01637   0.02401   0.03228   0.01313   0.00961   0.00852   0.02596   0.00093   0.00599   0.01882   0.01504   0.00107   0.00901   0.00729   0.00418   0.00192   5.03659   0.48675   1.50856   1.40497   0.31415   0.71784  
 99  0.0052  12348.004676  x:  0.27092   0.02408   0.27891   0.06335   0.13417   0.06600   0.05614   0.06681   0.09028   0.02693   0.02213   0.01115   0.10454   0.09737   0.15000   0.09578   0.00379   0.00560   0.05942   0.02792   0.00965   0.00719   0.04873   0.04945   0.05895   0.06155   0.00689   0.02322   0.00952   0.00955   0.00108   0.00603   0.00612   0.00606   0.00342   0.00707   0.00685   0.00431   0.00375   0.00589   0.00823   0.01523   0.00386   0.00141   0.00730   0.01968   0.01621   0.02377   0.03222   0.01298   0.00962   0.00870   0.02597   0.00102   0.00611   0.01881   0.01510   0.00110   0.00895   0.00721   0.00417   0.00187   5.03220   0.48755   1.50753   1.39292   0.31501   0.73969  
100  0.0134  12347.937825  x:  0.27049   0.02446   0.27739   0.06324   0.13502   0.06603   0.05529   0.06638   0.09019   0.02701   0.02215   0.01112   0.10493   0.09609   0.14991   0.09584   0.00364   0.00560   0.05989   0.02818   0.00966   0.00722   0.04876   0.04945   0.05815   0.06130   0.00701   0.02283   0.00968   0.00956   0.00105   0.00612   0.00597   0.00602   0.00338   0.00715   0.00691   0.00402   0.00367   0.00592   0.00840   0.01543   0.00374   0.00148   0.00720   0.01993   0.01653   0.02370   0.03220   0.01312   0.00968   0.00852   0.02588   0.00115   0.00598   0.01900   0.01535   0.00114   0.00893   0.00727   0.00418   0.00194   5.04076   0.48735   1.50760   1.39070   0.31600   0.72621  
101  0.0062  12347.871450  x:  0.27083   0.02519   0.27850   0.06338   0.13376   0.06619   0.05547   0.06669   0.09035   0.02665   0.02201   0.01126   0.10440   0.09667   0.14981   0.09543   0.00359   0.00560   0.05958   0.02810   0.00967   0.00717   0.04917   0.04953   0.05778   0.06102   0.00701   0.02337   0.00938   0.00951   0.00109   0.00612   0.00593   0.00591   0.00345   0.00725   0.00722   0.00389   0.00375   0.00610   0.00855   0.01558   0.00384   0.00157   0.00732   0.02030   0.01629   0.02379   0.03230   0.01309   0.00963   0.00837   0.02591   0.00128   0.00602   0.01888   0.01527   0.00119   0.00899   0.00731   0.00406   0.00189   5.02759   0.48965   1.50179   1.40819   0.31541   0.69883  
102  0.0109  12347.828490  x:  0.27077   0.02508   0.27853   0.06383   0.13433   0.06601   0.05579   0.06670   0.09021   0.02683   0.02219   0.01156   0.10454   0.09642   0.14991   0.09594   0.00368   0.00573   0.05968   0.02804   0.00965   0.00721   0.04844   0.04944   0.05791   0.06143   0.00689   0.02282   0.00924   0.00957   0.00112   0.00592   0.00588   0.00583   0.00347   0.00710   0.00735   0.00378   0.00381   0.00607   0.00852   0.01526   0.00391   0.00167   0.00721   0.02030   0.01629   0.02366   0.03221   0.01304   0.00962   0.00857   0.02597   0.00136   0.00597   0.01884   0.01509   0.00121   0.00896   0.00724   0.00413   0.00182   5.02978   0.48954   1.49732   1.40341   0.31535   0.68328  
103  0.0067  12347.788458  x:  0.27058   0.02514   0.27783   0.06387   0.13481   0.06597   0.05601   0.06643   0.09019   0.02688   0.02210   0.01155   0.10488   0.09675   0.14989   0.09560   0.00377   0.00569   0.05958   0.02795   0.00966   0.00723   0.04920   0.04949   0.05813   0.06117   0.00703   0.02301   0.00951   0.00954   0.00120   0.00582   0.00596   0.00598   0.00355   0.00725   0.00742   0.00363   0.00388   0.00604   0.00831   0.01493   0.00396   0.00175   0.00736   0.02002   0.01645   0.02377   0.03220   0.01310   0.00966   0.00869   0.02589   0.00139   0.00601   0.01892   0.01524   0.00121   0.00898   0.00733   0.00416   0.00187   5.03053   0.48872   1.49253   1.38867   0.31487   0.67731  
104  0.0053  12347.743148  x:  0.27052   0.02504   0.27804   0.06376   0.13400   0.06615   0.05572   0.06657   0.09026   0.02679   0.02203   0.01149   0.10460   0.09664   0.14954   0.09550   0.00360   0.00563   0.05982   0.02811   0.00967   0.00717   0.04876   0.04950   0.05820   0.06111   0.00695   0.02323   0.00964   0.00951   0.00127   0.00580   0.00603   0.00601   0.00363   0.00709   0.00724   0.00348   0.00404   0.00588   0.00795   0.01509   0.00395   0.00181   0.00705   0.01978   0.01628   0.02380   0.03224   0.01310   0.00965   0.00843   0.02591   0.00140   0.00604   0.01882   0.01532   0.00120   0.00893   0.00715   0.00410   0.00183   5.02244   0.48756   1.49400   1.38843   0.31475   0.68397  
105  0.0037  12347.714412  x:  0.27085   0.02455   0.27854   0.06369   0.13407   0.06612   0.05583   0.06672   0.09026   0.02685   0.02210   0.01140   0.10450   0.09628   0.14998   0.09576   0.00367   0.00560   0.05940   0.02796   0.00966   0.00719   0.04868   0.04946   0.05860   0.06128   0.00699   0.02288   0.00957   0.00955   0.00130   0.00586   0.00608   0.00600   0.00366   0.00718   0.00710   0.00341   0.00416   0.00594   0.00775   0.01544   0.00392   0.00185   0.00734   0.01978   0.01632   0.02382   0.03227   0.01305   0.00963   0.00839   0.02595   0.00139   0.00592   0.01887   0.01532   0.00118   0.00895   0.00730   0.00411   0.00186   5.01804   0.48905   1.49993   1.40005   0.31527   0.69693  
106  0.0102  12347.690439  x:  0.27076   0.02429   0.27824   0.06363   0.13463   0.06592   0.05559   0.06658   0.09021   0.02693   0.02218   0.01142   0.10471   0.09689   0.14999   0.09574   0.00369   0.00555   0.05988   0.02810   0.00967   0.00723   0.04905   0.04944   0.05852   0.06114   0.00709   0.02303   0.00931   0.00956   0.00129   0.00595   0.00599   0.00594   0.00367   0.00716   0.00697   0.00336   0.00425   0.00600   0.00770   0.01543   0.00390   0.00191   0.00721   0.02006   0.01642   0.02395   0.03221   0.01307   0.00965   0.00860   0.02592   0.00136   0.00603   0.01895   0.01515   0.00117   0.00897   0.00726   0.00408   0.00183   5.02373   0.49064   1.50469   1.40761   0.31564   0.70963  
107  0.0064  12347.664184  x:  0.27071   0.02454   0.27797   0.06363   0.13424   0.06619   0.05549   0.06661   0.09028   0.02701   0.02200   0.01143   0.10455   0.09640   0.15025   0.09569   0.00378   0.00554   0.05996   0.02815   0.00966   0.00717   0.04859   0.04953   0.05824   0.06152   0.00702   0.02320   0.00941   0.00950   0.00127   0.00604   0.00589   0.00588   0.00366   0.00724   0.00689   0.00339   0.00435   0.00599   0.00771   0.01522   0.00388   0.00200   0.00734   0.02042   0.01626   0.02407   0.03223   0.01308   0.00965   0.00862   0.02590   0.00128   0.00604   0.01881   0.01511   0.00115   0.00896   0.00733   0.00420   0.00186   5.02913   0.48768   1.49993   1.39810   0.31464   0.71941  
108  0.0044  12347.629670  x:  0.27069   0.02434   0.27862   0.06377   0.13397   0.06613   0.05590   0.06684   0.09021   0.02695   0.02209   0.01163   0.10452   0.09677   0.14951   0.09581   0.00365   0.00547   0.05955   0.02811   0.00966   0.00720   0.04921   0.04944   0.05819   0.06160   0.00701   0.02283   0.00961   0.00957   0.00121   0.00608   0.00587   0.00593   0.00361   0.00713   0.00697   0.00342   0.00450   0.00612   0.00782   0.01516   0.00379   0.00213   0.00726   0.02049   0.01635   0.02400   0.03226   0.01305   0.00963   0.00842   0.02596   0.00118   0.00600   0.01891   0.01529   0.00112   0.00896   0.00724   0.00419   0.00188   5.02518   0.48826   1.49412   1.39028   0.31475   0.71621  
109  0.0033  12347.602408  x:  0.27077   0.02453   0.27846   0.06319   0.13457   0.06590   0.05612   0.06652   0.09018   0.02691   0.02212   0.01158   0.10482   0.09652   0.15017   0.09558   0.00359   0.00553   0.05966   0.02795   0.00967   0.00722   0.04861   0.04948   0.05809   0.06114   0.00699   0.02321   0.00957   0.00954   0.00116   0.00602   0.00590   0.00589   0.00356   0.00716   0.00713   0.00340   0.00464   0.00603   0.00799   0.01529   0.00377   0.00223   0.00725   0.02017   0.01646   0.02396   0.03222   0.01312   0.00963   0.00849   0.02594   0.00112   0.00593   0.01887   0.01527   0.00110   0.00897   0.00727   0.00416   0.00189   5.01839   0.49003   1.49501   1.39843   0.31510   0.70690  
110  0.0051  12347.591944  x:  0.27066   0.02479   0.27814   0.06294   0.13435   0.06605   0.05571   0.06659   0.09026   0.02686   0.02209   0.01141   0.10460   0.09644   0.14974   0.09571   0.00366   0.00563   0.05952   0.02800   0.00966   0.00719   0.04891   0.04948   0.05816   0.06126   0.00698   0.02301   0.00945   0.00953   0.00116   0.00596   0.00595   0.00593   0.00356   0.00717   0.00717   0.00341   0.00471   0.00597   0.00804   0.01528   0.00373   0.00225   0.00724   0.02003   0.01632   0.02393   0.03224   0.01308   0.00964   0.00857   0.02591   0.00109   0.00601   0.01888   0.01523   0.00110   0.00897   0.00726   0.00414   0.00190   5.02058   0.48925   1.49744   1.39969   0.31531   0.70257  
111  0.0031  12347.588641  x:  0.27080   0.02479   0.27843   0.06292   0.13426   0.06611   0.05566   0.06673   0.09022   0.02689   0.02213   0.01135   0.10457   0.09661   0.15001   0.09565   0.00372   0.00566   0.05972   0.02810   0.00967   0.00721   0.04880   0.04946   0.05827   0.06117   0.00701   0.02304   0.00943   0.00956   0.00116   0.00594   0.00598   0.00596   0.00356   0.00715   0.00717   0.00342   0.00474   0.00600   0.00807   0.01527   0.00368   0.00225   0.00726   0.02006   0.01637   0.02384   0.03223   0.01305   0.00965   0.00850   0.02594   0.00110   0.00602   0.01892   0.01523   0.00111   0.00897   0.00727   0.00413   0.00192   5.02653   0.48900   1.49938   1.39780   0.31527   0.69941  
112  0.0027  12347.583913  x:  0.27079   0.02484   0.27850   0.06246   0.13442   0.06594   0.05581   0.06665   0.09028   0.02687   0.02209   0.01141   0.10470   0.09671   0.14986   0.09584   0.00368   0.00563   0.05985   0.02805   0.00966   0.00720   0.04884   0.04948   0.05836   0.06148   0.00700   0.02303   0.00947   0.00952   0.00117   0.00592   0.00601   0.00595   0.00356   0.00719   0.00713   0.00346   0.00475   0.00601   0.00811   0.01535   0.00363   0.00227   0.00725   0.02009   0.01632   0.02375   0.03223   0.01310   0.00963   0.00848   0.02595   0.00112   0.00604   0.01883   0.01518   0.00112   0.00898   0.00728   0.00412   0.00191   5.03019   0.48834   1.50224   1.39813   0.31501   0.69894  
113  0.0010  12347.579729  x:  0.27075   0.02479   0.27824   0.06216   0.13430   0.06610   0.05578   0.06675   0.09020   0.02686   0.02209   0.01151   0.10457   0.09665   0.14996   0.09558   0.00367   0.00560   0.05982   0.02809   0.00966   0.00719   0.04887   0.04948   0.05834   0.06134   0.00700   0.02301   0.00946   0.00956   0.00120   0.00590   0.00599   0.00596   0.00357   0.00716   0.00710   0.00352   0.00473   0.00600   0.00812   0.01532   0.00360   0.00230   0.00727   0.02007   0.01635   0.02376   0.03223   0.01305   0.00965   0.00857   0.02593   0.00115   0.00598   0.01890   0.01522   0.00114   0.00896   0.00727   0.00414   0.00189   5.02625   0.48874   1.50170   1.40076   0.31496   0.69840  
114  0.0015  12347.577300  x:  0.27076   0.02478   0.27844   0.06218   0.13431   0.06605   0.05572   0.06670   0.09024   0.02689   0.02211   0.01147   0.10462   0.09657   0.14988   0.09579   0.00367   0.00559   0.05964   0.02806   0.00967   0.00721   0.04883   0.04946   0.05823   0.06122   0.00698   0.02305   0.00943   0.00953   0.00120   0.00593   0.00597   0.00596   0.00358   0.00717   0.00709   0.00357   0.00472   0.00599   0.00812   0.01525   0.00358   0.00234   0.00726   0.02004   0.01636   0.02385   0.03222   0.01308   0.00964   0.00851   0.02594   0.00116   0.00600   0.01888   0.01523   0.00115   0.00896   0.00728   0.00414   0.00189   5.03002   0.48856   1.50156   1.39825   0.31531   0.69890  
115  0.0017  12347.576855  x:  0.27082   0.02476   0.27842   0.06223   0.13436   0.06603   0.05574   0.06667   0.09025   0.02688   0.02210   0.01143   0.10463   0.09657   0.14993   0.09565   0.00368   0.00560   0.05966   0.02803   0.00966   0.00719   0.04885   0.04947   0.05825   0.06125   0.00699   0.02303   0.00945   0.00955   0.00120   0.00594   0.00597   0.00594   0.00357   0.00717   0.00710   0.00358   0.00473   0.00599   0.00811   0.01527   0.00359   0.00235   0.00726   0.02003   0.01635   0.02386   0.03224   0.01307   0.00964   0.00851   0.02592   0.00117   0.00600   0.01889   0.01521   0.00115   0.00896   0.00727   0.00414   0.00189   5.03228   0.48840   1.50145   1.39772   0.31532   0.69901  
116  0.0012  12347.576645  x:  0.27076   0.02475   0.27839   0.06225   0.13435   0.06606   0.05576   0.06669   0.09023   0.02689   0.02210   0.01142   0.10461   0.09657   0.14988   0.09571   0.00368   0.00561   0.05968   0.02806   0.00966   0.00720   0.04885   0.04947   0.05825   0.06126   0.00699   0.02304   0.00946   0.00954   0.00120   0.00595   0.00596   0.00594   0.00357   0.00717   0.00711   0.00359   0.00473   0.00600   0.00808   0.01529   0.00359   0.00235   0.00725   0.02003   0.01636   0.02384   0.03223   0.01307   0.00964   0.00853   0.02593   0.00117   0.00601   0.01888   0.01522   0.00115   0.00896   0.00727   0.00414   0.00189   5.03258   0.48851   1.50116   1.39832   0.31529   0.70005  
117  0.0005  12347.576540  x:  0.27079   0.02477   0.27841   0.06220   0.13434   0.06604   0.05575   0.06668   0.09024   0.02689   0.02210   0.01143   0.10463   0.09657   0.14989   0.09569   0.00368   0.00561   0.05968   0.02806   0.00966   0.00720   0.04884   0.04947   0.05823   0.06128   0.00699   0.02304   0.00945   0.00954   0.00119   0.00595   0.00596   0.00594   0.00356   0.00717   0.00713   0.00359   0.00472   0.00599   0.00806   0.01528   0.00359   0.00235   0.00726   0.02002   0.01635   0.02384   0.03223   0.01307   0.00964   0.00852   0.02593   0.00117   0.00601   0.01889   0.01522   0.00115   0.00896   0.00727   0.00414   0.00189   5.03181   0.48854   1.50096   1.39835   0.31529   0.70088  
118  0.0004  12347.576508  x:  0.27078   0.02476   0.27842   0.06218   0.13435   0.06605   0.05574   0.06670   0.09024   0.02689   0.02210   0.01143   0.10462   0.09658   0.14990   0.09570   0.00368   0.00562   0.05968   0.02805   0.00966   0.00720   0.04885   0.04947   0.05823   0.06126   0.00700   0.02304   0.00945   0.00954   0.00119   0.00595   0.00597   0.00594   0.00356   0.00717   0.00713   0.00359   0.00472   0.00599   0.00805   0.01528   0.00358   0.00235   0.00726   0.02003   0.01635   0.02386   0.03223   0.01307   0.00964   0.00852   0.02593   0.00117   0.00600   0.01888   0.01522   0.00115   0.00896   0.00727   0.00414   0.00189   5.03199   0.48847   1.50104   1.39794   0.31528   0.70109  
119  0.0002  12347.576500  x:  0.27078   0.02477   0.27841   0.06219   0.13434   0.06604   0.05575   0.06669   0.09024   0.02689   0.02210   0.01143   0.10462   0.09658   0.14990   0.09570   0.00368   0.00561   0.05967   0.02805   0.00966   0.00720   0.04884   0.04947   0.05823   0.06127   0.00699   0.02304   0.00945   0.00954   0.00119   0.00594   0.00597   0.00594   0.00356   0.00717   0.00713   0.00359   0.00472   0.00599   0.00805   0.01528   0.00358   0.00235   0.00726   0.02003   0.01635   0.02386   0.03223   0.01307   0.00964   0.00852   0.02593   0.00117   0.00600   0.01889   0.01522   0.00115   0.00896   0.00727   0.00413   0.00189   5.03208   0.48848   1.50121   1.39809   0.31528   0.70086  
120  0.0002  12347.576494  x:  0.27079   0.02477   0.27841   0.06219   0.13435   0.06604   0.05575   0.06669   0.09024   0.02689   0.02210   0.01143   0.10462   0.09657   0.14989   0.09570   0.00368   0.00561   0.05968   0.02805   0.00966   0.00720   0.04885   0.04947   0.05823   0.06126   0.00699   0.02304   0.00945   0.00954   0.00119   0.00594   0.00597   0.00594   0.00357   0.00717   0.00712   0.00359   0.00472   0.00599   0.00805   0.01528   0.00358   0.00235   0.00726   0.02003   0.01635   0.02386   0.03223   0.01307   0.00964   0.00852   0.02593   0.00117   0.00600   0.01889   0.01522   0.00115   0.00896   0.00727   0.00414   0.00189   5.03204   0.48849   1.50140   1.39834   0.31529   0.70046  
121  0.0001  12347.576490  x:  0.27078   0.02477   0.27841   0.06219   0.13435   0.06605   0.05575   0.06669   0.09024   0.02689   0.02210   0.01143   0.10462   0.09657   0.14990   0.09570   0.00368   0.00561   0.05967   0.02805   0.00966   0.00720   0.04885   0.04947   0.05824   0.06126   0.00699   0.02304   0.00945   0.00954   0.00119   0.00594   0.00597   0.00594   0.00357   0.00717   0.00712   0.00359   0.00472   0.00599   0.00805   0.01528   0.00359   0.00235   0.00726   0.02003   0.01635   0.02386   0.03223   0.01307   0.00964   0.00852   0.02593   0.00117   0.00600   0.01889   0.01522   0.00115   0.00896   0.00727   0.00414   0.00189   5.03189   0.48848   1.50132   1.39820   0.31529   0.70020  
122  0.0001  12347.576489  x:  0.27078   0.02477   0.27841   0.06218   0.13435   0.06604   0.05575   0.06669   0.09024   0.02689   0.02210   0.01143   0.10462   0.09658   0.14990   0.09570   0.00368   0.00561   0.05967   0.02805   0.00966   0.00720   0.04885   0.04947   0.05824   0.06126   0.00699   0.02304   0.00945   0.00954   0.00119   0.00594   0.00597   0.00594   0.00357   0.00717   0.00712   0.00359   0.00472   0.00599   0.00805   0.01528   0.00358   0.00235   0.00726   0.02003   0.01635   0.02386   0.03223   0.01307   0.00964   0.00852   0.02593   0.00117   0.00600   0.01889   0.01522   0.00115   0.00896   0.00727   0.00414   0.00189   5.03191   0.48848   1.50121   1.39810   0.31529   0.70025  
123  0.0001  12347.576488  x:  0.27078   0.02477   0.27841   0.06218   0.13435   0.06604   0.05575   0.06669   0.09024   0.02689   0.02210   0.01143   0.10462   0.09658   0.14990   0.09570   0.00368   0.00561   0.05967   0.02805   0.00966   0.00720   0.04885   0.04947   0.05824   0.06126   0.00699   0.02304   0.00945   0.00954   0.00119   0.00594   0.00597   0.00594   0.00357   0.00717   0.00712   0.00359   0.00472   0.00599   0.00805   0.01528   0.00358   0.00235   0.00726   0.02003   0.01635   0.02386   0.03223   0.01307   0.00964   0.00852   0.02593   0.00117   0.00600   0.01889   0.01522   0.00114   0.00896   0.00727   0.00414   0.00189   5.03200   0.48848   1.50119   1.39813   0.31529   0.70038  
124  0.0001  12347.576488  x:  0.27078   0.02477   0.27841   0.06218   0.13435   0.06604   0.05575   0.06669   0.09024   0.02689   0.02210   0.01143   0.10462   0.09658   0.14990   0.09570   0.00368   0.00561   0.05967   0.02805   0.00966   0.00720   0.04885   0.04947   0.05824   0.06126   0.00699   0.02304   0.00945   0.00954   0.00119   0.00594   0.00597   0.00594   0.00357   0.00717   0.00712   0.00359   0.00472   0.00599   0.00805   0.01528   0.00358   0.00235   0.00726   0.02003   0.01635   0.02386   0.03223   0.01307   0.00964   0.00852   0.02593   0.00117   0.00600   0.01889   0.01522   0.00114   0.00896   0.00727   0.00414   0.00189   5.03201   0.48849   1.50121   1.39817   0.31529   0.70043  
125  0.0000  12347.576488  x:  0.27078   0.02477   0.27841   0.06218   0.13435   0.06604   0.05575   0.06669   0.09024   0.02689   0.02210   0.01143   0.10462   0.09658   0.14990   0.09570   0.00368   0.00561   0.05967   0.02805   0.00966   0.00720   0.04885   0.04947   0.05824   0.06126   0.00699   0.02304   0.00945   0.00954   0.00119   0.00594   0.00597   0.00594   0.00357   0.00717   0.00712   0.00359   0.00472   0.00599   0.00805   0.01528   0.00358   0.00235   0.00726   0.02003   0.01635   0.02386   0.03223   0.01307   0.00964   0.00852   0.02593   0.00117   0.00600   0.01889   0.01522   0.00114   0.00896   0.00727   0.00414   0.00189   5.03201   0.48848   1.50123   1.39815   0.31529   0.70050  
126  0.0000  12347.576488  x:  0.27078   0.02477   0.27841   0.06218   0.13435   0.06604   0.05575   0.06669   0.09024   0.02689   0.02210   0.01143   0.10462   0.09658   0.14990   0.09570   0.00368   0.00561   0.05967   0.02805   0.00966   0.00720   0.04885   0.04947   0.05824   0.06126   0.00699   0.02304   0.00945   0.00954   0.00119   0.00594   0.00597   0.00594   0.00357   0.00717   0.00712   0.00359   0.00472   0.00599   0.00805   0.01528   0.00358   0.00235   0.00726   0.02003   0.01635   0.02386   0.03223   0.01307   0.00964   0.00852   0.02593   0.00117   0.00600   0.01889   0.01522   0.00114   0.00896   0.00727   0.00414   0.00189   5.03201   0.48848   1.50124   1.39814   0.31529   0.70053  
127  0.0000  12347.576488  x:  0.27078   0.02477   0.27841   0.06218   0.13435   0.06604   0.05575   0.06669   0.09024   0.02689   0.02210   0.01143   0.10462   0.09658   0.14990   0.09570   0.00368   0.00561   0.05967   0.02805   0.00966   0.00720   0.04885   0.04947   0.05824   0.06126   0.00699   0.02304   0.00945   0.00954   0.00119   0.00594   0.00597   0.00594   0.00357   0.00717   0.00712   0.00359   0.00472   0.00599   0.00805   0.01528   0.00358   0.00235   0.00726   0.02003   0.01635   0.02386   0.03223   0.01307   0.00964   0.00852   0.02593   0.00117   0.00600   0.01889   0.01522   0.00114   0.00896   0.00727   0.00414   0.00189   5.03201   0.48848   1.50124   1.39816   0.31529   0.70051  
128  0.0000  12347.576488  x:  0.27078   0.02477   0.27841   0.06218   0.13435   0.06604   0.05575   0.06669   0.09024   0.02689   0.02210   0.01143   0.10462   0.09658   0.14990   0.09570   0.00368   0.00561   0.05967   0.02805   0.00966   0.00720   0.04885   0.04947   0.05824   0.06126   0.00699   0.02304   0.00945   0.00954   0.00119   0.00594   0.00597   0.00594   0.00357   0.00717   0.00712   0.00359   0.00472   0.00599   0.00805   0.01528   0.00358   0.00235   0.00726   0.02003   0.01635   0.02386   0.03223   0.01307   0.00964   0.00852   0.02593   0.00117   0.00600   0.01889   0.01522   0.00114   0.00896   0.00727   0.00414   0.00189   5.03200   0.48848   1.50124   1.39816   0.31529   0.70048  
129  0.0000  12347.576488  x:  0.27078   0.02477   0.27841   0.06218   0.13435   0.06604   0.05575   0.06669   0.09024   0.02689   0.02210   0.01143   0.10462   0.09658   0.14990   0.09570   0.00368   0.00561   0.05967   0.02805   0.00966   0.00720   0.04885   0.04947   0.05824   0.06126   0.00699   0.02304   0.00945   0.00954   0.00119   0.00594   0.00597   0.00594   0.00357   0.00717   0.00712   0.00359   0.00472   0.00599   0.00805   0.01528   0.00358   0.00235   0.00726   0.02003   0.01635   0.02386   0.03223   0.01307   0.00964   0.00852   0.02593   0.00117   0.00600   0.01889   0.01522   0.00114   0.00896   0.00727   0.00414   0.00189   5.03200   0.48848   1.50123   1.39815   0.31529   0.70047  
130  0.0000  12347.576488  x:  0.27078   0.02477   0.27841   0.06218   0.13435   0.06604   0.05575   0.06669   0.09024   0.02689   0.02210   0.01143   0.10462   0.09658   0.14990   0.09570   0.00368   0.00561   0.05967   0.02805   0.00966   0.00720   0.04885   0.04947   0.05824   0.06126   0.00699   0.02304   0.00945   0.00954   0.00119   0.00594   0.00597   0.00594   0.00357   0.00717   0.00712   0.00359   0.00472   0.00599   0.00805   0.01528   0.00358   0.00235   0.00726   0.02003   0.01635   0.02386   0.03223   0.01307   0.00964   0.00852   0.02593   0.00117   0.00600   0.01889   0.01522   0.00114   0.00896   0.00727   0.00414   0.00189   5.03200   0.48848   1.50123   1.39815   0.31529   0.70047  
131  0.0000  12347.576488  x:  0.27078   0.02477   0.27841   0.06218   0.13435   0.06604   0.05575   0.06669   0.09024   0.02689   0.02210   0.01143   0.10462   0.09658   0.14990   0.09570   0.00368   0.00561   0.05967   0.02805   0.00966   0.00720   0.04885   0.04947   0.05824   0.06126   0.00699   0.02304   0.00945   0.00954   0.00119   0.00594   0.00597   0.00594   0.00357   0.00717   0.00712   0.00359   0.00472   0.00599   0.00805   0.01528   0.00358   0.00235   0.00726   0.02003   0.01635   0.02386   0.03223   0.01307   0.00964   0.00852   0.02593   0.00117   0.00600   0.01889   0.01522   0.00114   0.00896   0.00727   0.00414   0.00189   5.03200   0.48848   1.50123   1.39815   0.31529   0.70047  