

TREE # 1

  0  0.0000  13296.590882  x:  0.26247   0.00852   0.24163   0.04696   0.12829   0.06323   0.06122   0.05600   0.08518   0.02508   0.02306   0.00075   0.10757   0.08304   0.12050   0.08695   0.00343   0.00216   0.05327   0.03268   0.00957   0.00716   0.04537   0.04756   0.04883   0.05531   0.00440   0.02180   0.00942   0.00911   0.00134   0.00647   0.00547   0.00518   0.00416   0.00529   0.00867   0.00355   0.00428   0.00649   0.00896   0.01638   0.00341   0.00255   0.00545   0.01817   0.01782   0.02236   0.03094   0.01303   0.00973   0.00774   0.02614   0.00071   0.00645   0.01816   0.01570   0.00124   0.00861   0.00572   0.00378   0.00219   0.97509   0.84319   0.91843   0.92950   1.14928   1.17658  
  1 99.0000  13278.828228  x:  0.26229   0.01319   0.24195   0.04835   0.12828   0.06318   0.06098   0.05660   0.08546   0.02530   0.02288   0.01934   0.10747   0.08370   0.12130   0.08720   0.00374   0.00844   0.05364   0.03207   0.00960   0.00716   0.04584   0.04763   0.04926   0.05563   0.00656   0.02205   0.00942   0.00934   0.00077   0.00607   0.00592   0.00592   0.00346   0.00705   0.00778   0.00358   0.00483   0.00608   0.00881   0.01599   0.00364   0.00221   0.00700   0.01859   0.01744   0.02300   0.03100   0.01310   0.00962   0.00794   0.02606   0.00405   0.00609   0.01827   0.01546   0.00159   0.00881   0.00701   0.00411   0.00170   0.97920   0.84299   0.91882   0.92949   1.14650   1.17655  
  2 3627.5156  13271.696028  x:  0.26201   0.01694   0.24237   0.04987   0.12824   0.06319   0.06059   0.05691   0.08550   0.02566   0.02254   0.02082   0.10709   0.08420   0.12223   0.08748   0.00381   0.00781   0.05406   0.03128   0.00962   0.00717   0.04628   0.04768   0.04982   0.05601   0.00693   0.02231   0.00942   0.00950   0.00388   0.00590   0.00603   0.00606   0.00355   0.00740   0.00716   0.00357   0.00481   0.00590   0.00855   0.01558   0.00356   0.00260   0.00738   0.01902   0.01703   0.02365   0.03109   0.01316   0.00954   0.00808   0.02595   0.00046   0.00591   0.01837   0.01524   0.00079   0.00888   0.00737   0.00421   0.00217   0.98460   0.84272   0.91933   0.92947   1.14283   1.17651  
  3 1366.8720  13245.884313  x:  0.26024   0.03638   0.24485   0.05854   0.12795   0.06332   0.05826   0.05851   0.08556   0.02777   0.02057   0.01991   0.10472   0.08702   0.12765   0.08911   0.00398   0.00092   0.05654   0.02670   0.00971   0.00718   0.04879   0.04800   0.05311   0.05828   0.00759   0.02373   0.00940   0.01018   0.00831   0.00536   0.00628   0.00626   0.00418   0.00811   0.00461   0.00352   0.00446   0.00535   0.00717   0.01347   0.00320   0.00322   0.00839   0.02129   0.01482   0.02718   0.03154   0.01349   0.00915   0.00863   0.02537   0.00450   0.00539   0.01897   0.01415   0.00447   0.00931   0.00838   0.00418   0.00279   1.01759   0.84104   0.92245   0.92937   1.12032   1.17626  
  4 3088.1168  13190.245067  x:  0.25391   0.09412   0.25314   0.08592   0.12687   0.06380   0.05062   0.06332   0.08558   0.03411   0.01477   0.00359   0.09657   0.09619   0.14542   0.09439   0.00466   0.01932   0.06468   0.01315   0.00987   0.00720   0.05687   0.04909   0.06362   0.06555   0.00725   0.02764   0.00945   0.01139   0.00981   0.00529   0.00614   0.00582   0.00466   0.00785   0.00410   0.00354   0.00385   0.00533   0.00455   0.00841   0.00343   0.00178   0.00891   0.02747   0.00921   0.03731   0.03282   0.01429   0.00838   0.00947   0.02377   0.00984   0.00531   0.02057   0.01136   0.00927   0.00979   0.00907   0.00274   0.00192   1.13163   0.83522   0.93326   0.92904   1.04201   1.17541  
  5 10334.2552  13143.370170  x:  0.25044   0.11477   0.25681   0.09597   0.12631   0.06409   0.04814   0.06505   0.08581   0.03517   0.01607   0.00153   0.09320   0.10005   0.15291   0.09630   0.00479   0.01832   0.06760   0.01620   0.00970   0.00719   0.05895   0.04941   0.06717   0.06800   0.00625   0.02769   0.00961   0.01028   0.00000   0.00660   0.00563   0.00555   0.00285   0.00622   0.01131   0.00364   0.00561   0.00665   0.00991   0.01389   0.00386   0.00433   0.00680   0.02764   0.01394   0.03891   0.03291   0.01403   0.00916   0.00835   0.02387   0.00753   0.00655   0.02039   0.01292   0.00557   0.00871   0.00693   0.00522   0.00347   1.19092   0.83214   0.93896   0.92888   0.99998   1.17496  
  6 6764.8877  13125.945008  x:  0.24790   0.12711   0.25931   0.10229   0.12590   0.06431   0.04662   0.06611   0.08600   0.03551   0.01772   0.00000   0.09093   0.10262   0.15792   0.09750   0.00484   0.01900   0.06946   0.02004   0.00952   0.00718   0.06007   0.04960   0.06935   0.06950   0.00513   0.02735   0.00974   0.00913   0.00028   0.00791   0.00511   0.00522   0.00113   0.00456   0.01820   0.00374   0.00718   0.00797   0.01484   0.01914   0.00436   0.00597   0.00464   0.02714   0.01858   0.03930   0.03286   0.01370   0.00994   0.00721   0.02412   0.00936   0.00780   0.02008   0.01456   0.00297   0.00770   0.00475   0.00723   0.00416   1.23339   0.82991   0.94306   0.92877   0.96964   1.17464  
  7 31534.7206  13125.945008  x:  0.24790   0.12711   0.25931   0.10229   0.12590   0.06431   0.04662   0.06611   0.08600   0.03551   0.01772   0.00000   0.09093   0.10262   0.15792   0.09750   0.00484   0.01900   0.06946   0.02004   0.00952   0.00718   0.06007   0.04960   0.06935   0.06950   0.00513   0.02735   0.00974   0.00913   0.00028   0.00791   0.00511   0.00522   0.00113   0.00456   0.01820   0.00374   0.00718   0.00797   0.01484   0.01914   0.00436   0.00597   0.00464   0.02714   0.01858   0.03930   0.03286   0.01370   0.00994   0.00721   0.02412   0.00936   0.00780   0.02008   0.01456   0.00297   0.00770   0.00475   0.00723   0.00416   1.23339   0.82991   0.94306   0.92877   0.96964   1.17464  
  8 11240.6075  13107.561388  x:  0.24775   0.12509   0.25914   0.10111   0.12592   0.06432   0.04727   0.06603   0.08623   0.03470   0.01843   0.01343   0.09142   0.10247   0.15747   0.09721   0.00450   0.01684   0.06893   0.02112   0.00956   0.00718   0.05938   0.04951   0.06871   0.06899   0.00576   0.02684   0.00949   0.00928   0.01096   0.00707   0.00570   0.00570   0.00858   0.00651   0.01611   0.00358   0.00602   0.00710   0.01355   0.01844   0.00373   0.00390   0.00642   0.02624   0.01817   0.03814   0.03272   0.01358   0.00979   0.00749   0.02435   0.00639   0.00698   0.01983   0.01463   0.00139   0.00817   0.00651   0.00569   0.00243   1.23534   0.82978   0.94329   0.92877   0.96759   1.17462  
  9 4991.0406  13088.731543  x:  0.24744   0.12082   0.25880   0.09866   0.12589   0.06440   0.04849   0.06544   0.08628   0.03315   0.01950   0.01652   0.09204   0.10182   0.15653   0.09661   0.00396   0.01249   0.06784   0.02305   0.00961   0.00718   0.05800   0.04932   0.06740   0.06794   0.00642   0.02586   0.00914   0.00949   0.00788   0.00583   0.00614   0.00610   0.00668   0.00762   0.01200   0.00352   0.00437   0.00585   0.01111   0.01715   0.00329   0.00088   0.00757   0.02449   0.01741   0.03577   0.03246   0.01337   0.00957   0.00787   0.02474   0.00049   0.00583   0.01937   0.01480   0.00076   0.00885   0.00763   0.00356   0.00053   1.23943   0.82950   0.94376   0.92877   0.96326   1.17458  
 10 1933.4788  13085.087472  x:  0.24735   0.11956   0.25870   0.09795   0.12588   0.06442   0.04883   0.06527   0.08630   0.03272   0.01978   0.01746   0.09222   0.10163   0.15626   0.09644   0.00384   0.01127   0.06753   0.02357   0.00963   0.00718   0.05761   0.04927   0.06702   0.06764   0.00657   0.02559   0.00906   0.00954   0.00712   0.00557   0.00623   0.00617   0.00627   0.00787   0.01089   0.00351   0.00406   0.00559   0.01046   0.01681   0.00324   0.00123   0.00782   0.02400   0.01721   0.03510   0.03240   0.01332   0.00952   0.00797   0.02484   0.00008   0.00560   0.01925   0.01486   0.00093   0.00899   0.00787   0.00324   0.00123   1.24063   0.82942   0.94390   0.92877   0.96200   1.17456  
 11 5257.7994  13069.120701  x:  0.24683   0.11219   0.25812   0.09374   0.12582   0.06453   0.05087   0.06427   0.08638   0.03015   0.02146   0.02296   0.09328   0.10053   0.15464   0.09543   0.00308   0.00409   0.06567   0.02664   0.00971   0.00717   0.05529   0.04896   0.06480   0.06586   0.00749   0.02398   0.00860   0.00984   0.00249   0.00398   0.00678   0.00666   0.00374   0.00936   0.00426   0.00345   0.00212   0.00397   0.00660   0.01476   0.00288   0.00194   0.00938   0.02113   0.01600   0.03112   0.03198   0.01300   0.00920   0.00853   0.02544   0.00064   0.00415   0.01852   0.01517   0.00155   0.00986   0.00938   0.00113   0.00377   1.24771   0.82893   0.94471   0.92878   0.95452   1.17449  
 12 50204.3960  13063.048447  x:  0.24656   0.10830   0.25783   0.09156   0.12579   0.06459   0.05182   0.06376   0.08640   0.02896   0.02212   0.02527   0.09380   0.09996   0.15381   0.09492   0.00298   0.00184   0.06474   0.02793   0.00972   0.00717   0.05419   0.04883   0.06369   0.06501   0.00775   0.02327   0.00860   0.00990   0.00053   0.00423   0.00681   0.00669   0.00321   0.00964   0.00294   0.00348   0.00359   0.00424   0.00547   0.01400   0.00313   0.00200   0.00968   0.01990   0.01555   0.02922   0.03177   0.01290   0.00914   0.00864   0.02573   0.00065   0.00435   0.01824   0.01521   0.00161   0.01008   0.00966   0.00365   0.00363   1.25145   0.82868   0.94514   0.92878   0.95054   1.17445  
 13 4285.1844  13047.342843  x:  0.24585   0.09792   0.25706   0.08582   0.12570   0.06471   0.05420   0.06235   0.08637   0.02607   0.02356   0.02697   0.09508   0.09840   0.15161   0.09360   0.00308   0.00276   0.06236   0.03095   0.00974   0.00716   0.05147   0.04854   0.06082   0.06283   0.00810   0.02159   0.00884   0.00996   0.00074   0.00528   0.00657   0.00647   0.00045   0.00942   0.00474   0.00360   0.00454   0.00530   0.00415   0.01249   0.00374   0.00298   0.00958   0.01712   0.01465   0.02449   0.03126   0.01273   0.00909   0.00877   0.02637   0.00066   0.00530   0.01764   0.01529   0.00142   0.01035   0.00950   0.00346   0.00313   1.26151   0.82798   0.94630   0.92880   0.93982   1.17434  
 14 3542.8677  13035.899154  x:  0.24531   0.09012   0.25649   0.08151   0.12563   0.06481   0.05596   0.06129   0.08633   0.02396   0.02458   0.02719   0.09602   0.09722   0.14996   0.09262   0.00316   0.00348   0.06059   0.03314   0.00975   0.00716   0.04945   0.04832   0.05868   0.06122   0.00833   0.02036   0.00903   0.01000   0.00005   0.00594   0.00636   0.00629   0.00115   0.00913   0.00590   0.00368   0.00493   0.00596   0.00341   0.01144   0.00412   0.00356   0.00939   0.01512   0.01402   0.02102   0.03089   0.01261   0.00906   0.00884   0.02682   0.00067   0.00591   0.01720   0.01536   0.00137   0.01052   0.00927   0.00293   0.00281   1.26907   0.82746   0.94717   0.92881   0.93175   1.17426  
 15 27262.5098  13016.139841  x:  0.24375   0.06717   0.25482   0.06886   0.12543   0.06508   0.06112   0.05811   0.08616   0.01779   0.02758   0.02506   0.09873   0.09371   0.14510   0.08974   0.00328   0.00385   0.05538   0.03956   0.00979   0.00715   0.04351   0.04767   0.05242   0.05648   0.00899   0.01679   0.00953   0.01011   0.00099   0.00760   0.00577   0.00578   0.00299   0.00809   0.00762   0.00391   0.00625   0.00762   0.00130   0.00838   0.00518   0.00474   0.00869   0.00933   0.01216   0.01090   0.02980   0.01226   0.00897   0.00909   0.02817   0.00067   0.00742   0.01595   0.01555   0.00165   0.01104   0.00845   0.00242   0.00201   1.29133   0.82592   0.94973   0.92884   0.90800   1.17403  
 16 93201.0826  13003.507750  x:  0.24257   0.04966   0.25358   0.05942   0.12529   0.06525   0.06476   0.05586   0.08607   0.01418   0.02952   0.02474   0.10075   0.09112   0.14146   0.08766   0.00329   0.00391   0.05166   0.04380   0.00980   0.00715   0.03942   0.04723   0.04795   0.05323   0.00940   0.01483   0.00993   0.01011   0.00115   0.00792   0.00558   0.00562   0.00327   0.00753   0.00769   0.00385   0.00610   0.00795   0.00781   0.00772   0.00510   0.00467   0.00825   0.00742   0.01149   0.00575   0.02910   0.01212   0.00900   0.00919   0.02900   0.00070   0.00774   0.01532   0.01562   0.00147   0.01118   0.00796   0.00262   0.00232   1.30857   0.82472   0.95171   0.92887   0.88951   1.17385  
 17 12970.1321  12964.134051  x:  0.24002   0.01046   0.25095   0.03925   0.12508   0.06545   0.07192   0.05144   0.08593   0.01145   0.03257   0.02458   0.10505   0.08559   0.13350   0.08348   0.00339   0.00632   0.04441   0.05102   0.00972   0.00714   0.03220   0.04645   0.03939   0.04737   0.00847   0.01409   0.01033   0.00982   0.00126   0.00725   0.00571   0.00572   0.00354   0.00653   0.00774   0.00337   0.00462   0.00727   0.00802   0.01170   0.00338   0.00330   0.00703   0.01394   0.01258   0.01281   0.02808   0.01228   0.00943   0.00911   0.03020   0.00082   0.00716   0.01519   0.01544   0.00108   0.01049   0.00678   0.00472   0.00384   1.34873   0.82191   0.95633   0.92894   0.84606   1.17342  
 18 7245.5681  12948.291840  x:  0.23919   0.00000   0.24993   0.03440   0.12527   0.06520   0.07388   0.05094   0.08597   0.02183   0.03173   0.02476   0.10697   0.08324   0.13018   0.08226   0.00366   0.00490   0.04369   0.05089   0.00966   0.00715   0.03426   0.04641   0.03845   0.04679   0.00675   0.01942   0.00994   0.00955   0.00127   0.00656   0.00588   0.00587   0.00356   0.00786   0.00809   0.00463   0.00758   0.00660   0.00862   0.01168   0.00586   0.00499   0.00758   0.01225   0.01493   0.01223   0.02867   0.01286   0.00956   0.00814   0.02946   0.00069   0.00654   0.01705   0.01498   0.00518   0.00928   0.00774   0.00237   0.00125   1.37645   0.81991   0.95955   0.92902   0.81497   1.17312  
 19 2401.3524  12896.258331  x:  0.23770   0.00245   0.24745   0.02526   0.12583   0.06462   0.07935   0.04962   0.08593   0.03300   0.02953   0.02417   0.11212   0.07711   0.12266   0.07914   0.00333   0.00624   0.04169   0.05157   0.00962   0.00716   0.03778   0.04619   0.03593   0.04491   0.00549   0.02579   0.00900   0.00942   0.00124   0.00590   0.00587   0.00588   0.00352   0.00847   0.00947   0.00313   0.00648   0.00590   0.00760   0.01052   0.00479   0.00000   0.00815   0.00904   0.01722   0.00971   0.02979   0.01354   0.00946   0.00735   0.02801   0.00098   0.00596   0.01955   0.01429   0.00001   0.00759   0.00837   0.00449   0.00716   1.45181   0.81445   0.96830   0.92925   0.73015   1.17229  
 20 4938.9122  12896.221839  x:  0.23770   0.00245   0.24745   0.02525   0.12583   0.06462   0.07935   0.04962   0.08593   0.03301   0.02953   0.02417   0.11212   0.07711   0.12266   0.07914   0.00333   0.00624   0.04169   0.05158   0.00962   0.00716   0.03778   0.04619   0.03593   0.04491   0.00549   0.02579   0.00900   0.00942   0.00124   0.00590   0.00587   0.00588   0.00352   0.00847   0.00947   0.00313   0.00648   0.00590   0.00760   0.01052   0.00479   0.00000   0.00815   0.00904   0.01722   0.00971   0.02979   0.01354   0.00946   0.00735   0.02801   0.00098   0.00596   0.01955   0.01429   0.00000   0.00759   0.00837   0.00450   0.00716   1.45185   0.81445   0.96830   0.92925   0.73011   1.17229  
 21 137577.8508  12838.214665  x:  0.23588   0.00915   0.24433   0.01380   0.12653   0.06395   0.08649   0.04776   0.08585   0.04272   0.02716   0.02373   0.11865   0.06937   0.11332   0.07513   0.00252   0.00846   0.03881   0.05322   0.00962   0.00716   0.04108   0.04584   0.03235   0.04226   0.00492   0.03172   0.00780   0.00941   0.00122   0.00462   0.00608   0.00608   0.00351   0.00901   0.01032   0.00023   0.00240   0.00455   0.00708   0.00960   0.00104   0.00012   0.00905   0.00685   0.01924   0.00809   0.03094   0.01415   0.00924   0.00690   0.02653   0.00104   0.00479   0.02202   0.01353   0.00077   0.00627   0.00915   0.00830   0.00712   1.54620   0.80762   0.97925   0.92953   0.62394   1.17126  
 22 136028.1571  12825.200629  x:  0.23532   0.01136   0.24336   0.01049   0.12674   0.06374   0.08871   0.04719   0.08583   0.04536   0.02646   0.02362   0.12068   0.06699   0.11044   0.07390   0.00227   0.00911   0.03792   0.05377   0.00962   0.00716   0.04200   0.04573   0.03126   0.04144   0.00485   0.03335   0.00747   0.00942   0.00122   0.00427   0.00614   0.00614   0.00352   0.00912   0.01048   0.00173   0.00117   0.00419   0.00698   0.00936   0.00022   0.00015   0.00930   0.00642   0.01976   0.00774   0.03127   0.01432   0.00916   0.00682   0.02610   0.00106   0.00447   0.02271   0.01333   0.00096   0.00597   0.00934   0.00939   0.00710   1.57548   0.80550   0.98265   0.92962   0.59097   1.17094  
 23 221089.1510  12814.904339  x:  0.23489   0.01317   0.24262   0.00815   0.12691   0.06358   0.09043   0.04676   0.08582   0.04701   0.02595   0.02356   0.12222   0.06519   0.10825   0.07295   0.00207   0.00959   0.03722   0.05425   0.00962   0.00716   0.04261   0.04565   0.03042   0.04081   0.00491   0.03441   0.00723   0.00944   0.00123   0.00399   0.00620   0.00619   0.00354   0.00917   0.01046   0.00244   0.00030   0.00389   0.00699   0.00925   0.00133   0.00017   0.00949   0.00637   0.02008   0.00769   0.03150   0.01442   0.00910   0.00682   0.02580   0.00106   0.00421   0.02316   0.01320   0.00109   0.00584   0.00947   0.01005   0.00705   1.59789   0.80388   0.98525   0.92969   0.56573   1.17070  
 24 222143.5501  12784.971132  x:  0.23356   0.01925   0.24031   0.00193   0.12742   0.06310   0.09589   0.04540   0.08576   0.05077   0.02455   0.02322   0.12710   0.05959   0.10142   0.07001   0.00134   0.01122   0.03499   0.05603   0.00965   0.00716   0.04406   0.04535   0.02780   0.03877   0.00551   0.03696   0.00653   0.00957   0.00128   0.00275   0.00647   0.00645   0.00366   0.00929   0.00961   0.00400   0.00313   0.00263   0.00737   0.00909   0.00311   0.00020   0.01012   0.00720   0.02071   0.00824   0.03215   0.01461   0.00886   0.00709   0.02498   0.00109   0.00308   0.02428   0.01293   0.00138   0.00588   0.00985   0.00932   0.00712   1.66844   0.79876   0.99343   0.92992   0.48624   1.16993  
 25 159373.2162  12682.138820  x:  0.22992   0.02640   0.23440   0.01106   0.12893   0.06184   0.11028   0.04258   0.08573   0.05894   0.02159   0.02262   0.13974   0.04577   0.08370   0.06258   0.00155   0.01257   0.02943   0.06119   0.00972   0.00716   0.04639   0.04464   0.02174   0.03370   0.00722   0.04204   0.00606   0.00984   0.00140   0.00471   0.00661   0.00656   0.00392   0.00894   0.00729   0.00532   0.00465   0.00490   0.00826   0.00897   0.00435   0.00025   0.01078   0.01015   0.02143   0.00933   0.03341   0.01486   0.00842   0.00796   0.02341   0.00108   0.00440   0.02630   0.01267   0.00168   0.00729   0.01001   0.00812   0.00712   1.85328   0.78532   1.01481   0.93058   0.27787   1.16790  
 26 61545.2879  12660.203411  x:  0.23016   0.02489   0.23430   0.00765   0.12947   0.06119   0.11051   0.04551   0.08626   0.05642   0.02101   0.02328   0.14105   0.05125   0.08514   0.06532   0.00507   0.00720   0.03640   0.05907   0.00966   0.00720   0.04686   0.04531   0.03339   0.03933   0.00603   0.03859   0.01028   0.00953   0.00139   0.00610   0.00505   0.00509   0.00387   0.00728   0.00948   0.00467   0.00397   0.00542   0.00867   0.01115   0.00377   0.00022   0.00798   0.00798   0.01856   0.01161   0.03299   0.01407   0.00910   0.00784   0.02448   0.00099   0.00766   0.02392   0.01407   0.00150   0.00852   0.00759   0.00615   0.00675   1.89980   0.78153   1.01969   0.93134   0.23037   1.16736  
 27 4417.5750  12652.737024  x:  0.23086   0.02261   0.23501   0.00825   0.12981   0.06088   0.10914   0.04769   0.08664   0.05489   0.02093   0.02306   0.14071   0.05548   0.08797   0.06749   0.00126   0.00755   0.03948   0.05659   0.00963   0.00720   0.04709   0.04560   0.03659   0.04209   0.00578   0.03631   0.00847   0.00945   0.00136   0.00390   0.00649   0.00646   0.00385   0.00763   0.01143   0.00458   0.00387   0.00418   0.00804   0.00995   0.00368   0.00022   0.00768   0.01078   0.01793   0.00877   0.03267   0.01387   0.00929   0.00737   0.02507   0.00104   0.00425   0.02273   0.01389   0.00149   0.00695   0.00767   0.00737   0.00694   1.91785   0.77984   1.02126   0.93199   0.21840   1.16714  
 28 2026.4332  12646.742662  x:  0.23236   0.02091   0.23660   0.00793   0.13033   0.06055   0.10620   0.05026   0.08718   0.05337   0.02112   0.02231   0.13951   0.06004   0.09287   0.07028   0.00334   0.00969   0.04043   0.05245   0.00968   0.00718   0.04773   0.04611   0.03506   0.04385   0.00736   0.03392   0.00380   0.00970   0.00136   0.00546   0.00697   0.00690   0.00386   0.00931   0.00987   0.00457   0.00387   0.00481   0.00810   0.00863   0.00367   0.00022   0.00986   0.00947   0.01861   0.00959   0.03248   0.01404   0.00899   0.00771   0.02529   0.00107   0.00297   0.02208   0.01284   0.00150   0.00646   0.00981   0.00793   0.00713   1.93930   0.77757   1.02275   0.93319   0.21399   1.16686  
 29 1266.0678  12634.850154  x:  0.23651   0.01794   0.24099   0.00749   0.13174   0.05987   0.09820   0.05600   0.08851   0.05090   0.02173   0.02116   0.13608   0.06956   0.10532   0.07661   0.00109   0.01443   0.04044   0.04160   0.00978   0.00715   0.04949   0.04714   0.02767   0.04609   0.00917   0.02954   0.00681   0.01016   0.00133   0.00423   0.00713   0.00702   0.00372   0.01237   0.00520   0.00455   0.00385   0.00414   0.00769   0.00798   0.00366   0.00022   0.01445   0.00767   0.02104   0.00979   0.03225   0.01469   0.00823   0.00825   0.02532   0.00107   0.00898   0.02154   0.01069   0.00150   0.00685   0.01401   0.00868   0.00727   1.99455   0.77156   1.02636   0.93651   0.20927   1.16613  
 30 3467.9639  12619.015898  x:  0.24216   0.01708   0.24682   0.00728   0.13359   0.05955   0.08814   0.06064   0.08991   0.04867   0.02303   0.02142   0.13151   0.07622   0.11933   0.08259   0.00597   0.01196   0.03709   0.03029   0.00976   0.00723   0.05086   0.04818   0.01879   0.04507   0.00645   0.02648   0.01225   0.00990   0.00124   0.00420   0.00484   0.00488   0.00349   0.01176   0.00675   0.00452   0.00380   0.00514   0.00670   0.01147   0.00363   0.00021   0.01586   0.01022   0.02284   0.00647   0.03232   0.01521   0.00830   0.00788   0.02476   0.00104   0.00372   0.02239   0.01296   0.00147   0.00919   0.01444   0.00808   0.00706   2.06984   0.76321   1.03107   0.94127   0.21099   1.16512  
 31 3536.8183  12594.655627  x:  0.25032   0.01676   0.25512   0.00809   0.13620   0.05993   0.07487   0.06361   0.09138   0.04541   0.02517   0.02254   0.12505   0.07923   0.13625   0.08845   0.00177   0.00463   0.03119   0.02036   0.00964   0.00726   0.05063   0.04861   0.01541   0.04049   0.00341   0.02474   0.01166   0.00924   0.00123   0.00595   0.00656   0.00660   0.00350   0.00732   0.01264   0.00469   0.00404   0.00402   0.00773   0.00879   0.00382   0.00022   0.01308   0.00533   0.02285   0.01213   0.03263   0.01534   0.00865   0.00743   0.02389   0.00097   0.00192   0.02434   0.01629   0.00146   0.00800   0.01041   0.00604   0.00659   2.18461   0.75030   1.03807   0.94873   0.22059   1.16358  
 32 5635.2589  12580.099560  x:  0.25521   0.01683   0.26004   0.00757   0.13770   0.06037   0.06726   0.06463   0.09209   0.04473   0.02613   0.02318   0.12118   0.07972   0.14552   0.09142   0.00195   0.00088   0.02899   0.01728   0.00960   0.00726   0.05068   0.04880   0.01681   0.03791   0.00466   0.02503   0.00831   0.00904   0.00122   0.00586   0.00700   0.00703   0.00349   0.00574   0.01449   0.00459   0.00395   0.00438   0.00785   0.00763   0.00372   0.00021   0.01105   0.00829   0.02258   0.01160   0.03292   0.01529   0.00877   0.00718   0.02340   0.00091   0.00589   0.02556   0.01767   0.00142   0.00703   0.00804   0.00452   0.00627   2.25461   0.74236   1.04229   0.95334   0.22799   1.16263  
 33 13772.9111  12545.849970  x:  0.26695   0.01548   0.27185   0.00905   0.14124   0.06196   0.04992   0.06560   0.09350   0.04438   0.02847   0.02509   0.11182   0.07857   0.16607   0.09753   0.00360   0.00539   0.02776   0.01716   0.00954   0.00727   0.05024   0.04901   0.02814   0.03269   0.00597   0.02758   0.00562   0.00876   0.00113   0.00332   0.00663   0.00664   0.00315   0.00381   0.00862   0.00496   0.00434   0.00354   0.00727   0.00833   0.00406   0.00022   0.00411   0.00840   0.01956   0.00979   0.03360   0.01444   0.00923   0.00701   0.02272   0.00082   0.00689   0.02793   0.02148   0.00149   0.00723   0.00183   0.00485   0.00553   2.42719   0.72262   1.05257   0.96488   0.24877   1.16029  
 34 17018.3330  12521.407302  x:  0.27759   0.01495   0.28249   0.00980   0.14427   0.06391   0.03583   0.06516   0.09436   0.04312   0.02978   0.02425   0.10342   0.07591   0.18315   0.10186   0.00223   0.00673   0.02991   0.02159   0.00951   0.00726   0.04909   0.04887   0.04013   0.02987   0.00616   0.03020   0.00662   0.00875   0.00119   0.00503   0.00595   0.00597   0.00331   0.00548   0.00775   0.00529   0.00466   0.00544   0.00750   0.01013   0.00435   0.00024   0.00113   0.00964   0.01584   0.00947   0.03406   0.01338   0.00983   0.00715   0.02264   0.00086   0.00625   0.02920   0.02385   0.00157   0.00719   0.01188   0.00498   0.00573   2.58792   0.70408   1.06206   0.97575   0.26967   1.15809  
 35 23902.4399  12507.419546  x:  0.28600   0.01437   0.29089   0.01067   0.14660   0.06568   0.02581   0.06437   0.09487   0.04199   0.03048   0.02294   0.09684   0.07334   0.19606   0.10482   0.00129   0.00741   0.03273   0.02622   0.00949   0.00724   0.04798   0.04869   0.05064   0.02872   0.00590   0.03238   0.00804   0.00877   0.00127   0.00608   0.00533   0.00537   0.00354   0.00625   0.00845   0.00560   0.00496   0.00656   0.00780   0.01167   0.00462   0.00025   0.00912   0.01064   0.01275   0.00947   0.03435   0.01248   0.01037   0.00728   0.02281   0.00093   0.00557   0.02981   0.02546   0.00166   0.00721   0.01583   0.00541   0.00615   2.71731   0.68908   1.06966   0.98456   0.28705   1.15631  
 36 47806.8049  12473.134762  x:  0.29714   0.01513   0.30197   0.01403   0.14877   0.07101   0.03773   0.06214   0.09396   0.04038   0.02533   0.02180   0.09010   0.07209   0.20873   0.10441   0.00710   0.00451   0.04818   0.03568   0.00996   0.00710   0.04830   0.04847   0.05181   0.04805   0.00683   0.03304   0.01257   0.01121   0.00137   0.00271   0.00744   0.00728   0.00392   0.01436   0.01473   0.00632   0.00569   0.00199   0.00837   0.00973   0.00525   0.00028   0.00851   0.01004   0.01869   0.01134   0.03345   0.01342   0.00892   0.00992   0.02562   0.00105   0.00411   0.02409   0.01517   0.00192   0.00877   0.01324   0.00614   0.00696   2.91215   0.66550   1.08057   0.99867   0.31908   1.15354  
 37 5774.6144  12463.559513  x:  0.30087   0.01615   0.30567   0.01324   0.14912   0.07284   0.04462   0.06159   0.09334   0.04086   0.02255   0.02214   0.08851   0.07314   0.21210   0.10356   0.00385   0.00370   0.05497   0.03784   0.00995   0.00713   0.04925   0.04825   0.05145   0.05654   0.00571   0.03286   0.01359   0.01114   0.00139   0.00524   0.00757   0.00739   0.00393   0.01522   0.01278   0.00636   0.00572   0.00954   0.00866   0.01044   0.00529   0.00028   0.00797   0.01105   0.02068   0.01151   0.03297   0.01385   0.00872   0.00952   0.02656   0.00099   0.00252   0.02121   0.01105   0.00196   0.00854   0.00994   0.00444   0.00676   2.98463   0.65646   1.08451   1.00412   0.33168   1.15248  
 38 10130.2309  12456.057145  x:  0.30193   0.01667   0.30674   0.01371   0.14837   0.07318   0.05106   0.06158   0.09242   0.04172   0.02048   0.02277   0.08956   0.07588   0.21085   0.10164   0.00139   0.00427   0.05928   0.03708   0.00956   0.00727   0.05050   0.04821   0.04999   0.06181   0.00265   0.03131   0.01023   0.00918   0.00137   0.00784   0.00480   0.00485   0.00382   0.01128   0.01090   0.00651   0.00590   0.00731   0.00856   0.01361   0.00543   0.00028   0.00815   0.01119   0.01958   0.01063   0.03244   0.01375   0.00983   0.00701   0.02675   0.00094   0.00398   0.01911   0.01345   0.00198   0.00792   0.01081   0.00388   0.00642   3.02371   0.65110   1.08643   1.00743   0.33939   1.15185  
 39 3019.0963  12453.027389  x:  0.30187   0.01664   0.30673   0.01393   0.14743   0.07278   0.05456   0.06180   0.09169   0.04313   0.01951   0.02303   0.09107   0.07835   0.20849   0.10004   0.00080   0.00452   0.06140   0.03532   0.00936   0.00730   0.05163   0.04831   0.04955   0.06410   0.00654   0.03036   0.01030   0.00815   0.00136   0.00824   0.00470   0.00481   0.00379   0.00715   0.01047   0.00652   0.00592   0.00694   0.00837   0.01502   0.00544   0.00028   0.00839   0.01084   0.01790   0.01055   0.03220   0.01350   0.01041   0.00594   0.02651   0.00093   0.00361   0.01850   0.01552   0.00197   0.00762   0.01193   0.00389   0.00633   3.04306   0.64816   1.08727   1.00928   0.34362   1.15151  
 40 2675.3685  12450.495124  x:  0.30107   0.01683   0.30599   0.01403   0.14598   0.07170   0.05716   0.06222   0.09079   0.04418   0.01929   0.02306   0.09341   0.08151   0.20450   0.09811   0.00228   0.00519   0.06263   0.03279   0.00936   0.00725   0.05265   0.04851   0.04989   0.06490   0.00553   0.02888   0.01065   0.00832   0.00135   0.00713   0.00668   0.00660   0.00377   0.00441   0.00971   0.00656   0.00596   0.00781   0.00840   0.01436   0.00547   0.00028   0.00877   0.01121   0.01531   0.01055   0.03204   0.01309   0.01051   0.00679   0.02606   0.00092   0.00410   0.01858   0.01702   0.00198   0.00725   0.01336   0.00397   0.00627   3.05777   0.64555   1.08777   1.01097   0.34725   1.15121  
 41 1659.4200  12446.431966  x:  0.29843   0.01722   0.30352   0.01431   0.14237   0.06854   0.06071   0.06341   0.08884   0.04572   0.01990   0.02243   0.09901   0.08862   0.19423   0.09388   0.00236   0.00563   0.06362   0.02650   0.00953   0.00717   0.05441   0.04896   0.05191   0.06440   0.00573   0.02556   0.01083   0.00927   0.00138   0.00580   0.00583   0.00584   0.00383   0.00809   0.00991   0.00658   0.00597   0.00883   0.00864   0.01288   0.00549   0.00028   0.00894   0.01172   0.01080   0.01136   0.03185   0.01239   0.01028   0.00809   0.02497   0.00094   0.00409   0.01966   0.01966   0.00197   0.00822   0.01346   0.00429   0.00635   3.08221   0.64055   1.08834   1.01426   0.35386   1.15063  
 42 1643.0638  12442.499504  x:  0.29384   0.01821   0.29930   0.01479   0.13717   0.06365   0.06066   0.06595   0.08669   0.04493   0.02162   0.02227   0.10565   0.09839   0.17965   0.08973   0.00273   0.00585   0.06400   0.02175   0.00981   0.00726   0.05532   0.04963   0.05675   0.06194   0.00563   0.02244   0.01194   0.00989   0.00135   0.00748   0.00540   0.00538   0.00375   0.00769   0.00925   0.00670   0.00610   0.00759   0.00840   0.01219   0.00560   0.00029   0.00926   0.01223   0.01727   0.01073   0.03183   0.01301   0.00915   0.00755   0.02471   0.00093   0.00345   0.02062   0.01713   0.00201   0.00823   0.01415   0.00409   0.00627   3.10681   0.63440   1.08851   1.01840   0.36081   1.14992  
 43 1104.2768  12440.883591  x:  0.29070   0.01895   0.29657   0.01524   0.13443   0.06148   0.05797   0.06855   0.08621   0.04395   0.02118   0.02210   0.10759   0.10428   0.17227   0.08955   0.00287   0.00523   0.06371   0.02302   0.00933   0.00719   0.05556   0.04999   0.05630   0.06164   0.00548   0.02373   0.01103   0.00821   0.00135   0.00565   0.00569   0.00588   0.00375   0.00809   0.00999   0.00683   0.00624   0.00821   0.00831   0.01505   0.00572   0.00029   0.00913   0.01092   0.01707   0.01067   0.03198   0.01370   0.01041   0.00685   0.02544   0.00093   0.00366   0.01985   0.01439   0.00205   0.00820   0.01396   0.00397   0.00633   3.11635   0.63102   1.08820   1.02076   0.36345   1.14952  
 44 581.6441  12439.721973  x:  0.28728   0.01944   0.29370   0.01520   0.13210   0.06048   0.05455   0.07143   0.08626   0.04376   0.02013   0.02215   0.10791   0.10959   0.16586   0.09093   0.00254   0.00499   0.06371   0.02566   0.00957   0.00726   0.05588   0.05019   0.05461   0.06270   0.00552   0.02641   0.01137   0.00973   0.00135   0.00721   0.00563   0.00526   0.00377   0.00743   0.01003   0.00682   0.00623   0.00728   0.00840   0.01441   0.00571   0.00029   0.00878   0.01141   0.01560   0.01071   0.03220   0.01349   0.01013   0.00803   0.02622   0.00092   0.00344   0.01892   0.01361   0.00206   0.00820   0.01315   0.00384   0.00630   3.12337   0.62761   1.08763   1.02320   0.36534   1.14911  
 45 556.5455  12439.263037  x:  0.28517   0.01973   0.29200   0.01516   0.13123   0.06105   0.05316   0.07252   0.08655   0.04352   0.02007   0.02210   0.10701   0.11126   0.16283   0.09236   0.00275   0.00504   0.06387   0.02687   0.00968   0.00722   0.05571   0.05010   0.05383   0.06374   0.00544   0.02702   0.01163   0.00914   0.00136   0.00703   0.00511   0.00598   0.00378   0.00771   0.00996   0.00682   0.00623   0.00762   0.00851   0.01314   0.00571   0.00029   0.00871   0.01159   0.01611   0.01102   0.03218   0.01311   0.00948   0.00677   0.02630   0.00093   0.00352   0.01892   0.01533   0.00205   0.00834   0.01298   0.00384   0.00629   3.12605   0.62557   1.08714   1.02469   0.36602   1.14885  
 46 330.1042  12438.972154  x:  0.28318   0.01990   0.29045   0.01518   0.13081   0.06220   0.05247   0.07299   0.08693   0.04346   0.02040   0.02208   0.10558   0.11170   0.16058   0.09389   0.00269   0.00504   0.06400   0.02706   0.00959   0.00722   0.05543   0.04988   0.05352   0.06461   0.00546   0.02683   0.01152   0.00884   0.00136   0.00668   0.00605   0.00493   0.00378   0.00780   0.00997   0.00683   0.00624   0.00795   0.00851   0.01305   0.00572   0.00029   0.00870   0.01146   0.01675   0.01106   0.03216   0.01310   0.00957   0.00718   0.02605   0.00093   0.00361   0.01937   0.01640   0.00205   0.00826   0.01297   0.00385   0.00628   3.12770   0.62365   1.08659   1.02611   0.36642   1.14861  
 47 286.6378  12438.546269  x:  0.27952   0.02012   0.28763   0.01521   0.13041   0.06455   0.05170   0.07336   0.08766   0.04363   0.02109   0.02213   0.10259   0.11158   0.15707   0.09673   0.00245   0.00503   0.06410   0.02634   0.00945   0.00725   0.05492   0.04946   0.05335   0.06580   0.00554   0.02601   0.01125   0.00937   0.00136   0.00670   0.00537   0.00584   0.00377   0.00776   0.00994   0.00683   0.00624   0.00800   0.00843   0.01383   0.00572   0.00029   0.00867   0.01125   0.01702   0.01080   0.03214   0.01337   0.01014   0.00832   0.02544   0.00092   0.00369   0.02020   0.01667   0.00204   0.00811   0.01295   0.00384   0.00626   3.13012   0.61998   1.08547   1.02885   0.36700   1.14813  
 48 392.0745  12438.205584  x:  0.27620   0.02025   0.28514   0.01523   0.13039   0.06628   0.05138   0.07336   0.08823   0.04385   0.02126   0.02222   0.09998   0.11098   0.15464   0.09904   0.00262   0.00509   0.06393   0.02509   0.00962   0.00722   0.05463   0.04926   0.05345   0.06618   0.00550   0.02527   0.01140   0.00945   0.00135   0.00694   0.00560   0.00554   0.00375   0.00760   0.00978   0.00682   0.00624   0.00769   0.00839   0.01372   0.00571   0.00029   0.00867   0.01139   0.01593   0.01074   0.03211   0.01344   0.00989   0.00697   0.02517   0.00092   0.00360   0.02022   0.01517   0.00205   0.00818   0.01303   0.00380   0.00625   3.13190   0.61642   1.08434   1.03153   0.36740   1.14766  
 49 341.6497  12438.072333  x:  0.27449   0.02023   0.28394   0.01525   0.13073   0.06624   0.05157   0.07317   0.08834   0.04391   0.02071   0.02227   0.09915   0.11067   0.15444   0.09978   0.00264   0.00512   0.06381   0.02454   0.00956   0.00725   0.05480   0.04946   0.05366   0.06577   0.00548   0.02530   0.01142   0.00864   0.00135   0.00674   0.00520   0.00538   0.00374   0.00742   0.00976   0.00681   0.00623   0.00771   0.00840   0.01339   0.00570   0.00029   0.00870   0.01145   0.01590   0.01078   0.03213   0.01323   0.00951   0.00757   0.02564   0.00092   0.00353   0.01935   0.01489   0.00205   0.00826   0.01317   0.00382   0.00624   3.13248   0.61410   1.08353   1.03330   0.36748   1.14734  
 50 139.1984  12437.838289  x:  0.27109   0.02028   0.28163   0.01524   0.13167   0.06532   0.05228   0.07276   0.08838   0.04383   0.01968   0.02223   0.09812   0.11028   0.15507   0.10076   0.00263   0.00516   0.06371   0.02400   0.00948   0.00725   0.05536   0.05008   0.05392   0.06472   0.00553   0.02548   0.01144   0.00915   0.00135   0.00697   0.00579   0.00574   0.00374   0.00789   0.00975   0.00681   0.00623   0.00765   0.00837   0.01380   0.00570   0.00029   0.00874   0.01140   0.01626   0.01066   0.03212   0.01305   0.00977   0.00746   0.02662   0.00092   0.00360   0.01791   0.01558   0.00205   0.00840   0.01315   0.00383   0.00626   3.13337   0.60887   1.08166   1.03734   0.36753   1.14660  
 51 239.1293  12437.525465  x:  0.26656   0.02038   0.27864   0.01538   0.13311   0.06353   0.05343   0.07237   0.08827   0.04360   0.01980   0.02227   0.09757   0.11032   0.15706   0.10151   0.00270   0.00510   0.06402   0.02452   0.00972   0.00717   0.05613   0.05082   0.05390   0.06382   0.00551   0.02561   0.01142   0.01003   0.00135   0.00623   0.00515   0.00523   0.00374   0.00754   0.00980   0.00684   0.00626   0.00801   0.00843   0.01345   0.00573   0.00029   0.00879   0.01129   0.01638   0.01093   0.03205   0.01333   0.01032   0.00718   0.02692   0.00092   0.00355   0.01854   0.01563   0.00206   0.00772   0.01334   0.00383   0.00623   3.13436   0.60085   1.07872   1.04358   0.36740   1.14545  
 52 305.5652  12437.136530  x:  0.26108   0.02054   0.27507   0.01535   0.13487   0.06141   0.05463   0.07200   0.08807   0.04362   0.02078   0.02220   0.09750   0.11055   0.16002   0.10196   0.00251   0.00507   0.06461   0.02547   0.00969   0.00726   0.05698   0.05138   0.05376   0.06319   0.00549   0.02579   0.01145   0.00905   0.00136   0.00694   0.00554   0.00557   0.00377   0.00762   0.00989   0.00684   0.00625   0.00768   0.00846   0.01353   0.00573   0.00029   0.00878   0.01151   0.01611   0.01088   0.03201   0.01347   0.01012   0.00738   0.02636   0.00092   0.00355   0.02032   0.01546   0.00205   0.00850   0.01316   0.00383   0.00627   3.13548   0.59004   1.07474   1.05202   0.36713   1.14388  
 53 629.4130  12436.902674  x:  0.25891   0.02066   0.27369   0.01541   0.13536   0.06161   0.05415   0.07190   0.08787   0.04379   0.02125   0.02219   0.09863   0.11031   0.16168   0.10095   0.00260   0.00500   0.06456   0.02561   0.00917   0.00715   0.05649   0.05059   0.05363   0.06361   0.00551   0.02585   0.01147   0.00921   0.00136   0.00692   0.00557   0.00559   0.00377   0.00775   0.00994   0.00686   0.00628   0.00767   0.00844   0.01412   0.00575   0.00029   0.00875   0.01136   0.01607   0.01083   0.03211   0.01284   0.00888   0.00740   0.02508   0.00092   0.00357   0.01974   0.01545   0.00206   0.00763   0.01306   0.00381   0.00625   3.13593   0.58272   1.07197   1.05788   0.36677   1.14275  
 54 217.2137  12436.522469  x:  0.25630   0.02073   0.27205   0.01538   0.13568   0.06301   0.05259   0.07186   0.08755   0.04431   0.02130   0.02220   0.10108   0.10965   0.16415   0.09853   0.00258   0.00505   0.06426   0.02540   0.00972   0.00736   0.05520   0.04881   0.05363   0.06479   0.00547   0.02599   0.01128   0.00940   0.00136   0.00664   0.00546   0.00549   0.00378   0.00749   0.00998   0.00685   0.00626   0.00781   0.00847   0.01369   0.00573   0.00029   0.00872   0.01141   0.01631   0.01088   0.03232   0.01299   0.00979   0.00736   0.02375   0.00092   0.00358   0.01844   0.01535   0.00206   0.00870   0.01314   0.00386   0.00626   3.13653   0.56978   1.06702   1.06833   0.36604   1.14069  
 55 484.3761  12436.277365  x:  0.25567   0.02081   0.27170   0.01536   0.13543   0.06441   0.05164   0.07196   0.08743   0.04441   0.02065   0.02221   0.10251   0.10911   0.16524   0.09689   0.00283   0.00511   0.06392   0.02508   0.00962   0.00703   0.05443   0.04818   0.05363   0.06553   0.00553   0.02587   0.01165   0.00886   0.00135   0.00707   0.00552   0.00557   0.00376   0.00781   0.00973   0.00685   0.00627   0.00760   0.00843   0.01345   0.00574   0.00029   0.00868   0.01154   0.01613   0.01079   0.03230   0.01361   0.01041   0.00741   0.02514   0.00092   0.00354   0.01904   0.01543   0.00206   0.00777   0.01300   0.00378   0.00622   3.13680   0.56107   1.06361   1.07552   0.36545   1.13924  
 56 383.1985  12436.091460  x:  0.25615   0.02076   0.27208   0.01536   0.13490   0.06549   0.05118   0.07215   0.08745   0.04445   0.02015   0.02223   0.10317   0.10872   0.16560   0.09592   0.00266   0.00509   0.06370   0.02491   0.00940   0.00745   0.05423   0.04842   0.05366   0.06589   0.00549   0.02577   0.01134   0.00932   0.00135   0.00676   0.00550   0.00553   0.00376   0.00757   0.00982   0.00685   0.00626   0.00775   0.00842   0.01375   0.00574   0.00029   0.00868   0.01140   0.01615   0.01077   0.03217   0.01345   0.00955   0.00733   0.02677   0.00092   0.00359   0.02001   0.01539   0.00205   0.00841   0.01309   0.00379   0.00625   3.13691   0.55412   1.06082   1.08143   0.36490   1.13800  
 57 354.0594  12435.714443  x:  0.26014   0.02064   0.27487   0.01530   0.13296   0.06658   0.05159   0.07275   0.08786   0.04435   0.02090   0.02221   0.10263   0.10825   0.16463   0.09555   0.00252   0.00507   0.06334   0.02519   0.01047   0.00626   0.05534   0.05098   0.05365   0.06536   0.00549   0.02577   0.01125   0.00925   0.00136   0.00677   0.00552   0.00557   0.00377   0.00756   0.00988   0.00684   0.00625   0.00774   0.00843   0.01394   0.00573   0.00029   0.00869   0.01138   0.01626   0.01079   0.03183   0.01229   0.00973   0.00743   0.02673   0.00092   0.00361   0.01978   0.01524   0.00205   0.00844   0.01308   0.00382   0.00627   3.13690   0.53972   1.05472   1.09437   0.36351   1.13513  
 58 227.0819  12435.432742  x:  0.26370   0.02052   0.27735   0.01525   0.13145   0.06697   0.05210   0.07313   0.08817   0.04414   0.02134   0.02220   0.10192   0.10794   0.16359   0.09560   0.00258   0.00509   0.06312   0.02547   0.00994   0.00778   0.05619   0.05265   0.05366   0.06474   0.00551   0.02580   0.01141   0.00912   0.00136   0.00688   0.00553   0.00557   0.00377   0.00769   0.00985   0.00684   0.00624   0.00768   0.00845   0.01372   0.00572   0.00029   0.00870   0.01146   0.01621   0.01085   0.03170   0.01256   0.01008   0.00740   0.02607   0.00092   0.00359   0.01930   0.01525   0.00206   0.00805   0.01306   0.00382   0.00626   3.13687   0.52838   1.04984   1.10477   0.36238   1.13279  
 59 881.9144  12435.301226  x:  0.26557   0.02041   0.27865   0.01522   0.13097   0.06650   0.05239   0.07309   0.08823   0.04397   0.02102   0.02222   0.10139   0.10786   0.16289   0.09599   0.00256   0.00510   0.06317   0.02552   0.00900   0.00715   0.05631   0.05244   0.05370   0.06441   0.00549   0.02587   0.01139   0.00925   0.00136   0.00684   0.00549   0.00553   0.00377   0.00761   0.00985   0.00682   0.00623   0.00769   0.00846   0.01351   0.00571   0.00029   0.00871   0.01149   0.01617   0.01087   0.03187   0.01361   0.00986   0.00738   0.02554   0.00092   0.00358   0.01921   0.01534   0.00205   0.00834   0.01310   0.00384   0.00625   3.13686   0.52344   1.04758   1.10961   0.36186   1.13165  
 60 353.1390  12435.162271  x:  0.26789   0.02032   0.28028   0.01522   0.13088   0.06503   0.05277   0.07266   0.08815   0.04375   0.02022   0.02226   0.10062   0.10786   0.16179   0.09690   0.00260   0.00509   0.06340   0.02539   0.00998   0.00728   0.05591   0.05064   0.05362   0.06407   0.00551   0.02596   0.01134   0.00919   0.00135   0.00680   0.00554   0.00557   0.00376   0.00766   0.00983   0.00682   0.00623   0.00770   0.00843   0.01372   0.00571   0.00029   0.00871   0.01141   0.01614   0.01082   0.03230   0.01401   0.00943   0.00745   0.02517   0.00092   0.00359   0.01954   0.01548   0.00205   0.00819   0.01310   0.00383   0.00623   3.13686   0.51838   1.04502   1.11518   0.36126   1.13024  
 61 230.0191  12435.092445  x:  0.26909   0.02037   0.28113   0.01521   0.13116   0.06405   0.05291   0.07227   0.08803   0.04387   0.02033   0.02227   0.10026   0.10790   0.16113   0.09750   0.00266   0.00510   0.06354   0.02526   0.00953   0.00729   0.05555   0.04938   0.05347   0.06402   0.00552   0.02601   0.01135   0.00920   0.00135   0.00682   0.00552   0.00555   0.00376   0.00765   0.00981   0.00682   0.00623   0.00768   0.00843   0.01360   0.00571   0.00029   0.00871   0.01143   0.01620   0.01083   0.03240   0.01308   0.00988   0.00740   0.02544   0.00092   0.00360   0.01971   0.01534   0.00205   0.00823   0.01309   0.00383   0.00623   3.13688   0.51617   1.04369   1.11813   0.36096   1.12943  
 62 171.2060  12435.065604  x:  0.26953   0.02049   0.28146   0.01521   0.13181   0.06372   0.05284   0.07193   0.08790   0.04426   0.02110   0.02226   0.10033   0.10799   0.16075   0.09782   0.00265   0.00512   0.06352   0.02529   0.00961   0.00728   0.05530   0.04915   0.05337   0.06414   0.00553   0.02595   0.01134   0.00922   0.00136   0.00682   0.00552   0.00555   0.00377   0.00763   0.00984   0.00683   0.00623   0.00770   0.00845   0.01363   0.00571   0.00029   0.00870   0.01145   0.01614   0.01086   0.03209   0.01335   0.00977   0.00741   0.02595   0.00092   0.00362   0.01935   0.01539   0.00205   0.00823   0.01308   0.00384   0.00625   3.13696   0.51587   1.04304   1.11972   0.36085   1.12886  
 63 44.3391  12434.990243  x:  0.27039   0.02059   0.28219   0.01520   0.13492   0.06372   0.05230   0.07089   0.08739   0.04469   0.02044   0.02228   0.10114   0.10849   0.15957   0.09861   0.00263   0.00511   0.06314   0.02551   0.00958   0.00729   0.05459   0.05018   0.05329   0.06452   0.00553   0.02545   0.01135   0.00920   0.00135   0.00683   0.00552   0.00555   0.00376   0.00765   0.00982   0.00683   0.00623   0.00769   0.00844   0.01362   0.00571   0.00029   0.00868   0.01145   0.01619   0.01085   0.03141   0.01328   0.00981   0.00743   0.02558   0.00092   0.00362   0.01949   0.01532   0.00205   0.00824   0.01304   0.00382   0.00624   3.13743   0.51717   1.04077   1.12561   0.36058   1.12641  
 64 41.0987  12434.888841  x:  0.27097   0.02051   0.28282   0.01520   0.13776   0.06461   0.05249   0.07069   0.08731   0.04382   0.02089   0.02225   0.10183   0.10886   0.15855   0.09882   0.00262   0.00514   0.06312   0.02505   0.00959   0.00730   0.05485   0.05052   0.05336   0.06456   0.00553   0.02657   0.01132   0.00921   0.00135   0.00683   0.00551   0.00555   0.00376   0.00766   0.00977   0.00683   0.00624   0.00770   0.00843   0.01360   0.00572   0.00029   0.00871   0.01143   0.01618   0.01079   0.03325   0.01331   0.00979   0.00738   0.02567   0.00092   0.00363   0.01959   0.01535   0.00205   0.00823   0.01311   0.00382   0.00622   3.13826   0.52063   1.03739   1.13476   0.36019   1.12239  
 65 75.6242  12434.436361  x:  0.27177   0.02024   0.28421   0.01506   0.14156   0.06658   0.05273   0.07367   0.08873   0.04311   0.02075   0.02216   0.10176   0.10844   0.15700   0.09718   0.00271   0.00504   0.06366   0.02592   0.00959   0.00730   0.05889   0.04757   0.05327   0.06240   0.00553   0.02594   0.01135   0.00922   0.00136   0.00681   0.00553   0.00557   0.00377   0.00770   0.00990   0.00681   0.00622   0.00763   0.00847   0.01360   0.00570   0.00029   0.00869   0.01147   0.01630   0.01101   0.03147   0.01330   0.00978   0.00743   0.02571   0.00092   0.00361   0.01950   0.01523   0.00205   0.00826   0.01300   0.00383   0.00622   3.14241   0.54003   1.02210   1.17779   0.35831   1.10284  
 66 138.1816  12433.203483  x:  0.27256   0.02076   0.28590   0.01488   0.13669   0.06193   0.05241   0.07558   0.08957   0.04459   0.02075   0.02224   0.09846   0.10456   0.15668   0.09348   0.00269   0.00519   0.06316   0.02540   0.00954   0.00734   0.05414   0.05014   0.05285   0.06421   0.00558   0.02528   0.01118   0.00921   0.00136   0.00680   0.00554   0.00557   0.00376   0.00764   0.00966   0.00679   0.00619   0.00768   0.00846   0.01354   0.00567   0.00029   0.00864   0.01155   0.01613   0.01101   0.03299   0.01336   0.00980   0.00740   0.02557   0.00091   0.00372   0.01955   0.01539   0.00203   0.00822   0.01298   0.00381   0.00614   3.15408   0.59595   0.98112   1.29755   0.35275   1.04755  
 67 397.6598  12432.888718  x:  0.27298   0.02094   0.28573   0.01506   0.13268   0.06338   0.05352   0.07204   0.08781   0.04403   0.02077   0.02228   0.09997   0.10562   0.15786   0.09613   0.00273   0.00525   0.06217   0.02504   0.00955   0.00735   0.05393   0.04967   0.05320   0.06380   0.00559   0.02734   0.01119   0.00921   0.00136   0.00679   0.00553   0.00557   0.00376   0.00770   0.00960   0.00682   0.00622   0.00767   0.00846   0.01358   0.00570   0.00029   0.00873   0.01155   0.01621   0.01094   0.03117   0.01340   0.00979   0.00742   0.02537   0.00091   0.00371   0.01982   0.01533   0.00204   0.00824   0.01315   0.00380   0.00612   3.15694   0.60989   0.97234   1.32786   0.35136   1.03302  
 68 304.2775  12432.798846  x:  0.27325   0.02099   0.28546   0.01511   0.13128   0.06396   0.05336   0.07049   0.08723   0.04470   0.02065   0.02229   0.10086   0.10596   0.15830   0.09738   0.00270   0.00519   0.06208   0.02583   0.00955   0.00735   0.05472   0.04944   0.05301   0.06337   0.00558   0.02610   0.01122   0.00921   0.00136   0.00680   0.00554   0.00557   0.00377   0.00769   0.00968   0.00681   0.00622   0.00764   0.00850   0.01360   0.00570   0.00029   0.00870   0.01159   0.01624   0.01106   0.03245   0.01338   0.00979   0.00741   0.02559   0.00091   0.00370   0.01963   0.01526   0.00204   0.00825   0.01306   0.00381   0.00612   3.15768   0.61364   0.97082   1.33649   0.35101   1.02857  
 69 170.0315  12432.652578  x:  0.27484   0.02066   0.28335   0.01512   0.13060   0.06317   0.05174   0.06916   0.08838   0.04378   0.02072   0.02236   0.10272   0.10384   0.15788   0.09832   0.00267   0.00512   0.06464   0.02509   0.00954   0.00735   0.05585   0.04993   0.05204   0.06345   0.00558   0.02619   0.01111   0.00920   0.00135   0.00679   0.00555   0.00558   0.00375   0.00765   0.00961   0.00679   0.00620   0.00765   0.00846   0.01354   0.00568   0.00029   0.00858   0.01153   0.01617   0.01107   0.03216   0.01340   0.00981   0.00739   0.02553   0.00090   0.00374   0.01966   0.01529   0.00203   0.00821   0.01284   0.00375   0.00608   3.15824   0.61745   0.97753   1.35016   0.35089   1.01860  
 70 33.3159  12431.462813  x:  0.28745   0.02093   0.26874   0.01517   0.13041   0.06249   0.05506   0.07379   0.09364   0.04481   0.02047   0.02192   0.10755   0.10173   0.15898   0.10302   0.00268   0.00528   0.06153   0.02569   0.00953   0.00737   0.05318   0.04965   0.05334   0.06348   0.00559   0.02609   0.01120   0.00920   0.00137   0.00680   0.00553   0.00557   0.00378   0.00770   0.00959   0.00680   0.00621   0.00763   0.00854   0.01374   0.00569   0.00029   0.00879   0.01176   0.01619   0.01120   0.03245   0.01340   0.00982   0.00741   0.02560   0.00090   0.00371   0.01965   0.01525   0.00203   0.00826   0.01322   0.00380   0.00602   3.16162   0.64492   1.04692   1.46168   0.35011   0.93245  
 71 172.9106  12429.258713  x:  0.29791   0.02062   0.25890   0.01532   0.13094   0.06364   0.05303   0.06886   0.08272   0.04361   0.02068   0.02222   0.09730   0.10533   0.15865   0.09436   0.00278   0.00527   0.06143   0.02591   0.00950   0.00741   0.05492   0.04918   0.05265   0.06348   0.00562   0.02644   0.01105   0.00921   0.00136   0.00673   0.00556   0.00559   0.00375   0.00773   0.00927   0.00674   0.00617   0.00756   0.00854   0.01373   0.00565   0.00028   0.00866   0.01189   0.01627   0.01151   0.03237   0.01347   0.00978   0.00747   0.02537   0.00088   0.00379   0.01977   0.01525   0.00199   0.00827   0.01298   0.00369   0.00582   3.16682   0.69328   1.17838   1.66333   0.34675   0.77358  
 72 650.0999  12426.154040  x:  0.28148   0.02170   0.28884   0.01533   0.12711   0.06481   0.05455   0.06506   0.09032   0.04459   0.02039   0.02192   0.09922   0.10668   0.15605   0.09494   0.00297   0.00526   0.06413   0.02628   0.00947   0.00745   0.05020   0.04955   0.05163   0.05948   0.00570   0.02676   0.01090   0.00923   0.00137   0.00671   0.00556   0.00559   0.00376   0.00782   0.00910   0.00672   0.00616   0.00743   0.00866   0.01381   0.00563   0.00028   0.00861   0.01214   0.01640   0.01204   0.03248   0.01350   0.00979   0.00754   0.02539   0.00085   0.00390   0.01975   0.01511   0.00196   0.00833   0.01274   0.00359   0.00554   3.17430   0.76137   1.37215   1.95227   0.34272   0.54007  
 73 647.1718  12425.750851  x:  0.27857   0.02122   0.29366   0.01524   0.12642   0.06288   0.05423   0.06644   0.08782   0.04321   0.02054   0.02192   0.10077   0.10351   0.15521   0.09670   0.00285   0.00537   0.06053   0.02617   0.00946   0.00746   0.05326   0.04926   0.05259   0.06316   0.00566   0.02647   0.01091   0.00922   0.00136   0.00668   0.00557   0.00560   0.00374   0.00779   0.00893   0.00669   0.00613   0.00748   0.00859   0.01391   0.00560   0.00028   0.00868   0.01217   0.01633   0.01189   0.03245   0.01353   0.00979   0.00752   0.02537   0.00085   0.00387   0.01979   0.01517   0.00194   0.00831   0.01299   0.00359   0.00551   3.17537   0.76981   1.39639   1.98822   0.34238   0.50981  
 74 485.6838  12425.704358  x:  0.27828   0.02123   0.29416   0.01519   0.12636   0.06312   0.05436   0.06801   0.08564   0.04331   0.02056   0.02194   0.10132   0.10263   0.15517   0.09757   0.00285   0.00535   0.06142   0.02611   0.00946   0.00746   0.05267   0.04939   0.05235   0.06247   0.00567   0.02644   0.01090   0.00922   0.00136   0.00669   0.00557   0.00559   0.00374   0.00778   0.00894   0.00668   0.00612   0.00747   0.00860   0.01390   0.00560   0.00028   0.00867   0.01217   0.01631   0.01192   0.03246   0.01352   0.00980   0.00752   0.02538   0.00085   0.00387   0.01977   0.01518   0.00194   0.00831   0.01293   0.00359   0.00550   3.17563   0.77046   1.39832   1.99106   0.34237   0.50565  
 75 39.4908  12422.158518  x:  0.27884   0.02148   0.29189   0.01538   0.12690   0.06336   0.05451   0.06772   0.08607   0.04216   0.02063   0.02166   0.10121   0.10238   0.15487   0.09708   0.00291   0.00539   0.06147   0.02629   0.00947   0.00744   0.05230   0.04938   0.05233   0.06220   0.00570   0.02637   0.01079   0.00924   0.00136   0.00661   0.00558   0.00560   0.00374   0.00783   0.00856   0.00664   0.00610   0.00739   0.00866   0.01415   0.00557   0.00027   0.00865   0.01251   0.01638   0.01246   0.03247   0.01351   0.00978   0.00757   0.02539   0.00082   0.00393   0.01974   0.01515   0.00189   0.00835   0.01286   0.00344   0.00515   3.20810   0.76359   1.38881   1.97632   0.34133   0.19356  
 76 14.9289  12391.799599  x:  0.26882   0.02459   0.28042   0.01794   0.13406   0.06540   0.05661   0.06777   0.08867   0.02433   0.02180   0.01757   0.10299   0.09554   0.14949   0.09356   0.00359   0.00589   0.06109   0.02852   0.00965   0.00717   0.04892   0.04936   0.05279   0.06155   0.00615   0.02484   0.00945   0.00950   0.00139   0.00556   0.00570   0.00570   0.00362   0.00847   0.00314   0.00600   0.00582   0.00615   0.00944   0.01782   0.00515   0.00019   0.00850   0.01726   0.01739   0.01983   0.03227   0.01321   0.00948   0.00810   0.02596   0.00035   0.00459   0.01902   0.01406   0.00136   0.00919   0.01178   0.00100   0.00076   3.67414   0.63006   1.26589   1.65175   0.33072   0.36536  
 77  2.0357  12375.847554  x:  0.26042   0.02748   0.27211   0.02071   0.13956   0.06685   0.05786   0.06843   0.09062   0.02161   0.02168   0.01414   0.10493   0.09063   0.14501   0.09122   0.00349   0.00740   0.06015   0.02962   0.00982   0.00694   0.04869   0.04953   0.05289   0.06114   0.00716   0.02452   0.00798   0.00986   0.00170   0.00489   0.00610   0.00609   0.00457   0.00915   0.00944   0.00520   0.00543   0.00502   0.01045   0.01851   0.00462   0.00008   0.00840   0.02144   0.01867   0.02615   0.03214   0.01323   0.00907   0.00863   0.02615   0.00069   0.00687   0.01898   0.01170   0.00063   0.00923   0.01120   0.00575   0.00275   4.17494   0.50542   1.18603   1.36677   0.31980   0.44816  
 78  1.3388  12364.524763  x:  0.27052   0.03142   0.28252   0.02921   0.13563   0.06576   0.05710   0.06794   0.09000   0.03074   0.02328   0.01142   0.10395   0.09906   0.15071   0.09581   0.00423   0.00575   0.06157   0.03073   0.00963   0.00725   0.04501   0.04902   0.05902   0.06225   0.00697   0.01962   0.01075   0.00956   0.00176   0.00661   0.00564   0.00553   0.00469   0.00801   0.00957   0.00729   0.00733   0.00437   0.01072   0.01880   0.00634   0.00024   0.00747   0.02218   0.01545   0.02909   0.03170   0.01271   0.01015   0.00862   0.02670   0.00079   0.00567   0.01792   0.01902   0.00173   0.00964   0.00754   0.00583   0.00267   4.51897   0.54753   1.33158   1.50091   0.30511   0.37644  
 79  0.2980  12359.750552  x:  0.27342   0.03161   0.28546   0.03439   0.13333   0.06472   0.05665   0.06904   0.08972   0.02411   0.02220   0.00985   0.10424   0.10092   0.14944   0.09665   0.00340   0.00575   0.06207   0.02871   0.00968   0.00727   0.05089   0.04947   0.06181   0.06217   0.00630   0.02534   0.01041   0.00962   0.00167   0.00464   0.00627   0.00621   0.00438   0.00668   0.00771   0.00771   0.00793   0.00678   0.01008   0.01532   0.00678   0.00027   0.00721   0.02226   0.01556   0.02995   0.03219   0.01309   0.00966   0.00842   0.02602   0.00080   0.00622   0.01885   0.01647   0.00194   0.00872   0.00664   0.00566   0.00216   4.81305   0.51261   1.41730   1.42063   0.30940   0.28785  
 80  0.2402  12357.633962  x:  0.27126   0.03278   0.28187   0.03732   0.13435   0.06560   0.05662   0.06858   0.09030   0.02883   0.02132   0.00987   0.10476   0.09612   0.14739   0.09489   0.00359   0.00571   0.06094   0.02709   0.00968   0.00718   0.05046   0.04955   0.06311   0.06118   0.00664   0.02358   0.00915   0.00956   0.00152   0.00619   0.00596   0.00602   0.00392   0.00659   0.00584   0.00728   0.00782   0.00579   0.00898   0.01465   0.00652   0.00024   0.00717   0.02157   0.01607   0.02868   0.03250   0.01315   0.00951   0.00827   0.02559   0.00081   0.00658   0.01899   0.01351   0.00170   0.00867   0.00648   0.00518   0.00197   5.01733   0.46611   1.46161   1.31799   0.31736   0.31446  
 81  0.1694  12356.049217  x:  0.27178   0.02908   0.27889   0.04075   0.13566   0.06628   0.05584   0.06746   0.09048   0.02406   0.02195   0.01081   0.10435   0.09392   0.14914   0.09442   0.00406   0.00481   0.05947   0.02726   0.00962   0.00718   0.04751   0.04929   0.06364   0.05986   0.00708   0.02180   0.00814   0.00943   0.00133   0.00650   0.00566   0.00568   0.00344   0.00707   0.00677   0.00701   0.00775   0.00512   0.00761   0.01601   0.00634   0.00026   0.00717   0.02031   0.01672   0.02706   0.03245   0.01298   0.00970   0.00822   0.02582   0.00086   0.00611   0.01870   0.01466   0.00182   0.00903   0.00672   0.00429   0.00187   5.13097   0.48523   1.54097   1.38540   0.32044   0.36447  
 82  0.1106  12354.846493  x:  0.27183   0.02802   0.27859   0.04370   0.13563   0.06600   0.05557   0.06689   0.09034   0.02871   0.02258   0.01191   0.10438   0.09676   0.14918   0.09474   0.00376   0.00474   0.05796   0.02847   0.00965   0.00721   0.04760   0.04911   0.06051   0.05847   0.00714   0.02284   0.00858   0.00956   0.00121   0.00530   0.00614   0.00604   0.00312   0.00721   0.00744   0.00629   0.00731   0.00644   0.00695   0.01537   0.00580   0.00025   0.00718   0.01955   0.01662   0.02554   0.03199   0.01294   0.00968   0.00843   0.02627   0.00094   0.00594   0.01859   0.01595   0.00173   0.00877   0.00732   0.00344   0.00205   5.22568   0.48632   1.59346   1.42090   0.32314   0.38636  
 83  0.0702  12353.624656  x:  0.27437   0.02318   0.28142   0.04754   0.13505   0.06563   0.05485   0.06762   0.09013   0.02594   0.02268   0.01263   0.10391   0.09841   0.15328   0.09670   0.00359   0.00551   0.05886   0.02882   0.00973   0.00719   0.05060   0.04933   0.05501   0.05934   0.00733   0.02420   0.01019   0.00962   0.00114   0.00641   0.00624   0.00619   0.00300   0.00719   0.00746   0.00550   0.00671   0.00617   0.00701   0.01485   0.00511   0.00029   0.00706   0.02006   0.01539   0.02498   0.03198   0.01311   0.00965   0.00853   0.02601   0.00103   0.00618   0.01910   0.01565   0.00195   0.00884   0.00752   0.00345   0.00192   5.27946   0.45713   1.59382   1.38018   0.32128   0.35209  
 84  0.0388  12352.675478  x:  0.27233   0.02102   0.28166   0.05027   0.13380   0.06565   0.05591   0.06773   0.09013   0.02729   0.02188   0.01221   0.10522   0.09606   0.15087   0.09642   0.00341   0.00632   0.05942   0.02779   0.00966   0.00719   0.04901   0.04961   0.05274   0.06087   0.00692   0.02280   0.01019   0.00951   0.00117   0.00598   0.00596   0.00594   0.00318   0.00710   0.00702   0.00450   0.00587   0.00604   0.00781   0.01578   0.00423   0.00031   0.00723   0.02070   0.01593   0.02485   0.03238   0.01314   0.00957   0.00837   0.02576   0.00110   0.00608   0.01908   0.01473   0.00203   0.00922   0.00818   0.00427   0.00166   5.27592   0.49112   1.59734   1.43641   0.31781   0.32045  
 85  0.0372  12351.904962  x:  0.27112   0.02067   0.27795   0.05342   0.13467   0.06606   0.05687   0.06758   0.09040   0.02782   0.02188   0.01123   0.10516   0.09742   0.14943   0.09493   0.00365   0.00601   0.06006   0.02756   0.00960   0.00721   0.04723   0.04947   0.05563   0.06117   0.00632   0.02254   0.00971   0.00943   0.00123   0.00564   0.00561   0.00561   0.00346   0.00748   0.00721   0.00411   0.00553   0.00592   0.00875   0.01690   0.00386   0.00036   0.00732   0.02056   0.01709   0.02481   0.03231   0.01307   0.00967   0.00818   0.02602   0.00120   0.00550   0.01847   0.01525   0.00238   0.00925   0.00779   0.00435   0.00208   5.23100   0.45647   1.52813   1.32344   0.32003   0.33941  
 86  0.0709  12351.214917  x:  0.27218   0.02129   0.27831   0.05735   0.13505   0.06617   0.05649   0.06680   0.09029   0.02769   0.02202   0.01077   0.10429   0.09766   0.15173   0.09559   0.00369   0.00562   0.05985   0.02812   0.00968   0.00722   0.05000   0.04928   0.05851   0.06053   0.00610   0.02422   0.00920   0.00961   0.00126   0.00618   0.00584   0.00586   0.00371   0.00757   0.00753   0.00391   0.00534   0.00580   0.00953   0.01577   0.00363   0.00045   0.00725   0.02003   0.01714   0.02450   0.03201   0.01321   0.00960   0.00824   0.02615   0.00129   0.00561   0.01873   0.01435   0.00291   0.00866   0.00687   0.00406   0.00221   5.15534   0.48966   1.52407   1.39071   0.31937   0.36417  
 87  0.0539  12350.867136  x:  0.27176   0.02179   0.27950   0.06006   0.13429   0.06576   0.05566   0.06676   0.09009   0.02701   0.02210   0.01117   0.10436   0.09634   0.15063   0.09578   0.00363   0.00566   0.05938   0.02812   0.00968   0.00717   0.04896   0.04938   0.05905   0.06065   0.00639   0.02321   0.00893   0.00958   0.00122   0.00579   0.00611   0.00605   0.00368   0.00696   0.00717   0.00362   0.00506   0.00612   0.00950   0.01488   0.00335   0.00050   0.00731   0.01973   0.01620   0.02434   0.03221   0.01309   0.00961   0.00839   0.02603   0.00130   0.00581   0.01908   0.01505   0.00323   0.00866   0.00715   0.00398   0.00177   5.09564   0.48353   1.50997   1.39904   0.31835   0.34817  
 88  0.0339  12350.722998  x:  0.27075   0.02380   0.27855   0.06042   0.13432   0.06603   0.05542   0.06689   0.09034   0.02711   0.02209   0.01156   0.10468   0.09688   0.14968   0.09527   0.00396   0.00567   0.05968   0.02800   0.00964   0.00720   0.04860   0.04943   0.05886   0.06004   0.00697   0.02335   0.00913   0.00948   0.00121   0.00601   0.00595   0.00593   0.00367   0.00716   0.00694   0.00374   0.00511   0.00592   0.00916   0.01545   0.00344   0.00053   0.00731   0.01975   0.01604   0.02471   0.03224   0.01301   0.00972   0.00837   0.02588   0.00131   0.00611   0.01874   0.01531   0.00336   0.00884   0.00718   0.00392   0.00198   5.03420   0.48880   1.49394   1.39795   0.31790   0.34059  
 89  0.0314  12350.652503  x:  0.27126   0.02462   0.27777   0.06153   0.13442   0.06609   0.05572   0.06642   0.09011   0.02690   0.02211   0.01169   0.10460   0.09647   0.15009   0.09530   0.00372   0.00568   0.05950   0.02812   0.00967   0.00721   0.04908   0.04929   0.05801   0.06009   0.00691   0.02295   0.00941   0.00955   0.00118   0.00585   0.00601   0.00599   0.00359   0.00716   0.00707   0.00356   0.00496   0.00597   0.00859   0.01561   0.00331   0.00053   0.00728   0.02004   0.01633   0.02492   0.03210   0.01306   0.00963   0.00832   0.02605   0.00131   0.00612   0.01877   0.01484   0.00339   0.00879   0.00729   0.00394   0.00196   5.03557   0.48873   1.49557   1.38794   0.31807   0.34711  
 90  0.0054  12350.631610  x:  0.27103   0.02522   0.27817   0.06155   0.13433   0.06594   0.05586   0.06659   0.09015   0.02675   0.02211   0.01152   0.10452   0.09652   0.14971   0.09542   0.00359   0.00559   0.05956   0.02814   0.00967   0.00719   0.04885   0.04939   0.05813   0.06050   0.00674   0.02324   0.00942   0.00954   0.00117   0.00590   0.00599   0.00596   0.00357   0.00711   0.00711   0.00364   0.00502   0.00596   0.00833   0.01546   0.00340   0.00053   0.00724   0.02016   0.01629   0.02509   0.03217   0.01307   0.00964   0.00832   0.02604   0.00130   0.00602   0.01884   0.01504   0.00339   0.00879   0.00721   0.00400   0.00198   5.03766   0.48803   1.49846   1.39027   0.31814   0.34759  
 91  0.0029  12350.618736  x:  0.27094   0.02497   0.27832   0.06184   0.13435   0.06603   0.05585   0.06679   0.09033   0.02693   0.02206   0.01131   0.10446   0.09657   0.14995   0.09543   0.00366   0.00560   0.05964   0.02816   0.00965   0.00720   0.04901   0.04946   0.05795   0.06042   0.00666   0.02307   0.00928   0.00953   0.00117   0.00598   0.00590   0.00588   0.00358   0.00725   0.00715   0.00358   0.00495   0.00596   0.00823   0.01535   0.00338   0.00054   0.00725   0.02018   0.01627   0.02512   0.03221   0.01307   0.00967   0.00834   0.02595   0.00129   0.00598   0.01873   0.01508   0.00338   0.00884   0.00728   0.00407   0.00203   5.03237   0.48829   1.49904   1.39915   0.31793   0.34447  
 92  0.0035  12350.592720  x:  0.27132   0.02448   0.27771   0.06192   0.13430   0.06600   0.05551   0.06656   0.09009   0.02681   0.02215   0.01115   0.10462   0.09715   0.15041   0.09553   0.00382   0.00556   0.05959   0.02801   0.00967   0.00722   0.04865   0.04922   0.05798   0.06018   0.00674   0.02303   0.00923   0.00958   0.00117   0.00599   0.00599   0.00597   0.00356   0.00723   0.00719   0.00365   0.00494   0.00611   0.00804   0.01528   0.00352   0.00054   0.00728   0.02008   0.01618   0.02538   0.03210   0.01305   0.00960   0.00836   0.02606   0.00123   0.00594   0.01884   0.01480   0.00332   0.00875   0.00742   0.00414   0.00196   5.02051   0.49050   1.49586   1.40295   0.31763   0.34197  
 93  0.0026  12350.546672  x:  0.27079   0.02384   0.27780   0.06250   0.13436   0.06591   0.05557   0.06653   0.09007   0.02713   0.02216   0.01118   0.10475   0.09649   0.14960   0.09541   0.00388   0.00546   0.05974   0.02803   0.00968   0.00718   0.04928   0.04935   0.05783   0.06029   0.00687   0.02343   0.00929   0.00956   0.00118   0.00608   0.00606   0.00602   0.00354   0.00708   0.00711   0.00350   0.00473   0.00616   0.00796   0.01559   0.00358   0.00053   0.00725   0.01995   0.01624   0.02578   0.03213   0.01307   0.00965   0.00833   0.02605   0.00113   0.00578   0.01891   0.01518   0.00313   0.00875   0.00733   0.00418   0.00192   5.01560   0.49065   1.48691   1.39004   0.31748   0.34479  
 94  0.0049  12350.492329  x:  0.27083   0.02367   0.27867   0.06296   0.13434   0.06603   0.05613   0.06686   0.09040   0.02716   0.02191   0.01139   0.10428   0.09631   0.15005   0.09550   0.00373   0.00552   0.05939   0.02820   0.00966   0.00718   0.04903   0.04954   0.05817   0.06053   0.00692   0.02310   0.00926   0.00950   0.00121   0.00603   0.00600   0.00596   0.00356   0.00705   0.00712   0.00355   0.00466   0.00611   0.00810   0.01543   0.00384   0.00052   0.00723   0.01999   0.01652   0.02641   0.03235   0.01312   0.00966   0.00831   0.02587   0.00102   0.00603   0.01870   0.01492   0.00294   0.00878   0.00719   0.00403   0.00203   5.00989   0.48790   1.48057   1.37737   0.31806   0.34844  
 95  0.0057  12350.450915  x:  0.27129   0.02363   0.27809   0.06367   0.13405   0.06599   0.05607   0.06632   0.09011   0.02697   0.02212   0.01161   0.10463   0.09683   0.14982   0.09524   0.00359   0.00559   0.05955   0.02814   0.00965   0.00723   0.04865   0.04926   0.05806   0.06010   0.00674   0.02326   0.00933   0.00952   0.00121   0.00593   0.00593   0.00591   0.00353   0.00719   0.00711   0.00346   0.00451   0.00588   0.00820   0.01534   0.00391   0.00052   0.00723   0.02007   0.01624   0.02636   0.03211   0.01303   0.00964   0.00828   0.02606   0.00096   0.00608   0.01883   0.01505   0.00276   0.00889   0.00721   0.00393   0.00201   5.02024   0.49048   1.49342   1.40156   0.31797   0.34340  
 96  0.0119  12350.414348  x:  0.27102   0.02421   0.27751   0.06372   0.13469   0.06606   0.05524   0.06660   0.09016   0.02693   0.02223   0.01156   0.10449   0.09621   0.15049   0.09568   0.00365   0.00565   0.05970   0.02801   0.00969   0.00718   0.04938   0.04943   0.05845   0.06035   0.00659   0.02306   0.00939   0.00961   0.00122   0.00578   0.00597   0.00595   0.00356   0.00732   0.00709   0.00354   0.00452   0.00590   0.00841   0.01549   0.00408   0.00051   0.00728   0.02009   0.01623   0.02579   0.03216   0.01309   0.00965   0.00834   0.02606   0.00093   0.00607   0.01890   0.01520   0.00262   0.00887   0.00731   0.00398   0.00200   5.02049   0.49143   1.49914   1.40770   0.31778   0.34278  
 97  0.0026  12350.368391  x:  0.27064   0.02464   0.27772   0.06447   0.13436   0.06600   0.05528   0.06681   0.09028   0.02688   0.02199   0.01142   0.10430   0.09690   0.14981   0.09550   0.00371   0.00571   0.05969   0.02817   0.00967   0.00717   0.04865   0.04951   0.05835   0.06055   0.00663   0.02333   0.00940   0.00954   0.00123   0.00600   0.00601   0.00597   0.00357   0.00720   0.00712   0.00347   0.00437   0.00597   0.00848   0.01560   0.00417   0.00051   0.00733   0.02011   0.01630   0.02480   0.03232   0.01307   0.00965   0.00840   0.02587   0.00092   0.00603   0.01874   0.01498   0.00242   0.00884   0.00738   0.00409   0.00202   5.02346   0.48871   1.49850   1.39221   0.31804   0.34593  
 98  0.0053  12350.341020  x:  0.27126   0.02488   0.27817   0.06442   0.13400   0.06606   0.05598   0.06633   0.09017   0.02672   0.02209   0.01138   0.10461   0.09660   0.14993   0.09529   0.00369   0.00565   0.05982   0.02829   0.00964   0.00723   0.04898   0.04929   0.05814   0.06027   0.00679   0.02294   0.00930   0.00950   0.00122   0.00602   0.00594   0.00591   0.00356   0.00708   0.00718   0.00354   0.00439   0.00612   0.00845   0.01549   0.00427   0.00051   0.00728   0.02014   0.01620   0.02440   0.03209   0.01303   0.00965   0.00835   0.02606   0.00094   0.00601   0.01879   0.01508   0.00234   0.00890   0.00721   0.00411   0.00202   5.02388   0.48746   1.49670   1.39108   0.31736   0.34429  
 99  0.0015  12350.279740  x:  0.27021   0.02429   0.27741   0.06413   0.13512   0.06588   0.05660   0.06673   0.09013   0.02662   0.02234   0.01143   0.10487   0.09626   0.14988   0.09592   0.00365   0.00570   0.05851   0.02757   0.00972   0.00716   0.04870   0.04946   0.05713   0.06096   0.00703   0.02346   0.00922   0.00966   0.00122   0.00584   0.00590   0.00594   0.00358   0.00731   0.00724   0.00355   0.00424   0.00621   0.00851   0.01518   0.00436   0.00053   0.00717   0.02038   0.01632   0.02423   0.03216   0.01325   0.00964   0.00819   0.02615   0.00103   0.00599   0.01888   0.01514   0.00204   0.00897   0.00709   0.00417   0.00200   5.00350   0.49559   1.48577   1.41220   0.31710   0.33848  
100  0.0041  12350.149537  x:  0.27067   0.02473   0.27736   0.06422   0.13386   0.06592   0.05555   0.06657   0.09034   0.02685   0.02198   0.01140   0.10425   0.09719   0.14987   0.09499   0.00366   0.00542   0.05983   0.02782   0.00963   0.00721   0.04924   0.04949   0.05749   0.05979   0.00678   0.02276   0.00933   0.00948   0.00120   0.00589   0.00604   0.00599   0.00356   0.00702   0.00710   0.00368   0.00430   0.00577   0.00834   0.01547   0.00440   0.00056   0.00708   0.02048   0.01632   0.02450   0.03237   0.01294   0.00961   0.00838   0.02569   0.00121   0.00585   0.01875   0.01505   0.00198   0.00888   0.00704   0.00414   0.00189   5.00289   0.48938   1.47283   1.38406   0.31874   0.34077  
101  0.0086  12349.990501  x:  0.27148   0.02377   0.27865   0.06448   0.13410   0.06607   0.05561   0.06651   0.09017   0.02697   0.02211   0.01129   0.10444   0.09609   0.15129   0.09571   0.00376   0.00538   0.05888   0.02792   0.00965   0.00721   0.04872   0.04932   0.05731   0.06008   0.00678   0.02331   0.00937   0.00952   0.00117   0.00582   0.00602   0.00597   0.00358   0.00708   0.00695   0.00375   0.00409   0.00575   0.00828   0.01536   0.00455   0.00062   0.00706   0.02071   0.01648   0.02484   0.03217   0.01309   0.00962   0.00845   0.02589   0.00159   0.00597   0.01894   0.01524   0.00137   0.00891   0.00733   0.00410   0.00187   5.00380   0.49215   1.46383   1.39072   0.31800   0.34178  
102  0.0039  12349.904971  x:  0.27078   0.02388   0.27861   0.06449   0.13441   0.06603   0.05562   0.06659   0.09021   0.02682   0.02219   0.01122   0.10461   0.09661   0.14975   0.09579   0.00375   0.00537   0.05938   0.02827   0.00968   0.00719   0.04881   0.04937   0.05812   0.06036   0.00672   0.02324   0.00938   0.00957   0.00114   0.00591   0.00597   0.00594   0.00364   0.00720   0.00706   0.00381   0.00426   0.00601   0.00832   0.01535   0.00422   0.00069   0.00713   0.02056   0.01625   0.02534   0.03215   0.01313   0.00967   0.00838   0.02606   0.00192   0.00618   0.01892   0.01522   0.00168   0.00891   0.00740   0.00403   0.00185   5.00684   0.49303   1.47569   1.39630   0.31774   0.34156  
103  0.0073  12349.859041  x:  0.27073   0.02398   0.27775   0.06467   0.13433   0.06600   0.05576   0.06645   0.09024   0.02696   0.02208   0.01136   0.10454   0.09666   0.14930   0.09521   0.00365   0.00538   0.06002   0.02831   0.00966   0.00719   0.04909   0.04941   0.05842   0.06031   0.00668   0.02308   0.00937   0.00954   0.00113   0.00600   0.00594   0.00592   0.00364   0.00720   0.00712   0.00380   0.00415   0.00611   0.00836   0.01557   0.00428   0.00071   0.00718   0.02045   0.01616   0.02528   0.03226   0.01304   0.00966   0.00830   0.02596   0.00206   0.00617   0.01879   0.01514   0.00133   0.00899   0.00735   0.00406   0.00181   5.01922   0.49008   1.48923   1.39240   0.31773   0.34123  
104  0.0109  12349.797040  x:  0.27174   0.02410   0.27703   0.06410   0.13416   0.06608   0.05583   0.06643   0.09007   0.02700   0.02195   0.01180   0.10425   0.09624   0.15146   0.09524   0.00358   0.00558   0.05979   0.02797   0.00965   0.00721   0.04875   0.04931   0.05898   0.06047   0.00676   0.02333   0.00931   0.00951   0.00112   0.00608   0.00594   0.00592   0.00361   0.00716   0.00705   0.00374   0.00422   0.00610   0.00828   0.01556   0.00406   0.00076   0.00734   0.01997   0.01629   0.02564   0.03227   0.01298   0.00962   0.00830   0.02582   0.00213   0.00596   0.01881   0.01513   0.00141   0.00900   0.00732   0.00417   0.00186   4.99799   0.48800   1.50833   1.40297   0.31693   0.33826  
105  0.0080  12349.708869  x:  0.27025   0.02439   0.27792   0.06321   0.13429   0.06595   0.05566   0.06696   0.09014   0.02679   0.02216   0.01187   0.10457   0.09772   0.14931   0.09617   0.00360   0.00585   0.05937   0.02792   0.00968   0.00720   0.04907   0.04949   0.05847   0.06034   0.00689   0.02298   0.00922   0.00957   0.00114   0.00591   0.00601   0.00599   0.00358   0.00720   0.00721   0.00369   0.00427   0.00596   0.00831   0.01518   0.00405   0.00078   0.00743   0.01956   0.01642   0.02591   0.03215   0.01318   0.00966   0.00838   0.02604   0.00198   0.00567   0.01890   0.01517   0.00122   0.00888   0.00703   0.00428   0.00180   4.99028   0.49034   1.52516   1.41567   0.31787   0.33719  
106  0.0071  12349.521006  x:  0.27186   0.02544   0.27927   0.06351   0.13406   0.06598   0.05556   0.06658   0.09046   0.02665   0.02227   0.01106   0.10483   0.09632   0.15011   0.09526   0.00409   0.00639   0.06005   0.02846   0.00964   0.00719   0.04856   0.04934   0.05711   0.06018   0.00684   0.02299   0.00919   0.00955   0.00119   0.00570   0.00598   0.00594   0.00355   0.00708   0.00728   0.00353   0.00455   0.00563   0.00835   0.01512   0.00386   0.00087   0.00762   0.01917   0.01622   0.02601   0.03222   0.01304   0.00961   0.00852   0.02606   0.00159   0.00566   0.01882   0.01516   0.00134   0.00887   0.00696   0.00409   0.00194   5.03077   0.48627   1.51129   1.37943   0.31782   0.34316  
107  0.0118  12349.276041  x:  0.27091   0.02492   0.27631   0.06402   0.13449   0.06603   0.05656   0.06611   0.09008   0.02657   0.02197   0.01074   0.10429   0.09626   0.15003   0.09496   0.00405   0.00668   0.05928   0.02787   0.00968   0.00720   0.04899   0.04933   0.05746   0.06077   0.00662   0.02318   0.00934   0.00957   0.00120   0.00599   0.00603   0.00602   0.00354   0.00709   0.00720   0.00365   0.00479   0.00604   0.00833   0.01535   0.00380   0.00114   0.00779   0.01893   0.01598   0.02619   0.03227   0.01299   0.00963   0.00827   0.02573   0.00166   0.00585   0.01891   0.01524   0.00092   0.00917   0.00733   0.00388   0.00190   5.02275   0.48945   1.47574   1.38184   0.31831   0.33948  
108  0.0104  12349.087961  x:  0.27009   0.02483   0.27703   0.06423   0.13461   0.06604   0.05586   0.06665   0.09007   0.02668   0.02203   0.01112   0.10425   0.09682   0.14982   0.09576   0.00371   0.00657   0.05930   0.02779   0.00968   0.00721   0.04878   0.04942   0.05722   0.06039   0.00648   0.02305   0.00948   0.00955   0.00123   0.00609   0.00600   0.00599   0.00348   0.00714   0.00719   0.00363   0.00519   0.00618   0.00828   0.01547   0.00343   0.00134   0.00759   0.01903   0.01628   0.02585   0.03217   0.01312   0.00965   0.00826   0.02595   0.00134   0.00577   0.01888   0.01518   0.00139   0.00913   0.00699   0.00385   0.00181   4.99466   0.49565   1.45462   1.40555   0.31803   0.33893  
109  0.0202  12348.920118  x:  0.27115   0.02458   0.27953   0.06399   0.13416   0.06603   0.05503   0.06689   0.09032   0.02696   0.02217   0.01171   0.10464   0.09658   0.15030   0.09569   0.00339   0.00620   0.05973   0.02823   0.00963   0.00721   0.04864   0.04942   0.05775   0.05978   0.00651   0.02303   0.00945   0.00949   0.00124   0.00608   0.00584   0.00580   0.00339   0.00711   0.00710   0.00373   0.00533   0.00613   0.00825   0.01564   0.00352   0.00153   0.00733   0.01961   0.01657   0.02503   0.03219   0.01312   0.00966   0.00839   0.02611   0.00118   0.00575   0.01878   0.01513   0.00095   0.00897   0.00693   0.00404   0.00185   5.00831   0.49499   1.47213   1.41160   0.31713   0.34152  
110  0.0107  12348.816506  x:  0.27115   0.02386   0.27856   0.06414   0.13412   0.06599   0.05557   0.06643   0.09026   0.02694   0.02213   0.01161   0.10462   0.09651   0.14975   0.09519   0.00355   0.00579   0.05951   0.02828   0.00966   0.00720   0.04911   0.04940   0.05887   0.06012   0.00676   0.02319   0.00928   0.00952   0.00124   0.00602   0.00587   0.00584   0.00344   0.00717   0.00710   0.00370   0.00541   0.00608   0.00827   0.01551   0.00320   0.00169   0.00723   0.02023   0.01624   0.02512   0.03226   0.01303   0.00966   0.00834   0.02590   0.00128   0.00601   0.01890   0.01520   0.00104   0.00893   0.00742   0.00420   0.00188   5.00873   0.49120   1.47833   1.38978   0.31723   0.33832  
111  0.0116  12348.792513  x:  0.27091   0.02402   0.27791   0.06423   0.13428   0.06601   0.05570   0.06647   0.09020   0.02688   0.02211   0.01146   0.10448   0.09653   0.14991   0.09541   0.00367   0.00569   0.05958   0.02819   0.00967   0.00719   0.04895   0.04939   0.05863   0.06028   0.00684   0.02319   0.00928   0.00954   0.00126   0.00592   0.00597   0.00594   0.00345   0.00721   0.00718   0.00369   0.00543   0.00599   0.00828   0.01533   0.00324   0.00174   0.00717   0.02034   0.01618   0.02523   0.03225   0.01305   0.00965   0.00834   0.02589   0.00109   0.00602   0.01891   0.01524   0.00101   0.00896   0.00732   0.00421   0.00189   5.00501   0.49029   1.48138   1.38789   0.31762   0.33729  
112  0.0046  12348.777210  x:  0.27082   0.02427   0.27751   0.06410   0.13441   0.06605   0.05577   0.06664   0.09013   0.02689   0.02206   0.01143   0.10439   0.09665   0.15014   0.09564   0.00371   0.00550   0.05986   0.02813   0.00966   0.00720   0.04874   0.04938   0.05836   0.06046   0.00680   0.02317   0.00935   0.00955   0.00125   0.00591   0.00602   0.00600   0.00349   0.00720   0.00719   0.00372   0.00538   0.00597   0.00832   0.01529   0.00322   0.00177   0.00713   0.02037   0.01625   0.02528   0.03222   0.01308   0.00964   0.00834   0.02597   0.00120   0.00604   0.01886   0.01523   0.00099   0.00902   0.00717   0.00416   0.00190   5.00546   0.49025   1.49777   1.40095   0.31783   0.33794  
113  0.0103  12348.752631  x:  0.27115   0.02435   0.27801   0.06387   0.13418   0.06599   0.05606   0.06664   0.09019   0.02685   0.02207   0.01126   0.10458   0.09694   0.15005   0.09540   0.00382   0.00544   0.05953   0.02796   0.00964   0.00721   0.04907   0.04938   0.05773   0.06046   0.00667   0.02306   0.00939   0.00954   0.00126   0.00595   0.00599   0.00595   0.00355   0.00700   0.00701   0.00371   0.00530   0.00597   0.00840   0.01545   0.00322   0.00183   0.00724   0.02020   0.01640   0.02519   0.03219   0.01308   0.00965   0.00839   0.02601   0.00112   0.00605   0.01884   0.01518   0.00106   0.00904   0.00730   0.00407   0.00192   5.00790   0.49145   1.50796   1.41327   0.31785   0.34047  
114  0.0050  12348.708318  x:  0.27111   0.02412   0.27802   0.06328   0.13424   0.06588   0.05579   0.06647   0.09034   0.02693   0.02217   0.01126   0.10464   0.09642   0.15008   0.09554   0.00374   0.00527   0.05935   0.02801   0.00969   0.00719   0.04890   0.04939   0.05714   0.06021   0.00663   0.02319   0.00933   0.00953   0.00124   0.00603   0.00591   0.00588   0.00368   0.00722   0.00702   0.00377   0.00498   0.00614   0.00851   0.01548   0.00334   0.00196   0.00735   0.02007   0.01631   0.02542   0.03226   0.01306   0.00962   0.00833   0.02583   0.00115   0.00613   0.01893   0.01522   0.00098   0.00892   0.00735   0.00408   0.00181   5.00890   0.48862   1.49675   1.39208   0.31729   0.33955  
115  0.0056  12348.669561  x:  0.27076   0.02472   0.27775   0.06283   0.13437   0.06604   0.05560   0.06659   0.09016   0.02673   0.02211   0.01156   0.10445   0.09649   0.14980   0.09564   0.00349   0.00538   0.05939   0.02810   0.00967   0.00719   0.04882   0.04941   0.05751   0.06010   0.00661   0.02312   0.00934   0.00954   0.00121   0.00602   0.00594   0.00592   0.00372   0.00727   0.00709   0.00379   0.00480   0.00605   0.00842   0.01518   0.00334   0.00208   0.00748   0.01992   0.01620   0.02541   0.03225   0.01309   0.00964   0.00831   0.02592   0.00112   0.00602   0.01889   0.01525   0.00115   0.00893   0.00731   0.00411   0.00194   5.01974   0.48826   1.49732   1.38397   0.31831   0.33979  
116  0.0054  12348.644285  x:  0.27113   0.02468   0.27824   0.06259   0.13431   0.06608   0.05564   0.06659   0.09015   0.02689   0.02208   0.01152   0.10451   0.09656   0.14998   0.09535   0.00367   0.00546   0.05951   0.02817   0.00964   0.00721   0.04900   0.04936   0.05797   0.06020   0.00682   0.02314   0.00931   0.00954   0.00119   0.00594   0.00598   0.00596   0.00372   0.00713   0.00712   0.00384   0.00468   0.00593   0.00834   0.01533   0.00342   0.00219   0.00744   0.02002   0.01627   0.02527   0.03219   0.01306   0.00965   0.00837   0.02601   0.00114   0.00595   0.01885   0.01515   0.00111   0.00907   0.00730   0.00421   0.00189   5.03891   0.48904   1.49533   1.39519   0.31825   0.33815  
117  0.0087  12348.635934  x:  0.27101   0.02441   0.27808   0.06274   0.13435   0.06594   0.05580   0.06659   0.09025   0.02687   0.02211   0.01152   0.10453   0.09656   0.14999   0.09555   0.00368   0.00557   0.05969   0.02812   0.00968   0.00720   0.04888   0.04940   0.05801   0.06043   0.00680   0.02315   0.00935   0.00955   0.00117   0.00593   0.00598   0.00595   0.00368   0.00720   0.00711   0.00381   0.00463   0.00603   0.00829   0.01537   0.00341   0.00226   0.00735   0.02009   0.01629   0.02523   0.03226   0.01308   0.00964   0.00835   0.02588   0.00115   0.00602   0.01890   0.01520   0.00112   0.00893   0.00725   0.00414   0.00193   5.03905   0.48959   1.49406   1.39948   0.31799   0.33982  
118  0.0021  12348.629923  x:  0.27100   0.02453   0.27802   0.06251   0.13435   0.06600   0.05585   0.06668   0.09017   0.02689   0.02210   0.01147   0.10452   0.09676   0.14997   0.09546   0.00370   0.00565   0.05960   0.02808   0.00966   0.00719   0.04893   0.04939   0.05831   0.06036   0.00672   0.02317   0.00932   0.00954   0.00116   0.00593   0.00596   0.00593   0.00363   0.00716   0.00712   0.00381   0.00463   0.00598   0.00827   0.01537   0.00343   0.00230   0.00727   0.02012   0.01625   0.02519   0.03221   0.01306   0.00964   0.00834   0.02596   0.00114   0.00601   0.01884   0.01521   0.00114   0.00894   0.00725   0.00411   0.00187   5.02924   0.48889   1.49760   1.39610   0.31780   0.34006  
119  0.0040  12348.627223  x:  0.27105   0.02443   0.27816   0.06229   0.13427   0.06601   0.05574   0.06659   0.09020   0.02692   0.02208   0.01139   0.10455   0.09656   0.14993   0.09544   0.00371   0.00567   0.05964   0.02813   0.00965   0.00721   0.04892   0.04937   0.05815   0.06031   0.00673   0.02313   0.00933   0.00954   0.00116   0.00594   0.00597   0.00595   0.00360   0.00716   0.00712   0.00379   0.00462   0.00599   0.00831   0.01536   0.00347   0.00229   0.00722   0.02012   0.01629   0.02516   0.03223   0.01307   0.00965   0.00835   0.02596   0.00115   0.00600   0.01890   0.01520   0.00113   0.00901   0.00725   0.00408   0.00192   5.02590   0.48911   1.49685   1.39270   0.31796   0.33976  
120  0.0019  12348.623621  x:  0.27102   0.02452   0.27806   0.06228   0.13437   0.06597   0.05577   0.06657   0.09024   0.02689   0.02211   0.01134   0.10451   0.09649   0.14986   0.09546   0.00363   0.00564   0.05949   0.02816   0.00967   0.00720   0.04889   0.04940   0.05809   0.06026   0.00676   0.02322   0.00935   0.00955   0.00116   0.00593   0.00597   0.00594   0.00354   0.00718   0.00715   0.00371   0.00465   0.00600   0.00837   0.01538   0.00350   0.00229   0.00717   0.02015   0.01627   0.02521   0.03222   0.01308   0.00964   0.00834   0.02591   0.00116   0.00599   0.01886   0.01517   0.00115   0.00900   0.00727   0.00412   0.00189   5.02929   0.48884   1.49815   1.39678   0.31818   0.33904  
121  0.0012  12348.620904  x:  0.27104   0.02462   0.27800   0.06231   0.13434   0.06602   0.05577   0.06662   0.09019   0.02687   0.02209   0.01138   0.10451   0.09663   0.14996   0.09543   0.00367   0.00561   0.05959   0.02812   0.00966   0.00719   0.04894   0.04938   0.05815   0.06025   0.00676   0.02313   0.00933   0.00953   0.00116   0.00596   0.00596   0.00593   0.00352   0.00716   0.00712   0.00366   0.00467   0.00600   0.00841   0.01538   0.00354   0.00232   0.00721   0.02007   0.01627   0.02530   0.03224   0.01306   0.00965   0.00835   0.02595   0.00116   0.00600   0.01888   0.01521   0.00115   0.00893   0.00730   0.00415   0.00191   5.03180   0.48920   1.50021   1.39787   0.31820   0.34003  
122  0.0013  12348.619242  x:  0.27105   0.02462   0.27816   0.06226   0.13432   0.06599   0.05575   0.06664   0.09020   0.02688   0.02210   0.01142   0.10453   0.09661   0.14999   0.09551   0.00370   0.00559   0.05960   0.02810   0.00966   0.00720   0.04889   0.04939   0.05806   0.06032   0.00673   0.02316   0.00932   0.00954   0.00117   0.00595   0.00596   0.00595   0.00352   0.00717   0.00714   0.00363   0.00471   0.00601   0.00839   0.01535   0.00355   0.00235   0.00723   0.02007   0.01628   0.02529   0.03223   0.01308   0.00965   0.00834   0.02595   0.00117   0.00601   0.01886   0.01519   0.00115   0.00899   0.00727   0.00414   0.00189   5.03135   0.48911   1.49520   1.39429   0.31789   0.33955  
123  0.0022  12348.618391  x:  0.27100   0.02458   0.27812   0.06225   0.13433   0.06599   0.05583   0.06663   0.09021   0.02687   0.02210   0.01146   0.10453   0.09664   0.14988   0.09544   0.00368   0.00558   0.05956   0.02810   0.00966   0.00720   0.04895   0.04939   0.05810   0.06032   0.00672   0.02315   0.00932   0.00955   0.00118   0.00594   0.00598   0.00594   0.00354   0.00717   0.00712   0.00360   0.00472   0.00598   0.00836   0.01535   0.00357   0.00235   0.00726   0.02010   0.01627   0.02521   0.03223   0.01307   0.00964   0.00835   0.02593   0.00117   0.00600   0.01888   0.01519   0.00115   0.00898   0.00728   0.00412   0.00191   5.02902   0.48904   1.49535   1.39486   0.31799   0.33969  
124  0.0008  12348.617959  x:  0.27104   0.02454   0.27809   0.06222   0.13433   0.06600   0.05579   0.06662   0.09020   0.02690   0.02209   0.01142   0.10452   0.09659   0.14995   0.09546   0.00368   0.00560   0.05961   0.02813   0.00966   0.00720   0.04892   0.04938   0.05810   0.06032   0.00675   0.02316   0.00933   0.00954   0.00118   0.00594   0.00597   0.00594   0.00356   0.00717   0.00712   0.00359   0.00472   0.00599   0.00834   0.01536   0.00358   0.00235   0.00728   0.02011   0.01627   0.02521   0.03223   0.01307   0.00964   0.00835   0.02594   0.00117   0.00600   0.01887   0.01519   0.00116   0.00897   0.00726   0.00412   0.00190   5.02932   0.48906   1.49675   1.39536   0.31798   0.33966  
125  0.0007  12348.617911  x:  0.27104   0.02454   0.27811   0.06223   0.13433   0.06600   0.05577   0.06662   0.09020   0.02689   0.02210   0.01142   0.10452   0.09661   0.14994   0.09547   0.00368   0.00560   0.05959   0.02812   0.00966   0.00720   0.04892   0.04939   0.05812   0.06032   0.00675   0.02316   0.00933   0.00954   0.00118   0.00594   0.00597   0.00594   0.00356   0.00717   0.00712   0.00359   0.00472   0.00599   0.00833   0.01536   0.00359   0.00235   0.00727   0.02012   0.01627   0.02523   0.03223   0.01307   0.00965   0.00834   0.02594   0.00117   0.00601   0.01887   0.01519   0.00115   0.00897   0.00727   0.00412   0.00190   5.02999   0.48910   1.49708   1.39557   0.31800   0.33974  
126  0.0004  12348.617889  x:  0.27103   0.02455   0.27810   0.06223   0.13433   0.06600   0.05577   0.06662   0.09020   0.02689   0.02210   0.01142   0.10453   0.09661   0.14995   0.09546   0.00368   0.00560   0.05959   0.02811   0.00966   0.00720   0.04892   0.04938   0.05812   0.06030   0.00675   0.02316   0.00933   0.00954   0.00119   0.00594   0.00597   0.00594   0.00357   0.00717   0.00712   0.00359   0.00472   0.00599   0.00833   0.01537   0.00358   0.00235   0.00726   0.02011   0.01627   0.02522   0.03223   0.01307   0.00964   0.00834   0.02594   0.00117   0.00600   0.01887   0.01519   0.00115   0.00897   0.00726   0.00412   0.00190   5.02999   0.48903   1.49705   1.39547   0.31800   0.33974  
127  0.0000  12348.617882  x:  0.27104   0.02455   0.27810   0.06222   0.13433   0.06600   0.05577   0.06662   0.09020   0.02689   0.02210   0.01142   0.10452   0.09660   0.14994   0.09546   0.00368   0.00560   0.05959   0.02812   0.00966   0.00720   0.04892   0.04939   0.05812   0.06031   0.00675   0.02316   0.00933   0.00954   0.00119   0.00594   0.00597   0.00594   0.00357   0.00717   0.00712   0.00359   0.00472   0.00599   0.00833   0.01536   0.00358   0.00235   0.00726   0.02011   0.01627   0.02522   0.03223   0.01307   0.00965   0.00835   0.02594   0.00117   0.00600   0.01887   0.01519   0.00115   0.00897   0.00727   0.00412   0.00190   5.03002   0.48907   1.49696   1.39542   0.31801   0.33969  
128  0.0001  12348.617881  x:  0.27104   0.02455   0.27810   0.06222   0.13433   0.06600   0.05578   0.06662   0.09020   0.02689   0.02210   0.01143   0.10452   0.09661   0.14994   0.09546   0.00368   0.00560   0.05959   0.02812   0.00966   0.00720   0.04892   0.04938   0.05812   0.06031   0.00675   0.02316   0.00933   0.00954   0.00119   0.00594   0.00597   0.00594   0.00357   0.00717   0.00712   0.00359   0.00472   0.00599   0.00833   0.01536   0.00359   0.00235   0.00726   0.02011   0.01627   0.02522   0.03223   0.01307   0.00964   0.00835   0.02594   0.00117   0.00600   0.01887   0.01519   0.00115   0.00897   0.00727   0.00412   0.00190   5.03007   0.48906   1.49702   1.39548   0.31801   0.33971  
129  0.0001  12348.617881  x:  0.27104   0.02455   0.27810   0.06223   0.13433   0.06600   0.05578   0.06662   0.09020   0.02689   0.02210   0.01142   0.10452   0.09661   0.14994   0.09546   0.00368   0.00560   0.05959   0.02812   0.00966   0.00720   0.04892   0.04938   0.05812   0.06031   0.00675   0.02316   0.00933   0.00954   0.00119   0.00594   0.00597   0.00594   0.00357   0.00717   0.00712   0.00359   0.00472   0.00599   0.00833   0.01536   0.00359   0.00235   0.00726   0.02011   0.01627   0.02522   0.03223   0.01307   0.00965   0.00835   0.02594   0.00117   0.00600   0.01887   0.01519   0.00116   0.00897   0.00727   0.00412   0.00190   5.03006   0.48906   1.49700   1.39545   0.31800   0.33972  
130  0.0000  12348.617880  x:  0.27104   0.02455   0.27810   0.06222   0.13433   0.06600   0.05578   0.06662   0.09020   0.02689   0.02210   0.01142   0.10452   0.09661   0.14994   0.09546   0.00368   0.00560   0.05959   0.02812   0.00966   0.00720   0.04892   0.04939   0.05812   0.06031   0.00675   0.02316   0.00933   0.00954   0.00119   0.00594   0.00597   0.00594   0.00357   0.00717   0.00712   0.00359   0.00472   0.00599   0.00833   0.01536   0.00358   0.00235   0.00726   0.02011   0.01627   0.02522   0.03223   0.01307   0.00964   0.00835   0.02594   0.00117   0.00600   0.01887   0.01519   0.00115   0.00897   0.00727   0.00412   0.00190   5.03008   0.48906   1.49698   1.39543   0.31800   0.33972  
131  0.0000  12348.617880  x:  0.27104   0.02455   0.27810   0.06222   0.13433   0.06600   0.05578   0.06662   0.09020   0.02689   0.02210   0.01142   0.10452   0.09661   0.14994   0.09546   0.00368   0.00560   0.05959   0.02812   0.00966   0.00720   0.04892   0.04938   0.05812   0.06031   0.00675   0.02316   0.00933   0.00954   0.00119   0.00594   0.00597   0.00594   0.00357   0.00717   0.00712   0.00359   0.00472   0.00599   0.00833   0.01536   0.00358   0.00235   0.00726   0.02011   0.01627   0.02522   0.03223   0.01307   0.00964   0.00835   0.02594   0.00117   0.00600   0.01887   0.01519   0.00115   0.00897   0.00727   0.00412   0.00190   5.03004   0.48907   1.49699   1.39548   0.31800   0.33972  
132  0.0000  12348.617880  x:  0.27104   0.02455   0.27810   0.06222   0.13433   0.06600   0.05578   0.06662   0.09020   0.02689   0.02210   0.01142   0.10452   0.09661   0.14994   0.09546   0.00368   0.00560   0.05959   0.02812   0.00966   0.00720   0.04892   0.04938   0.05812   0.06031   0.00675   0.02316   0.00933   0.00954   0.00119   0.00594   0.00597   0.00594   0.00357   0.00717   0.00712   0.00359   0.00472   0.00599   0.00833   0.01536   0.00358   0.00235   0.00726   0.02011   0.01627   0.02522   0.03223   0.01307   0.00964   0.00835   0.02594   0.00117   0.00600   0.01887   0.01519   0.00115   0.00897   0.00727   0.00412   0.00190   5.03007   0.48906   1.49700   1.39546   0.31800   0.33971  
133  0.0000  12348.617879  x:  0.27104   0.02455   0.27810   0.06223   0.13433   0.06600   0.05578   0.06662   0.09020   0.02689   0.02210   0.01142   0.10452   0.09661   0.14994   0.09546   0.00368   0.00560   0.05959   0.02812   0.00966   0.00720   0.04892   0.04938   0.05812   0.06031   0.00675   0.02316   0.00933   0.00954   0.00119   0.00594   0.00597   0.00594   0.00357   0.00717   0.00712   0.00359   0.00472   0.00599   0.00833   0.01536   0.00358   0.00235   0.00726   0.02011   0.01627   0.02522   0.03223   0.01307   0.00964   0.00835   0.02594   0.00117   0.00600   0.01887   0.01519   0.00116   0.00897   0.00727   0.00412   0.00190   5.03007   0.48906   1.49700   1.39546   0.31800   0.33972  
134  0.0000  12348.617879  x:  0.27104   0.02455   0.27810   0.06223   0.13433   0.06600   0.05578   0.06662   0.09020   0.02689   0.02210   0.01142   0.10452   0.09661   0.14994   0.09546   0.00368   0.00560   0.05959   0.02812   0.00966   0.00720   0.04892   0.04938   0.05812   0.06031   0.00675   0.02316   0.00933   0.00954   0.00119   0.00594   0.00597   0.00594   0.00357   0.00717   0.00712   0.00359   0.00472   0.00599   0.00833   0.01536   0.00358   0.00235   0.00726   0.02011   0.01627   0.02522   0.03223   0.01307   0.00964   0.00835   0.02594   0.00117   0.00600   0.01887   0.01519   0.00115   0.00897   0.00727   0.00412   0.00190   5.03007   0.48906   1.49700   1.39545   0.31800   0.33972  