Supplemental results for CODEML (seqf: ../TAS1R3_DNA_alignment.fa  treef: TAS1R3_ML.raxml.bestTree)

I	J	ij	2Ns_IJ	pMut_IJ	pSub_IJ	2Ns_JI	pMut_JI	pSub_JI

TTC	TTT	CT	-0.63488	0.10432	0.07468	0.63488	0.05529	0.07468	0.07468	0.07468
TTA	TTT	AT	3.79891	0.00018	0.00072	-3.79891	0.00826	0.00072	0.00072	0.00072
TTA	TTC	AC	4.43379	0.00072	0.00322	-4.43379	0.06048	0.00322	0.00322	0.00322
TTG	TTT	GT	1.22462	0.00172	0.00298	-1.22462	0.00584	0.00298	0.00298	0.00298
TTG	TTC	GC	1.85950	0.00667	0.01468	-1.85950	0.04280	0.01468	0.01468	0.01468
TTG	TTA	GA	-2.57429	0.04284	0.00910	2.57429	0.00326	0.00910	0.00910	0.00910
TCT	TTT	CT	2.00418	0.00745	0.01726	-2.00418	0.05529	0.01726	0.01726	0.01726
TCC	TTC	CT	2.51227	0.03284	0.08978	-2.51227	0.40499	0.08978	0.08978	0.08978
TCC	TCT	CT	-0.12679	0.03284	0.03080	0.12679	0.02893	0.03080	0.03080	0.03080
TCA	TTA	CT	-1.24098	0.01629	0.00822	1.24098	0.00471	0.00822	0.00822	0.00822
TCA	TCT	AT	0.55375	0.00248	0.00323	-0.55375	0.00432	0.00323	0.00323	0.00323
TCA	TCC	AC	0.68054	0.00964	0.01329	-0.68054	0.01904	0.01329	0.01329	0.01329
TCG	TTG	CT	0.66326	0.02253	0.03082	-0.66326	0.04373	0.03082	0.03082	0.03082
TCG	TCT	GT	-0.11630	0.00343	0.00324	0.11630	0.00306	0.00324	0.00324	0.00324
TCG	TCC	GC	0.01049	0.01333	0.01340	-0.01049	0.01347	0.01340	0.01340	0.01340
TCG	TCA	GA	-0.67005	0.08568	0.06015	0.67005	0.04384	0.06015	0.06015	0.06015
TAT	TTT	AT	1.93816	0.00119	0.00269	-1.93816	0.00826	0.00269	0.00269	0.00269
TAT	TCT	AC	-0.06602	0.00462	0.00446	0.06602	0.00432	0.00446	0.00446	0.00446
TAC	TTC	AT	2.11571	0.00729	0.01754	-2.11571	0.06048	0.01754	0.01754	0.01754
TAC	TCC	AC	-0.39657	0.02831	0.02306	0.39657	0.01904	0.02306	0.02306	0.02306
TAC	TAT	CT	-0.45734	0.04783	0.03772	0.45734	0.03027	0.03772	0.03772	0.03772
TGT	TTT	GT	1.28813	0.00161	0.00287	-1.28813	0.00584	0.00287	0.00287	0.00287
TGT	TCT	GC	-0.71604	0.00626	0.00428	0.71604	0.00306	0.00428	0.00428	0.00428
TGT	TAT	GA	-0.65003	0.04020	0.02854	0.65003	0.02099	0.02854	0.02854	0.02854
TGC	TTC	GT	1.27330	0.01198	0.02118	-1.27330	0.04280	0.02118	0.02118	0.02118
TGC	TCC	GC	-1.23897	0.04651	0.02350	1.23897	0.01347	0.02350	0.02350	0.02350
TGC	TAC	GA	-0.84241	0.29888	0.19046	0.84241	0.12872	0.19046	0.19046	0.19046
TGC	TGT	CT	-0.64972	0.07859	0.05580	0.64972	0.04104	0.05580	0.05580	0.05580
TGG	TTG	GT	-0.64822	0.00884	0.00628	0.64822	0.00462	0.00628	0.00628	0.00628
TGG	TCG	GC	-1.31147	0.03431	0.01659	1.31147	0.00924	0.01659	0.01659	0.01659
TGG	TGT	GT	-0.71173	0.00884	0.00606	0.71173	0.00434	0.00606	0.00606	0.00606
TGG	TGC	GC	-0.06201	0.03431	0.03325	0.06201	0.03224	0.03325	0.03325	0.03325
CTT	TTT	CT	1.32637	0.01468	0.02650	-1.32637	0.05529	0.02650	0.02650	0.02650
CTC	TTC	CT	1.60286	0.08153	0.16362	-1.60286	0.40499	0.16362	0.16362	0.16362
CTC	CTT	CT	-0.35839	0.08153	0.06779	0.35839	0.05697	0.06779	0.06779	0.06779
CTA	TTA	CT	-1.00175	0.01282	0.00746	1.00175	0.00471	0.00746	0.00746	0.00746
CTA	CTT	AT	1.47079	0.00195	0.00373	-1.47079	0.00851	0.00373	0.00373	0.00373
CTA	CTC	AC	1.82918	0.00759	0.01654	-1.82918	0.04727	0.01654	0.01654	0.01654
CTG	TTG	CT	-1.71736	0.24355	0.09153	1.71736	0.04373	0.09153	0.09153	0.09153
CTG	CTT	GT	-1.81911	0.03713	0.01307	1.81911	0.00602	0.01307	0.01307	0.01307
CTG	CTC	GC	-1.46072	0.14415	0.06363	1.46072	0.03345	0.06363	0.06363	0.06363
CTG	CTA	GA	-3.28990	0.92629	0.11793	3.28990	0.03451	0.11793	0.11793	0.11793
CCT	TCT	CT	0.28132	0.02183	0.02505	-0.28132	0.02893	0.02505	0.02505	0.02505
CCT	CTT	CT	0.95913	0.02183	0.03395	-0.95913	0.05697	0.03395	0.03395	0.03395
CCC	TCC	CT	0.59198	0.07053	0.09345	-0.59198	0.12748	0.09345	0.09345	0.09345
CCC	CTC	CT	1.50139	0.07053	0.13625	-1.50139	0.31652	0.13625	0.13625	0.13625
CCC	CCT	CT	0.18387	0.07053	0.07721	-0.18387	0.08476	0.07721	0.07721	0.07721
CCA	TCA	CT	1.03989	0.02235	0.03596	-1.03989	0.06324	0.03596	0.03596	0.03596
CCA	CTA	CT	0.80066	0.02235	0.03248	-0.80066	0.04978	0.03248	0.03248	0.03248
CCA	CCT	AT	1.31232	0.00341	0.00612	-1.31232	0.01266	0.00612	0.00612	0.00612
CCA	CCC	AC	1.12845	0.01323	0.02207	-1.12845	0.04089	0.02207	0.02207	0.02207
CCG	TCG	CT	1.17408	0.02703	0.04594	-1.17408	0.08746	0.04594	0.04594	0.04594
CCG	CTG	CT	3.55470	0.02703	0.09892	-3.55470	0.94553	0.09892	0.09892	0.09892
CCG	CCT	GT	0.77646	0.00412	0.00593	-0.77646	0.00896	0.00593	0.00593	0.00593
CCG	CCC	GC	0.59259	0.01600	0.02121	-0.59259	0.02894	0.02121	0.02121	0.02121
CCG	CCA	GA	-0.53586	0.10281	0.07771	0.53586	0.06016	0.07771	0.07771	0.07771
CAT	TAT	CT	1.44949	0.00710	0.01346	-1.44949	0.03027	0.01346	0.01346	0.01346
CAT	CTT	AT	2.06128	0.00108	0.00256	-2.06128	0.00851	0.00256	0.00256	0.00256
CAT	CCT	AC	1.10216	0.00420	0.00694	-1.10216	0.01266	0.00694	0.00694	0.00694
CAC	TAC	CT	1.17620	0.05727	0.09741	-1.17620	0.18567	0.09741	0.09741	0.09741
CAC	CTC	AT	1.68904	0.00873	0.01809	-1.68904	0.04727	0.01809	0.01809	0.01809
CAC	CCC	AC	0.18765	0.03390	0.03718	-0.18765	0.04089	0.03718	0.03718	0.03718
CAC	CAT	CT	-0.73063	0.05727	0.03887	0.73063	0.02758	0.03887	0.03887	0.03887
CAA	CTA	AT	2.08457	0.00092	0.00220	-2.08457	0.00743	0.00220	0.00220	0.00220
CAA	CCA	AC	1.28391	0.00359	0.00637	-1.28391	0.01296	0.00637	0.00637	0.00637
CAA	CAT	AT	1.49407	0.00092	0.00178	-1.49407	0.00412	0.00178	0.00178	0.00178
CAA	CAC	AC	2.22470	0.00359	0.00895	-2.22470	0.03321	0.00895	0.00895	0.00895
CAG	CTG	AT	2.08647	0.01753	0.04175	-2.08647	0.14121	0.04175	0.04175	0.04175
CAG	CCG	AC	-1.46823	0.06805	0.02990	1.46823	0.01567	0.02990	0.02990	0.02990
CAG	CAT	GT	-1.79392	0.01753	0.00627	1.79392	0.00292	0.00627	0.00627	0.00627
CAG	CAC	GC	-1.06329	0.06805	0.03816	1.06329	0.02350	0.03816	0.03816	0.03816
CAG	CAA	GA	-3.28800	0.43728	0.05575	3.28800	0.01632	0.05575	0.05575	0.05575
CGT	TGT	CT	1.19061	0.01248	0.02134	-1.19061	0.04104	0.02134	0.02134	0.02134
CGT	CTT	GT	1.15237	0.00190	0.00320	-1.15237	0.00602	0.00320	0.00320	0.00320
CGT	CCT	GC	0.19325	0.00738	0.00812	-0.19325	0.00896	0.00812	0.00812	0.00812
CGT	CAT	GA	-0.90891	0.04745	0.02911	0.90891	0.01912	0.02911	0.02911	0.02911
CGC	TGC	CT	1.79323	0.05077	0.10922	-1.79323	0.30508	0.10922	0.10922	0.10922
CGC	CTC	GT	1.46366	0.00774	0.01474	-1.46366	0.03345	0.01474	0.01474	0.01474
CGC	CCC	GC	-0.03773	0.03005	0.02949	0.03773	0.02894	0.02949	0.02949	0.02949
CGC	CAC	GA	-0.22538	0.19310	0.17216	0.22538	0.15414	0.17216	0.17216	0.17216
CGC	CGT	CT	-0.04710	0.05077	0.04959	0.04710	0.04844	0.04959	0.04959	0.04959
CGA	CTA	GT	2.03600	0.00069	0.00161	-2.03600	0.00526	0.00161	0.00161	0.00161
CGA	CCA	GC	1.23535	0.00267	0.00464	-1.23535	0.00917	0.00464	0.00464	0.00464
CGA	CAA	GA	-0.04856	0.01714	0.01672	0.04856	0.01632	0.01672	0.01672	0.01672
CGA	CGT	AT	2.35442	0.00069	0.00179	-2.35442	0.00723	0.00179	0.00179	0.00179
CGA	CGC	AC	2.40152	0.00267	0.00704	-2.40152	0.02944	0.00704	0.00704	0.00704
CGG	TGG	CT	1.65561	0.04298	0.08795	-1.65561	0.22503	0.08795	0.08795	0.08795
CGG	CTG	GT	2.72475	0.00655	0.01910	-2.72475	0.09993	0.01910	0.01910	0.01910
CGG	CCG	GC	-0.82994	0.02543	0.01632	0.82994	0.01109	0.01632	0.01632	0.01632
CGG	CAG	GA	0.63829	0.16344	0.22112	-0.63829	0.30944	0.22112	0.22112	0.22112
CGG	CGT	GT	-0.24673	0.00655	0.00578	0.24673	0.00512	0.00578	0.00578	0.00578
CGG	CGC	GC	-0.19962	0.02543	0.02298	0.19962	0.02083	0.02298	0.02298	0.02298
CGG	CGA	GA	-2.60115	0.16344	0.03407	2.60115	0.01213	0.03407	0.03407	0.03407
ATT	TTT	AT	2.27683	0.00085	0.00215	-2.27683	0.00826	0.00215	0.00215	0.00215
ATT	CTT	AC	0.95046	0.00329	0.00510	-0.95046	0.00851	0.00510	0.00510	0.00510
ATC	TTC	AT	2.45037	0.00522	0.01399	-2.45037	0.06048	0.01399	0.01399	0.01399
ATC	CTC	AC	0.84750	0.02026	0.03004	-0.84750	0.04727	0.03004	0.03004	0.03004
ATC	ATT	CT	-0.46135	0.03422	0.02693	0.46135	0.02158	0.02693	0.02693	0.02693
ATA	TTA	AT	0.64270	0.00037	0.00050	-0.64270	0.00070	0.00050	0.00050	0.00050
ATA	CTA	AC	1.64445	0.00144	0.00293	-1.64445	0.00743	0.00293	0.00293	0.00293
ATA	ATT	AT	2.16478	0.00037	0.00090	-2.16478	0.00322	0.00090	0.00090	0.00090
ATA	ATC	AC	2.62613	0.00144	0.00406	-2.62613	0.01984	0.00406	0.00406	0.00406
ATG	TTG	AT	-0.16309	0.00769	0.00708	0.16309	0.00653	0.00708	0.00708	0.00708
ATG	CTG	AC	1.55427	0.02984	0.05882	-1.55427	0.14121	0.05882	0.05882	0.05882
ATG	ATT	GT	-1.21530	0.00769	0.00394	1.21530	0.00228	0.00394	0.00394	0.00394
ATG	ATC	GC	-0.75395	0.02984	0.01999	0.75395	0.01404	0.01999	0.01999	0.01999
ATG	ATA	GA	-3.38008	0.19178	0.02285	3.38008	0.00653	0.02285	0.02285	0.02285
ACT	TCT	AT	1.64706	0.00083	0.00170	-1.64706	0.00432	0.00170	0.00170	0.00170
ACT	CCT	AC	1.36574	0.00323	0.00592	-1.36574	0.01266	0.00592	0.00592	0.00592
ACT	ATT	CT	1.37441	0.00546	0.01004	-1.37441	0.02158	0.01004	0.01004	0.01004
ACC	TCC	AT	1.03311	0.00678	0.01087	-1.03311	0.01904	0.01087	0.01087	0.01087
ACC	CCC	AC	0.44113	0.02631	0.03253	-0.44113	0.04089	0.03253	0.03253	0.03253
ACC	ATC	CT	1.09501	0.04445	0.07314	-1.09501	0.13286	0.07314	0.07314	0.07314
ACC	ACT	CT	-0.74074	0.04445	0.03000	0.74074	0.02119	0.03000	0.03000	0.03000
ACA	TCA	AT	0.90241	0.00383	0.00582	-0.90241	0.00944	0.00582	0.00582	0.00582
ACA	CCA	AC	-0.13747	0.01487	0.01387	0.13747	0.01296	0.01387	0.01387	0.01387
ACA	ATA	CT	-0.98127	0.02513	0.01478	0.98127	0.00942	0.01478	0.01478	0.01478
ACA	ACT	AT	-0.19090	0.00383	0.00348	0.19090	0.00316	0.00348	0.00348	0.00348
ACA	ACC	AC	0.54984	0.01487	0.01933	-0.54984	0.02577	0.01933	0.01933	0.01933
ACG	TCG	AT	1.08839	0.00440	0.00722	-1.08839	0.01306	0.00722	0.00722	0.00722
ACG	CCG	AC	-0.08569	0.01708	0.01635	0.08569	0.01567	0.01635	0.01635	0.01635
ACG	ATG	CT	1.91473	0.02885	0.06479	-1.91473	0.19577	0.06479	0.06479	0.06479
ACG	ACT	GT	-0.67497	0.00440	0.00308	0.67497	0.00224	0.00308	0.00308	0.00308
ACG	ACC	GC	0.06576	0.01708	0.01764	-0.06576	0.01824	0.01764	0.01764	0.01764
ACG	ACA	GA	-0.48408	0.10973	0.08531	0.48408	0.06762	0.08531	0.08531	0.08531
AAT	TAT	AT	1.15353	0.00143	0.00240	-1.15353	0.00452	0.00240	0.00240	0.00240
AAT	CAT	AC	-0.29597	0.00554	0.00476	0.29597	0.00412	0.00476	0.00476	0.00476
AAT	ATT	AT	0.81486	0.00143	0.00209	-0.81486	0.00322	0.00209	0.00209	0.00209
AAT	ACT	AC	-0.55955	0.00554	0.00413	0.55955	0.00316	0.00413	0.00413	0.00413
AAC	TAC	AT	1.14361	0.00884	0.01483	-1.14361	0.02773	0.01483	0.01483	0.01483
AAC	CAC	AC	-0.03258	0.03431	0.03375	0.03258	0.03321	0.03375	0.03375	0.03375
AAC	ATC	AT	0.80895	0.00884	0.01289	-0.80895	0.01984	0.01289	0.01289	0.01289
AAC	ACC	AC	-0.28606	0.03431	0.02963	0.28606	0.02577	0.02963	0.02963	0.02963
AAC	AAT	CT	-0.46725	0.05796	0.04547	0.46725	0.03633	0.04547	0.04547	0.04547
AAA	CAA	AC	0.06906	0.00328	0.00340	-0.06906	0.00352	0.00340	0.00340	0.00340
AAA	ATA	AT	0.50917	0.00085	0.00108	-0.50917	0.00141	0.00108	0.00108	0.00108
AAA	ACA	AC	1.49044	0.00328	0.00631	-1.49044	0.01457	0.00631	0.00631	0.00631
AAA	AAT	AT	1.85910	0.00085	0.00186	-1.85910	0.00543	0.00186	0.00186	0.00186
AAA	AAC	AC	2.32635	0.00328	0.00846	-2.32635	0.03361	0.00846	0.00846	0.00846
AAG	CAG	AC	0.98597	0.02487	0.03911	-0.98597	0.06666	0.03911	0.03911	0.03911
AAG	ATG	AT	1.51817	0.00641	0.01245	-1.51817	0.02924	0.01245	0.01245	0.01245
AAG	ACG	AC	-0.39656	0.02487	0.02026	0.39656	0.01673	0.02026	0.02026	0.02026
AAG	AAT	GT	-0.51198	0.00641	0.00491	0.51198	0.00384	0.00491	0.00491	0.00491
AAG	AAC	GC	-0.04473	0.02487	0.02432	0.04473	0.02378	0.02432	0.02432	0.02432
AAG	AAA	GA	-2.37108	0.15982	0.03903	2.37108	0.01492	0.03903	0.03903	0.03903
AGT	TGT	AT	1.33585	0.00161	0.00292	-1.33585	0.00613	0.00292	0.00292	0.00292
AGT	CGT	AC	0.14524	0.00626	0.00672	-0.14524	0.00723	0.00672	0.00672	0.00672
AGT	ATT	GT	0.34715	0.00161	0.00191	-0.34715	0.00228	0.00191	0.00191	0.00191
AGT	ACT	GC	-1.02725	0.00626	0.00358	1.02725	0.00224	0.00358	0.00358	0.00358
AGT	AAT	GA	-0.46770	0.04020	0.03153	0.46770	0.02518	0.03153	0.03153	0.03153
AGC	TGC	AT	1.15758	0.01432	0.02417	-1.15758	0.04556	0.02417	0.02417	0.02417
AGC	CGC	AC	-0.63565	0.05559	0.03978	0.63565	0.02944	0.03978	0.03978	0.03978
AGC	ATC	GT	-0.01949	0.01432	0.01418	0.01949	0.01404	0.01418	0.01418	0.01418
AGC	ACC	GC	-1.11451	0.05559	0.03025	1.11451	0.01824	0.03025	0.03025	0.03025
AGC	AAC	GA	-0.82844	0.35720	0.22944	0.82844	0.15600	0.22944	0.22944	0.22944
AGC	AGT	CT	-0.82799	0.09392	0.06034	0.82799	0.04104	0.06034	0.06034	0.06034
AGA	CGA	AC	0.98625	0.00097	0.00153	-0.98625	0.00261	0.00153	0.00153	0.00153
AGA	ATA	GT	1.37780	0.00025	0.00046	-1.37780	0.00100	0.00046	0.00046	0.00046
AGA	ACA	GC	2.35907	0.00097	0.00254	-2.35907	0.01031	0.00254	0.00254	0.00254
AGA	AAA	GA	0.86863	0.00626	0.00937	-0.86863	0.01492	0.00937	0.00937	0.00937
AGA	AGT	AT	3.19543	0.00025	0.00084	-3.19543	0.00613	0.00084	0.00084	0.00084
AGA	AGC	AC	4.02342	0.00097	0.00399	-4.02342	0.05446	0.00399	0.00399	0.00399
AGG	TGG	AT	2.15466	0.00390	0.00950	-2.15466	0.03361	0.00950	0.00950	0.00950
AGG	CGG	AC	0.49905	0.01513	0.01921	-0.49905	0.02492	0.01921	0.01921	0.01921
AGG	ATG	GT	1.66953	0.00390	0.00801	-1.66953	0.02069	0.00801	0.00801	0.00801
AGG	ACG	GC	-0.24520	0.01513	0.01335	0.24520	0.01184	0.01335	0.01335	0.01335
AGG	AAG	GA	0.15136	0.09721	0.10475	-0.15136	0.11309	0.10475	0.10475	0.10475
AGG	AGT	GT	0.10708	0.00390	0.00411	-0.10708	0.00434	0.00411	0.00411	0.00411
AGG	AGC	GC	0.93507	0.01513	0.02329	-0.93507	0.03854	0.02329	0.02329	0.02329
AGG	AGA	GA	-3.08835	0.09721	0.01434	3.08835	0.00443	0.01434	0.01434	0.01434
GTT	TTT	GT	2.26126	0.00061	0.00154	-2.26126	0.00584	0.00154	0.00154	0.00154
GTT	CTT	GC	0.93489	0.00236	0.00364	-0.93489	0.00602	0.00364	0.00364	0.00364
GTT	ATT	GA	-0.01557	0.01519	0.01507	0.01557	0.01496	0.01507	0.01507	0.01507
GTC	TTC	GT	2.03371	0.00560	0.01310	-2.03371	0.04280	0.01310	0.01310	0.01310
GTC	CTC	GC	0.43084	0.02174	0.02676	-0.43084	0.03345	0.02676	0.02676	0.02676
GTC	ATC	GA	-0.41666	0.13972	0.11263	0.41666	0.09211	0.11263	0.11263	0.11263
GTC	GTT	CT	-0.86243	0.03674	0.02314	0.86243	0.01551	0.02314	0.02314	0.02314
GTA	TTA	GT	-0.22106	0.00062	0.00055	0.22106	0.00050	0.00055	0.00055	0.00055
GTA	CTA	GC	0.78070	0.00241	0.00347	-0.78070	0.00526	0.00347	0.00347	0.00347
GTA	ATA	GA	-0.86376	0.01549	0.00975	0.86376	0.00653	0.00975	0.00975	0.00975
GTA	GTT	AT	1.31660	0.00062	0.00112	-1.31660	0.00232	0.00112	0.00112	0.00112
GTA	GTC	AC	2.17903	0.00241	0.00592	-2.17903	0.02130	0.00592	0.00592	0.00592
GTG	TTG	GT	-1.58492	0.02255	0.00921	1.58492	0.00462	0.00921	0.00921	0.00921
GTG	CTG	GC	0.13243	0.08753	0.09346	-0.13243	0.09993	0.09346	0.09346	0.09346
GTG	ATG	GA	-1.42184	0.56250	0.25432	1.42184	0.13571	0.25432	0.25432	0.25432
GTG	GTT	GT	-2.62156	0.02255	0.00463	2.62156	0.00164	0.00463	0.00463	0.00463
GTG	GTC	GC	-1.75913	0.08753	0.03203	1.75913	0.01507	0.03203	0.03203	0.03203
GTG	GTA	GA	-3.93816	0.56250	0.04402	3.93816	0.01096	0.04402	0.04402	0.04402
GCT	TCT	GT	-0.44172	0.00476	0.00378	0.44172	0.00306	0.00378	0.00378	0.00378
GCT	CCT	GC	-0.72304	0.01846	0.01258	0.72304	0.00896	0.01258	0.01258	0.01258
GCT	ACT	GA	-2.08878	0.11863	0.03502	2.08878	0.01469	0.03502	0.03502	0.03502
GCT	GTT	CT	-0.69881	0.03119	0.02155	0.69881	0.01551	0.02155	0.02155	0.02155
GCC	TCC	GT	-0.52251	0.02272	0.01730	0.52251	0.01347	0.01730	0.01730	0.01730
GCC	CCC	GC	-1.11449	0.08820	0.04800	1.11449	0.02894	0.04800	0.04800	0.04800
GCC	ACC	GA	-1.55562	0.56678	0.23587	1.55562	0.11962	0.23587	0.23587	0.23587
GCC	GTC	CT	-0.04394	0.14903	0.14578	0.04394	0.14262	0.14578	0.14578	0.14578
GCC	GCT	CT	-0.20757	0.14903	0.13409	0.20757	0.12109	0.13409	0.13409	0.13409
GCA	TCA	GT	0.70502	0.00330	0.00460	-0.70502	0.00668	0.00460	0.00460	0.00460
GCA	CCA	GC	-0.33487	0.01282	0.01079	0.33487	0.00917	0.01079	0.01079	0.01079
GCA	ACA	GA	-0.19739	0.08238	0.07452	0.19739	0.06762	0.07452	0.07452	0.07452
GCA	GTA	CT	-0.31491	0.02166	0.01843	0.31491	0.01581	0.01843	0.01843	0.01843
GCA	GCT	AT	1.70049	0.00330	0.00687	-1.70049	0.01808	0.00687	0.00687	0.00687
GCA	GCC	AC	1.90807	0.01282	0.02872	-1.90807	0.08641	0.02872	0.02872	0.02872
GCG	TCG	GT	0.81092	0.00411	0.00600	-0.81092	0.00924	0.00600	0.00600	0.00600
GCG	CCG	GC	-0.36316	0.01595	0.01323	0.36316	0.01109	0.01323	0.01323	0.01323
GCG	ACG	GA	-0.27747	0.10248	0.08892	0.27747	0.07765	0.08892	0.08892	0.08892
GCG	GTG	CT	3.05910	0.02695	0.08649	-3.05910	0.57418	0.08649	0.08649	0.08649
GCG	GCT	GT	1.13635	0.00411	0.00687	-1.13635	0.01280	0.00687	0.00687	0.00687
GCG	GCC	GC	1.34392	0.01595	0.02900	-1.34392	0.06114	0.02900	0.02900	0.02900
GCG	GCA	GA	-0.56415	0.10248	0.07628	0.56415	0.05830	0.07628	0.07628	0.07628
GAT	TAT	GT	0.54108	0.00186	0.00241	-0.54108	0.00320	0.00241	0.00241	0.00241
GAT	CAT	GC	-0.90841	0.00723	0.00444	0.90841	0.00292	0.00444	0.00444	0.00444
GAT	AAT	GA	-0.61244	0.04646	0.03368	0.61244	0.02518	0.03368	0.03368	0.03368
GAT	GTT	AT	0.21799	0.00186	0.00207	-0.21799	0.00232	0.00207	0.00207	0.00207
GAT	GCT	AC	0.91679	0.00723	0.01104	-0.91679	0.01808	0.01104	0.01104	0.01104
GAC	TAC	GT	0.59306	0.01084	0.01438	-0.59306	0.01962	0.01438	0.01438	0.01438
GAC	CAC	GC	-0.58314	0.04210	0.03101	0.58314	0.02350	0.03101	0.03101	0.03101
GAC	AAC	GA	-0.55055	0.27054	0.20287	0.55055	0.15600	0.20287	0.20287	0.20287
GAC	GTC	AT	0.67506	0.01084	0.01491	-0.67506	0.02130	0.01491	0.01491	0.01491
GAC	GCC	AC	0.71900	0.04210	0.05903	-0.71900	0.08641	0.05903	0.05903	0.05903
GAC	GAT	CT	-0.40536	0.07113	0.05769	0.40536	0.04743	0.05769	0.05769	0.05769
GAA	CAA	GC	-0.26101	0.00323	0.00283	0.26101	0.00249	0.00283	0.00283	0.00283
GAA	AAA	GA	-0.33007	0.02076	0.01752	0.33007	0.01492	0.01752	0.01752	0.01752
GAA	GTA	AT	1.04286	0.00083	0.00134	-1.04286	0.00236	0.00134	0.00134	0.00134
GAA	GCA	AC	1.35777	0.00323	0.00591	-1.35777	0.01256	0.00591	0.00591	0.00591
GAA	GAT	AT	2.14147	0.00083	0.00202	-2.14147	0.00708	0.00202	0.00202	0.00202
GAA	GAC	AC	2.54683	0.00323	0.00893	-2.54683	0.04124	0.00893	0.00893	0.00893
GAG	CAG	GC	-0.15297	0.05497	0.05087	0.15297	0.04717	0.05087	0.05087	0.05087
GAG	AAG	GA	-1.13895	0.35325	0.18947	1.13895	0.11309	0.18947	0.18947	0.18947
GAG	GTG	AT	1.80106	0.01416	0.03055	-1.80106	0.08575	0.03055	0.03055	0.03055
GAG	GCG	AC	-1.25804	0.05497	0.02746	1.25804	0.01562	0.02746	0.02746	0.02746
GAG	GAT	GT	-1.03849	0.01416	0.00806	1.03849	0.00501	0.00806	0.00806	0.00806
GAG	GAC	GC	-0.63313	0.05497	0.03939	0.63313	0.02919	0.03939	0.03939	0.03939
GAG	GAA	GA	-3.17996	0.35325	0.04874	3.17996	0.01469	0.04874	0.04874	0.04874
GGT	TGT	GT	0.95777	0.00166	0.00259	-0.95777	0.00434	0.00259	0.00259	0.00259
GGT	CGT	GC	-0.23284	0.00646	0.00574	0.23284	0.00512	0.00574	0.00574	0.00574
GGT	AGT	GA	-0.37808	0.04152	0.03416	0.37808	0.02845	0.03416	0.03416	0.03416
GGT	GTT	GT	-0.01535	0.00166	0.00165	0.01535	0.00164	0.00165	0.00165	0.00165
GGT	GCT	GC	0.68345	0.00646	0.00892	-0.68345	0.01280	0.00892	0.00892	0.00892
GGT	GAT	GA	-0.23334	0.04152	0.03686	0.23334	0.03288	0.03686	0.03686	0.03686
GGC	TGC	GT	0.61252	0.01748	0.02337	-0.61252	0.03224	0.02337	0.02337	0.02337
GGC	CGC	GC	-1.18071	0.06784	0.03550	1.18071	0.02083	0.03550	0.03550	0.03550
GGC	AGC	GA	-0.54506	0.43596	0.32789	0.54506	0.25277	0.32789	0.32789	0.32789
GGC	GTC	GT	-0.14789	0.01748	0.01621	0.14789	0.01507	0.01621	0.01621	0.01621
GGC	GCC	GC	-0.10395	0.06784	0.06438	0.10395	0.06114	0.06438	0.06438	0.06438
GGC	GAC	GA	-0.82295	0.43596	0.28090	0.82295	0.19145	0.28090	0.28090	0.28090
GGC	GGT	CT	-0.99497	0.11463	0.06691	0.99497	0.04238	0.06691	0.06691	0.06691
GGA	CGA	GC	-1.16006	0.00590	0.00312	1.16006	0.00185	0.00312	0.00312	0.00312
GGA	AGA	GA	-2.14631	0.03790	0.01077	2.14631	0.00443	0.01077	0.01077	0.01077
GGA	GTA	GT	0.09525	0.00152	0.00159	-0.09525	0.00167	0.00159	0.00159	0.00159
GGA	GCA	GC	0.41016	0.00590	0.00719	-0.41016	0.00889	0.00719	0.00719	0.00719
GGA	GAA	GA	-0.94761	0.03790	0.02273	0.94761	0.01469	0.02273	0.02273	0.02273
GGA	GGT	AT	1.42720	0.00152	0.00285	-1.42720	0.00633	0.00285	0.00285	0.00285
GGA	GGC	AC	2.42217	0.00590	0.01567	-2.42217	0.06646	0.01567	0.01567	0.01567
GGG	TGG	GT	1.09722	0.00794	0.01307	-1.09722	0.02378	0.01307	0.01307	0.01307
GGG	CGG	GC	-0.55839	0.03082	0.02301	0.55839	0.01763	0.02301	0.02301	0.02301
GGG	AGG	GA	-1.05743	0.19804	0.11145	1.05743	0.06879	0.11145	0.11145	0.11145
GGG	GTG	GT	2.03393	0.00794	0.01858	-2.03393	0.06068	0.01858	0.01858	0.01858
GGG	GCG	GC	-1.02517	0.03082	0.01767	1.02517	0.01106	0.01767	0.01767	0.01767
GGG	GAG	GA	0.23287	0.19804	0.22200	-0.23287	0.24997	0.22200	0.22200	0.22200
GGG	GGT	GT	-0.57228	0.00794	0.00588	0.57228	0.00448	0.00588	0.00588	0.00588
GGG	GGC	GC	0.42269	0.03082	0.03779	-0.42269	0.04703	0.03779	0.03779	0.03779
GGG	GGA	GA	-1.99948	0.19804	0.06202	1.99948	0.02682	0.06202	0.06202	0.06202


Histograms
2Ns	FMut	FSub(CodonUsage)	FSubw(after w)

-4.22266	0.00453	0.00040	0.00040
-3.80039	0.02247	0.00246	0.00246
-3.37813	0.11261	0.01894	0.01894
-2.95586	0.02643	0.00553	0.00553
-2.53360	0.04576	0.01417	0.01417
-2.11133	0.04485	0.01919	0.01919
-1.68906	0.10610	0.05850	0.05850
-1.26680	0.10811	0.07592	0.07592
-0.84453	0.12159	0.11069	0.11069
-0.42227	0.11702	0.12977	0.12977
0.00000	0.09272	0.12886	0.12886
0.42227	0.07564	0.12977	0.12977
0.84453	0.05487	0.11069	0.11069
1.26680	0.03131	0.07592	0.07592
1.68906	0.02070	0.05850	0.05850
2.11133	0.00590	0.01919	0.01919
2.53360	0.00373	0.01417	0.01417
2.95586	0.00124	0.00553	0.00553
3.37813	0.00391	0.01894	0.01894
3.80039	0.00044	0.00246	0.00246
4.22266	0.00007	0.00040	0.00040

Proportion of advantageous (S > 0) mutations:
 0.24133

Proportions of good & bad mutations (|S| > 2.0000) among mutations:
0.01254  0.23742

mean |Ns| = 1.43221	mean Ns+ = 0.80071	mean Ns- = -1.63309

