Supplemental results for CODEML (seqf: paml_alt_homininae_altered_dna_aligned_combined_TAS1R3  treef: paml_alt_homininae_ML_tree_output_altered_dna_aligned_combined_TAS1R3.txt)

I	J	ij	2Ns_IJ	pMut_IJ	pSub_IJ	2Ns_JI	pMut_JI	pSub_JI

TTC	TTT	CT	-0.82186	0.08793	0.05669	0.82186	0.03865	0.05669	0.05669	0.05669
TTA	TTT	AT	3.74608	0.00014	0.00055	-3.74608	0.00602	0.00055	0.00055	0.00055
TTA	TTC	AC	4.56793	0.00047	0.00218	-4.56793	0.04543	0.00218	0.00218	0.00218
TTG	TTT	GT	1.24638	0.00164	0.00287	-1.24638	0.00571	0.00287	0.00287	0.00287
TTG	TTC	GC	2.06823	0.00544	0.01289	-2.06823	0.04307	0.01289	0.01289	0.01289
TTG	TTA	GA	-2.49970	0.02533	0.00566	2.49970	0.00208	0.00566	0.00566	0.00566
TCT	TTT	CT	1.87486	0.00593	0.01313	-1.87486	0.03865	0.01313	0.01313	0.01313
TCC	TTC	CT	2.36048	0.02753	0.07174	-2.36048	0.29166	0.07174	0.07174	0.07174
TCC	TCT	CT	-0.33624	0.02753	0.02316	0.33624	0.01967	0.02316	0.02316	0.02316
TCA	TTA	CT	-1.59533	0.01270	0.00516	1.59533	0.00258	0.00516	0.00516	0.00516
TCA	TCT	AT	0.27589	0.00232	0.00266	-0.27589	0.00306	0.00266	0.00266	0.00266
TCA	TCC	AC	0.61213	0.00771	0.01031	-0.61213	0.01422	0.01031	0.01031	0.01031
TCG	TTG	CT	0.44180	0.01913	0.02366	-0.44180	0.02975	0.02366	0.02366	0.02366
TCG	TCT	GT	-0.18668	0.00350	0.00318	0.18668	0.00290	0.00318	0.00318	0.00318
TCG	TCC	GC	0.14956	0.01161	0.01250	-0.14956	0.01348	0.01250	0.01250	0.01250
TCG	TCA	GA	-0.46257	0.05401	0.04248	0.46257	0.03401	0.04248	0.04248	0.04248
TAT	TTT	AT	1.65598	0.00115	0.00235	-1.65598	0.00602	0.00235	0.00235	0.00235
TAT	TCT	AC	-0.21888	0.00381	0.00341	0.21888	0.00306	0.00341	0.00341	0.00341
TAC	TTC	AT	1.84120	0.00721	0.01577	-1.84120	0.04543	0.01577	0.01577	0.01577
TAC	TCC	AC	-0.51927	0.02391	0.01823	0.51927	0.01422	0.01823	0.01823	0.01823
TAC	TAT	CT	-0.63663	0.03938	0.02817	0.63663	0.02084	0.02817	0.02817	0.02817
TGT	TTT	GT	1.30372	0.00155	0.00277	-1.30372	0.00571	0.00277	0.00277	0.00277
TGT	TCT	GC	-0.57114	0.00514	0.00381	0.57114	0.00290	0.00381	0.00381	0.00381
TGT	TAT	GA	-0.35226	0.02391	0.01995	0.35226	0.01681	0.01995	0.01995	0.01995
TGC	TTC	GT	1.27268	0.01206	0.02133	-1.27268	0.04307	0.02133	0.02133	0.02133
TGC	TCC	GC	-1.08780	0.04001	0.02212	1.08780	0.01348	0.02212	0.02212	0.02212
TGC	TAC	GA	-0.56853	0.18614	0.13821	0.56853	0.10542	0.13821	0.13821	0.13821
TGC	TGT	CT	-0.85290	0.06592	0.04176	0.85290	0.02809	0.04176	0.04176	0.04176
TGG	TTG	GT	-0.71013	0.00894	0.00614	0.71013	0.00439	0.00614	0.00614	0.00614
TGG	TCG	GC	-1.15194	0.02965	0.01578	1.15194	0.00937	0.01578	0.01578	0.01578
TGG	TGT	GT	-0.76748	0.00894	0.00594	0.76748	0.00415	0.00594	0.00594	0.00594
TGG	TGC	GC	0.08542	0.02965	0.03093	-0.08542	0.03229	0.03093	0.03093	0.03093
CTT	TTT	CT	1.12390	0.01256	0.02092	-1.12390	0.03865	0.02092	0.02092	0.02092
CTC	TTC	CT	1.46073	0.06769	0.12875	-1.46073	0.29166	0.12875	0.12875	0.12875
CTC	CTT	CT	-0.48502	0.06769	0.05259	0.48502	0.04167	0.05259	0.05259	0.05259
CTA	TTA	CT	-1.36522	0.01009	0.00472	1.36522	0.00258	0.00472	0.00472	0.00472
CTA	CTT	AT	1.25697	0.00185	0.00324	-1.25697	0.00649	0.00324	0.00324	0.00324
CTA	CTC	AC	1.74199	0.00613	0.01294	-1.74199	0.03497	0.01294	0.01294	0.01294
CTG	TTG	CT	-1.93096	0.20517	0.06719	1.93096	0.02975	0.06719	0.06719	0.06719
CTG	CTT	GT	-1.80847	0.03755	0.01331	1.80847	0.00615	0.01331	0.01331	0.01331
CTG	CTC	GC	-1.32345	0.12454	0.05980	1.32345	0.03315	0.05980	0.05980	0.05980
CTG	CTA	GA	-3.06544	0.57933	0.08687	3.06544	0.02702	0.08687	0.08687	0.08687
CCT	TCT	CT	0.08083	0.01814	0.01888	-0.08083	0.01967	0.01888	0.01888	0.01888
CCT	CTT	CT	0.83180	0.01814	0.02672	-0.83180	0.04167	0.02672	0.02672	0.02672
CCC	TCC	CT	0.42235	0.05985	0.07338	-0.42235	0.09131	0.07338	0.07338	0.07338
CCC	CTC	CT	1.32210	0.05985	0.10789	-1.32210	0.22452	0.10789	0.10789	0.10789
CCC	CCT	CT	0.00528	0.05985	0.06001	-0.00528	0.06017	0.06001	0.06001	0.06001
CCA	TCA	CT	0.90725	0.01701	0.02588	-0.90725	0.04214	0.02588	0.02588	0.02588
CCA	CTA	CT	0.67714	0.01701	0.02341	-0.67714	0.03348	0.02341	0.02341	0.02341
CCA	CCT	AT	1.10231	0.00311	0.00514	-1.10231	0.00937	0.00514	0.00514	0.00514
CCA	CCC	AC	1.09702	0.01032	0.01700	-1.09702	0.03093	0.01700	0.01700	0.01700
CCG	TCG	CT	1.00819	0.02315	0.03675	-1.00819	0.06345	0.03675	0.03675	0.03675
CCG	CTG	CT	3.38095	0.02315	0.08102	-3.38095	0.68058	0.08102	0.08102	0.08102
CCG	CCT	GT	0.74068	0.00424	0.00600	-0.74068	0.00889	0.00600	0.00600	0.00600
CCG	CCC	GC	0.73540	0.01405	0.01985	-0.73540	0.02932	0.01985	0.01985	0.01985
CCG	CCA	GA	-0.36162	0.06537	0.05426	0.36162	0.04553	0.05426	0.05426	0.05426
CAT	TAT	CT	1.28101	0.00579	0.01026	-1.28101	0.02084	0.01026	0.01026	0.01026
CAT	CTT	AT	1.81309	0.00106	0.00229	-1.81309	0.00649	0.00229	0.00229	0.00229
CAT	CCT	AC	0.98130	0.00351	0.00551	-0.98130	0.00937	0.00551	0.00551	0.00551
CAC	TAC	CT	1.00873	0.04764	0.07564	-1.00873	0.13064	0.07564	0.07564	0.07564
CAC	CTC	AT	1.38921	0.00872	0.01613	-1.38921	0.03497	0.01613	0.01613	0.01613
CAC	CCC	AC	0.06711	0.02892	0.02990	-0.06711	0.03093	0.02990	0.02990	0.02990
CAC	CAT	CT	-0.90891	0.04764	0.02923	0.90891	0.01920	0.02923	0.02923	0.02923
CAA	CTA	AT	1.82648	0.00084	0.00183	-1.82648	0.00522	0.00183	0.00183	0.00183
CAA	CCA	AC	1.14935	0.00278	0.00469	-1.14935	0.00879	0.00469	0.00469	0.00469
CAA	CAT	AT	1.27036	0.00084	0.00148	-1.27036	0.00299	0.00148	0.00148	0.00148
CAA	CAC	AC	2.17926	0.00278	0.00684	-2.17926	0.02462	0.00684	0.00684	0.00684
CAG	CTG	AT	1.79399	0.01763	0.03794	-1.79399	0.10601	0.03794	0.03794	0.03794
CAG	CCG	AC	-1.58696	0.05848	0.02386	1.58696	0.01196	0.02386	0.02386	0.02386
CAG	CAT	GT	-1.82757	0.01763	0.00617	1.82757	0.00283	0.00617	0.00617	0.00617
CAG	CAC	GC	-0.91867	0.05848	0.03567	0.91867	0.02334	0.03567	0.03567	0.03567
CAG	CAA	GA	-3.09793	0.27203	0.03984	3.09793	0.01228	0.03984	0.03984	0.03984
CGT	TGT	CT	0.95614	0.01080	0.01677	-0.95614	0.02809	0.01677	0.01677	0.01677
CGT	CTT	GT	1.13596	0.00198	0.00331	-1.13596	0.00615	0.00331	0.00331	0.00331
CGT	CCT	GC	0.30417	0.00655	0.00760	-0.30417	0.00889	0.00760	0.00760	0.00760
CGT	CAT	GA	-0.67713	0.03049	0.02132	0.67713	0.01549	0.02132	0.02132	0.02132
CGC	TGC	CT	1.60562	0.04390	0.08819	-1.60562	0.21866	0.08819	0.08819	0.08819
CGC	CTC	GT	1.41757	0.00803	0.01503	-1.41757	0.03315	0.01503	0.01503	0.01503
CGC	CCC	GC	0.09547	0.02665	0.02794	-0.09547	0.02932	0.02794	0.02794	0.02794
CGC	CAC	GA	0.02836	0.12396	0.12572	-0.02836	0.12752	0.12572	0.12572	0.12572
CGC	CGT	CT	-0.20341	0.04390	0.03959	0.20341	0.03582	0.03959	0.03959	0.03959
CGA	CTA	GT	1.99622	0.00067	0.00155	-1.99622	0.00494	0.00155	0.00155	0.00155
CGA	CCA	GC	1.31908	0.00223	0.00401	-1.31908	0.00833	0.00401	0.00401	0.00401
CGA	CAA	GA	0.16974	0.01036	0.01127	-0.16974	0.01228	0.01127	0.01127	0.01127
CGA	CGT	AT	2.11722	0.00067	0.00162	-2.11722	0.00558	0.00162	0.00162	0.00162
CGA	CGC	AC	2.32064	0.00223	0.00573	-2.32064	0.02268	0.00573	0.00573	0.00573
CGG	TGG	CT	1.50623	0.03592	0.06953	-1.50623	0.16201	0.06953	0.06953	0.06953
CGG	CTG	GT	2.72705	0.00657	0.01918	-2.72705	0.10050	0.01918	0.01918	0.01918
CGG	CCG	GC	-0.65390	0.02181	0.01545	0.65390	0.01134	0.01545	0.01545	0.01545
CGG	CAG	GA	0.93305	0.10144	0.15602	-0.93305	0.25788	0.15602	0.15602	0.15602
CGG	CGT	GT	-0.21739	0.00657	0.00589	0.21739	0.00529	0.00589	0.00589	0.00589
CGG	CGC	GC	-0.01398	0.02181	0.02165	0.01398	0.02150	0.02165	0.02165	0.02165
CGG	CGA	GA	-2.33461	0.10144	0.02539	2.33461	0.00982	0.02539	0.02539	0.02539
ATT	TTT	AT	1.92511	0.00088	0.00198	-1.92511	0.00602	0.00198	0.00198	0.00198
ATT	CTT	AC	0.80121	0.00291	0.00423	-0.80121	0.00649	0.00423	0.00423	0.00423
ATC	TTC	AT	2.17160	0.00518	0.01269	-2.17160	0.04543	0.01269	0.01269	0.01269
ATC	CTC	AC	0.71087	0.01718	0.02400	-0.71087	0.03497	0.02400	0.02400	0.02400
ATC	ATT	CT	-0.57537	0.02830	0.02094	0.57537	0.01592	0.02094	0.02094	0.02094
ATA	TTA	AT	0.14073	0.00035	0.00037	-0.14073	0.00040	0.00037	0.00037	0.00037
ATA	CTA	AC	1.50595	0.00116	0.00224	-1.50595	0.00522	0.00224	0.00224	0.00224
ATA	ATT	AT	1.96170	0.00035	0.00080	-1.96170	0.00248	0.00080	0.00080	0.00080
ATA	ATC	AC	2.53706	0.00116	0.00319	-2.53706	0.01462	0.00319	0.00319	0.00319
ATG	TTG	AT	-0.50906	0.00771	0.00591	0.50906	0.00463	0.00591	0.00591	0.00591
ATG	CTG	AC	1.42190	0.02558	0.04793	-1.42190	0.10601	0.04793	0.04793	0.04793
ATG	ATT	GT	-1.18779	0.00771	0.00402	1.18779	0.00235	0.00402	0.00402	0.00402
ATG	ATC	GC	-0.61242	0.02558	0.01854	0.61242	0.01386	0.01854	0.01854	0.01854
ATG	ATA	GA	-3.14949	0.11898	0.01679	3.14949	0.00510	0.01679	0.01679	0.01679
ACT	TCT	AT	1.42579	0.00074	0.00138	-1.42579	0.00306	0.00138	0.00138	0.00138
ACT	CCT	AC	1.34496	0.00244	0.00444	-1.34496	0.00937	0.00444	0.00444	0.00444
ACT	ATT	CT	1.37554	0.00402	0.00741	-1.37554	0.01592	0.00741	0.00741	0.00741
ACC	TCC	AT	0.77369	0.00656	0.00942	-0.77369	0.01422	0.00942	0.00942	0.00942
ACC	CCC	AC	0.35134	0.02176	0.02581	-0.35134	0.03093	0.02581	0.02581	0.02581
ACC	ATC	CT	0.96257	0.03585	0.05584	-0.96257	0.09388	0.05584	0.05584	0.05584
ACC	ACT	CT	-0.98834	0.03585	0.02101	0.98834	0.01334	0.02101	0.02101	0.02101
ACA	TCA	AT	0.57499	0.00369	0.00486	-0.57499	0.00656	0.00486	0.00486	0.00486
ACA	CCA	AC	-0.33226	0.01225	0.01033	0.33226	0.00879	0.01033	0.01033	0.01033
ACA	ATA	CT	-1.16107	0.02019	0.01069	1.16107	0.00632	0.01069	0.01069	0.01069
ACA	ACT	AT	-0.57491	0.00369	0.00273	0.57491	0.00208	0.00273	0.00273	0.00273
ACA	ACC	AC	0.41343	0.01225	0.01496	-0.41343	0.01853	0.01496	0.01496	0.01496
ACG	TCG	AT	0.75682	0.00464	0.00661	-0.75682	0.00988	0.00661	0.00661	0.00661
ACG	CCG	AC	-0.25137	0.01538	0.01353	0.25137	0.01196	0.01353	0.01353	0.01353
ACG	ATG	CT	1.70768	0.02534	0.05285	-1.70768	0.13977	0.05285	0.05285	0.05285
ACG	ACT	GT	-0.85565	0.00464	0.00293	0.85565	0.00197	0.00293	0.00293	0.00293
ACG	ACC	GC	0.13269	0.01538	0.01642	-0.13269	0.01756	0.01642	0.01642	0.01642
ACG	ACA	GA	-0.28074	0.07154	0.06197	0.28074	0.05403	0.06197	0.06197	0.06197
AAT	TAT	AT	0.84453	0.00139	0.00207	-0.84453	0.00325	0.00207	0.00207	0.00207
AAT	CAT	AC	-0.43647	0.00463	0.00369	0.43647	0.00299	0.00369	0.00369	0.00369
AAT	ATT	AT	0.57540	0.00139	0.00183	-0.57540	0.00248	0.00183	0.00183	0.00183
AAT	ACT	AC	-0.80014	0.00463	0.00302	0.80014	0.00208	0.00302	0.00302	0.00302
AAC	TAC	AT	0.82136	0.00895	0.01312	-0.82136	0.02035	0.01312	0.01312	0.01312
AAC	CAC	AC	-0.18738	0.02969	0.02699	0.18738	0.02462	0.02699	0.02699	0.02699
AAC	ATC	AT	0.49096	0.00895	0.01133	-0.49096	0.01462	0.01133	0.01133	0.01133
AAC	ACC	AC	-0.47161	0.02969	0.02324	0.47161	0.01853	0.02324	0.02324	0.02324
AAC	AAT	CT	-0.65981	0.04891	0.03454	0.65981	0.02528	0.03454	0.03454	0.03454
AAA	CAA	AC	-0.19137	0.00287	0.00260	0.19137	0.00237	0.00260	0.00260	0.00260
AAA	ATA	AT	0.12917	0.00087	0.00092	-0.12917	0.00098	0.00092	0.00092	0.00092
AAA	ACA	AC	1.29024	0.00287	0.00511	-1.29024	0.01043	0.00511	0.00511	0.00511
AAA	AAT	AT	1.51547	0.00087	0.00168	-1.51547	0.00394	0.00168	0.00168	0.00168
AAA	AAC	AC	2.17528	0.00287	0.00704	-2.17528	0.02527	0.00704	0.00704	0.00704
AAG	CAG	AC	0.83131	0.02168	0.03192	-0.83131	0.04978	0.03192	0.03192	0.03192
AAG	ATG	AT	1.20341	0.00654	0.01124	-1.20341	0.02177	0.01124	0.01124	0.01124
AAG	ACG	AC	-0.50428	0.02168	0.01667	0.50428	0.01309	0.01667	0.01667	0.01667
AAG	AAT	GT	-0.55979	0.00654	0.00488	0.55979	0.00373	0.00488	0.00488	0.00488
AAG	AAC	GC	0.10002	0.02168	0.02278	-0.10002	0.02396	0.02278	0.02278	0.02278
AAG	AAA	GA	-2.07525	0.10084	0.03004	2.07525	0.01266	0.03004	0.03004	0.03004
AGT	TGT	AT	1.06334	0.00151	0.00245	-1.06334	0.00438	0.00245	0.00245	0.00245
AGT	CGT	AC	0.10720	0.00501	0.00529	-0.10720	0.00558	0.00529	0.00529	0.00529
AGT	ATT	GT	0.44195	0.00151	0.00187	-0.44195	0.00235	0.00187	0.00187	0.00187
AGT	ACT	GC	-0.93359	0.00501	0.00303	0.93359	0.00197	0.00303	0.00303	0.00303
AGT	AAT	GA	-0.13345	0.02332	0.02180	0.13345	0.02040	0.02180	0.02180	0.02180
AGC	TGC	AT	0.87991	0.01413	0.02125	-0.87991	0.03406	0.02125	0.02125	0.02125
AGC	CGC	AC	-0.72572	0.04687	0.03190	0.72572	0.02268	0.03190	0.03190	0.03190
AGC	ATC	GT	-0.01902	0.01413	0.01400	0.01902	0.01386	0.01400	0.01400	0.01400
AGC	ACC	GC	-0.98158	0.04687	0.02757	0.98158	0.01756	0.02757	0.02757	0.02757
AGC	AAC	GA	-0.50997	0.21802	0.16713	0.50997	0.13092	0.16713	0.16713	0.16713
AGC	AGT	CT	-1.03633	0.07721	0.04399	1.03633	0.02739	0.04399	0.04399	0.04399
AGA	CGA	AC	1.30528	0.00051	0.00092	-1.30528	0.00190	0.00092	0.00092	0.00092
AGA	ATA	GT	1.79555	0.00015	0.00033	-1.79555	0.00093	0.00033	0.00033	0.00033
AGA	ACA	GC	2.95662	0.00051	0.00160	-2.95662	0.00989	0.00160	0.00160	0.00160
AGA	AAA	GA	1.66638	0.00239	0.00491	-1.66638	0.01266	0.00491	0.00491	0.00491
AGA	AGT	AT	3.31529	0.00015	0.00053	-3.31529	0.00427	0.00053	0.00053	0.00053
AGA	AGC	AC	4.35163	0.00051	0.00227	-4.35163	0.03990	0.00227	0.00227	0.00227
AGG	TGG	AT	1.82187	0.00408	0.00887	-1.82187	0.02524	0.00887	0.00887	0.00887
AGG	CGG	AC	0.31564	0.01354	0.01579	-0.31564	0.01856	0.01579	0.01579	0.01579
AGG	ATG	GT	1.62079	0.00408	0.00825	-1.62079	0.02064	0.00825	0.00825	0.00825
AGG	ACG	GC	-0.08689	0.01354	0.01296	0.08689	0.01241	0.01296	0.01296	0.01296
AGG	AAG	GA	0.41739	0.06298	0.07703	-0.41739	0.09560	0.07703	0.07703	0.07703
AGG	AGT	GT	-0.00895	0.00408	0.00406	0.00895	0.00404	0.00406	0.00406	0.00406
AGG	AGC	GC	1.02738	0.01354	0.02166	-1.02738	0.03782	0.02166	0.02166	0.02166
AGG	AGA	GA	-3.32424	0.06298	0.00782	3.32424	0.00227	0.00782	0.00782	0.00782
GTT	TTT	GT	2.30702	0.00057	0.00146	-2.30702	0.00571	0.00146	0.00146	0.00146
GTT	CTT	GC	1.18312	0.00189	0.00322	-1.18312	0.00615	0.00322	0.00322	0.00322
GTT	ATT	GA	0.38191	0.00877	0.01055	-0.38191	0.01285	0.01055	0.01055	0.01055
GTC	TTC	GT	2.01408	0.00575	0.01336	-2.01408	0.04307	0.01336	0.01336	0.01336
GTC	CTC	GC	0.55335	0.01906	0.02482	-0.55335	0.03315	0.02482	0.02482	0.02482
GTC	ATC	GA	-0.15752	0.08868	0.08188	0.15752	0.07576	0.08188	0.08188	0.08188
GTC	GTT	CT	-1.11480	0.03141	0.01709	1.11480	0.01030	0.01709	0.01709	0.01709
GTA	TTA	GT	-0.25443	0.00049	0.00043	0.25443	0.00038	0.00043	0.00043	0.00043
GTA	CTA	GC	1.11079	0.00163	0.00270	-1.11079	0.00494	0.00270	0.00270	0.00270
GTA	ATA	GA	-0.39516	0.00757	0.00618	0.39516	0.00510	0.00618	0.00618	0.00618
GTA	GTT	AT	1.18463	0.00049	0.00084	-1.18463	0.00160	0.00084	0.00084	0.00084
GTA	GTC	AC	2.29943	0.00163	0.00416	-2.29943	0.01623	0.00416	0.00416	0.00416
GTG	TTG	GT	-1.64985	0.02287	0.00897	1.64985	0.00439	0.00897	0.00897	0.00897
GTG	CTG	GC	0.28111	0.07587	0.08704	-0.28111	0.10050	0.08704	0.08704	0.08704
GTG	ATG	GA	-1.14079	0.35294	0.18910	1.14079	0.11279	0.18910	0.18910	0.18910
GTG	GTT	GT	-2.71049	0.02287	0.00442	2.71049	0.00152	0.00442	0.00442	0.00442
GTG	GTC	GC	-1.59569	0.07587	0.03079	1.59569	0.01538	0.03079	0.03079	0.03079
GTG	GTA	GA	-3.89512	0.35294	0.02854	3.89512	0.00718	0.02854	0.02854	0.02854
GCT	TCT	GT	-0.49807	0.00478	0.00369	0.49807	0.00290	0.00369	0.00369	0.00369
GCT	CCT	GC	-0.57890	0.01585	0.01170	0.57890	0.00889	0.01170	0.01170	0.01170
GCT	ACT	GA	-1.92386	0.07374	0.02426	1.92386	0.01077	0.02426	0.02426	0.02426
GCT	GTT	CT	-0.93023	0.02611	0.01582	0.93023	0.01030	0.01582	0.01582	0.01582
GCC	TCC	GT	-0.54589	0.02327	0.01750	0.54589	0.01348	0.01750	0.01750	0.01750
GCC	CCC	GC	-0.96824	0.07720	0.04577	0.96824	0.02932	0.04577	0.04577	0.04577
GCC	ACC	GA	-1.31958	0.35912	0.17283	1.31958	0.09597	0.17283	0.17283	0.17283
GCC	GTC	CT	-0.19949	0.12718	0.11492	0.19949	0.10418	0.11492	0.11492	0.11492
GCC	GCT	CT	-0.38406	0.12718	0.10432	0.38406	0.08662	0.10432	0.10432	0.10432
GCA	TCA	GT	0.67632	0.00316	0.00435	-0.67632	0.00622	0.00435	0.00435	0.00435
GCA	CCA	GC	-0.23093	0.01050	0.00933	0.23093	0.00833	0.00933	0.00933	0.00933
GCA	ACA	GA	0.10133	0.04883	0.05134	-0.10133	0.05403	0.05134	0.05134	0.05134
GCA	GTA	CT	-0.66458	0.01729	0.01218	0.66458	0.00890	0.01218	0.01218	0.01218
GCA	GCT	AT	1.45027	0.00316	0.00599	-1.45027	0.01349	0.00599	0.00599	0.00599
GCA	GCC	AC	1.83433	0.01050	0.02291	-1.83433	0.06572	0.02291	0.02291	0.02291
GCG	TCG	GT	0.80291	0.00420	0.00611	-0.80291	0.00937	0.00611	0.00611	0.00611
GCG	CCG	GC	-0.20528	0.01392	0.01254	0.20528	0.01134	0.01254	0.01254	0.01254
GCG	ACG	GA	0.04609	0.06477	0.06627	-0.04609	0.06782	0.06627	0.06627	0.06627
GCG	GTG	CT	2.89456	0.02294	0.07028	-2.89456	0.41462	0.07028	0.07028	0.07028
GCG	GCT	GT	1.11430	0.00420	0.00696	-1.11430	0.01279	0.00696	0.00696	0.00696
GCG	GCC	GC	1.49836	0.01392	0.02687	-1.49836	0.06230	0.02687	0.02687	0.02687
GCG	GCA	GA	-0.33597	0.06477	0.05450	0.33597	0.04629	0.05450	0.05450	0.05450
GAT	TAT	GT	0.53878	0.00180	0.00232	-0.53878	0.00308	0.00232	0.00232	0.00232
GAT	CAT	GC	-0.74222	0.00596	0.00402	0.74222	0.00283	0.00402	0.00402	0.00402
GAT	AAT	GA	-0.30575	0.02770	0.02368	0.30575	0.02040	0.02368	0.02368	0.02368
GAT	GTT	AT	-0.11226	0.00180	0.00170	0.11226	0.00160	0.00170	0.00170	0.00170
GAT	GCT	AC	0.81797	0.00596	0.00872	-0.81797	0.01349	0.00872	0.00872	0.00872
GAC	TAC	GT	0.55321	0.01109	0.01444	-0.55321	0.01929	0.01444	0.01444	0.01444
GAC	CAC	GC	-0.45553	0.03680	0.02905	0.45553	0.02334	0.02905	0.02905	0.02905
GAC	AAC	GA	-0.26815	0.17119	0.14926	0.26815	0.13092	0.14926	0.14926	0.14926
GAC	GTC	AT	0.38033	0.01109	0.01334	-0.38033	0.01623	0.01334	0.01334	0.01334
GAC	GCC	AC	0.57982	0.03680	0.04850	-0.57982	0.06572	0.04850	0.04850	0.04850
GAC	GAT	CT	-0.62221	0.06063	0.04371	0.62221	0.03254	0.04371	0.04371	0.04371
GAA	CAA	GC	-0.22974	0.00283	0.00252	0.22974	0.00225	0.00252	0.00252	0.00252
GAA	AAA	GA	-0.03837	0.01315	0.01290	0.03837	0.01266	0.01290	0.01290	0.01290
GAA	GTA	AT	0.48596	0.00085	0.00108	-0.48596	0.00139	0.00108	0.00108	0.00108
GAA	GCA	AC	1.15054	0.00283	0.00476	-1.15054	0.00893	0.00476	0.00476	0.00476
GAA	GAT	AT	1.78285	0.00085	0.00183	-1.78285	0.00507	0.00183	0.00183	0.00183
GAA	GAC	AC	2.40505	0.00283	0.00748	-2.40505	0.03133	0.00748	0.00748	0.00748
GAG	CAG	GC	0.00228	0.04708	0.04714	-0.00228	0.04719	0.04714	0.04714	0.04714
GAG	AAG	GA	-0.82903	0.21902	0.14064	0.82903	0.09560	0.14064	0.14064	0.14064
GAG	GTG	AT	1.51517	0.01419	0.02756	-1.51517	0.06459	0.02756	0.02756	0.02756
GAG	GCG	AC	-1.37939	0.04708	0.02185	1.37939	0.01185	0.02185	0.02185	0.02185
GAG	GAT	GT	-1.08306	0.01419	0.00787	1.08306	0.00481	0.00787	0.00787	0.00787
GAG	GAC	GC	-0.46086	0.04708	0.03706	0.46086	0.02970	0.03706	0.03706	0.03706
GAG	GAA	GA	-2.86591	0.21902	0.03789	2.86591	0.01247	0.03789	0.03789	0.03789
GGT	TGT	GT	0.98462	0.00155	0.00244	-0.98462	0.00415	0.00244	0.00244	0.00244
GGT	CGT	GC	0.02848	0.00514	0.00521	-0.02848	0.00529	0.00521	0.00521	0.00521
GGT	AGT	GA	-0.07873	0.02391	0.02299	0.07873	0.02210	0.02299	0.02299	0.02299
GGT	GTT	GT	-0.01868	0.00155	0.00154	0.01868	0.00152	0.00154	0.00154	0.00154
GGT	GCT	GC	0.91154	0.00514	0.00784	-0.91154	0.01279	0.00784	0.00784	0.00784
GGT	GAT	GA	0.09357	0.02391	0.02505	-0.09357	0.02626	0.02505	0.02505	0.02505
GGC	TGC	GT	0.58416	0.01800	0.02377	-0.58416	0.03229	0.02377	0.02377	0.02377
GGC	CGC	GC	-1.02146	0.05972	0.03432	1.02146	0.02150	0.03432	0.03432	0.03432
GGC	AGC	GA	-0.29574	0.27781	0.23875	0.29574	0.20668	0.23875	0.23875	0.23875
GGC	GTC	GT	-0.15724	0.01800	0.01663	0.15724	0.01538	0.01663	0.01663	0.01663
GGC	GCC	GC	0.04225	0.05972	0.06099	-0.04225	0.06230	0.06099	0.06099	0.06099
GGC	GAC	GA	-0.53757	0.27781	0.20980	0.53757	0.16229	0.20980	0.20980	0.20980
GGC	GGT	CT	-1.25335	0.09839	0.04928	1.25335	0.02809	0.04928	0.04928	0.04928
GGA	CGA	GC	-1.02540	0.00501	0.00287	1.02540	0.00180	0.00287	0.00287	0.00287
GGA	AGA	GA	-2.33068	0.02332	0.00585	2.33068	0.00227	0.00585	0.00585	0.00585
GGA	GTA	GT	-0.13997	0.00151	0.00141	0.13997	0.00131	0.00141	0.00141	0.00141
GGA	GCA	GC	0.52462	0.00501	0.00644	-0.52462	0.00847	0.00644	0.00644	0.00644
GGA	GAA	GA	-0.62593	0.02332	0.01678	0.62593	0.01247	0.01678	0.01678	0.01678
GGA	GGT	AT	1.06334	0.00151	0.00245	-1.06334	0.00438	0.00245	0.00245	0.00245
GGA	GGC	AC	2.31670	0.00501	0.01288	-2.31670	0.05084	0.01288	0.01288	0.01288
GGG	TGG	GT	1.08805	0.00806	0.01322	-1.08805	0.02392	0.01322	0.01322	0.01322
GGG	CGG	GC	-0.41817	0.02673	0.02153	0.41817	0.01760	0.02153	0.02153	0.02153
GGG	AGG	GA	-0.73382	0.12436	0.08426	0.73382	0.05970	0.08426	0.08426	0.08426
GGG	GTG	GT	2.02777	0.00806	0.01882	-2.02777	0.06123	0.01882	0.01882	0.01882
GGG	GCG	GC	-0.86679	0.02673	0.01680	0.86679	0.01124	0.01680	0.01680	0.01680
GGG	GAG	GA	0.51260	0.12436	0.15894	-0.51260	0.20763	0.15894	0.15894	0.15894
GGG	GGT	GT	-0.66404	0.00806	0.00568	0.66404	0.00415	0.00568	0.00568	0.00568
GGG	GGC	GC	0.58931	0.02673	0.03538	-0.58931	0.04819	0.03538	0.03538	0.03538
GGG	GGA	GA	-1.72738	0.12436	0.04644	1.72738	0.02210	0.04644	0.04644	0.04644


Histograms
2Ns	FMut	FSub(CodonUsage)	FSubw(after w)

-4.35041	0.00450	0.00031	0.00031
-3.91537	0.01894	0.00204	0.00204
-3.48033	0.03945	0.00625	0.00625
-3.04529	0.08513	0.01772	0.01772
-2.61025	0.01027	0.00279	0.00279
-2.17521	0.04581	0.01630	0.01630
-1.74017	0.07205	0.03517	0.03517
-1.30512	0.12823	0.08231	0.08231
-0.87008	0.11543	0.09570	0.09570
-0.43504	0.16004	0.16875	0.16875
0.00000	0.10978	0.14531	0.14531
0.43504	0.10318	0.16875	0.16875
0.87008	0.04821	0.09570	0.09570
1.30512	0.03473	0.08231	0.08231
1.74017	0.01256	0.03517	0.03517
2.17521	0.00493	0.01630	0.01630
2.61025	0.00075	0.00279	0.00279
3.04529	0.00424	0.01772	0.01772
3.48033	0.00135	0.00625	0.00625
3.91537	0.00039	0.00204	0.00204
4.35041	0.00005	0.00031	0.00031

Proportion of advantageous (S > 0) mutations:
 0.26265

Proportions of good & bad mutations (|S| > 2.0000) among mutations:
0.01165  0.20370

mean |Ns| = 1.27587	mean Ns+ = 0.72358	mean Ns- = -1.47260

