Supplemental results for CODEML (seqf: paml_alt_apes_selected_removal_dna_aligned_combined_TAS1R3  treef: paml_alt_apes_ML_tree_selected_removal_dna_aligned_combined_TAS1R3.txt)

I	J	ij	2Ns_IJ	pMut_IJ	pSub_IJ	2Ns_JI	pMut_JI	pSub_JI

TTC	TTT	CT	-0.54495	0.10090	0.07590	0.54495	0.05851	0.07590	0.07590	0.07590
TTA	TTT	AT	3.99926	0.00013	0.00053	-3.99926	0.00705	0.00053	0.00053	0.00053
TTA	TTC	AC	4.54422	0.00056	0.00257	-4.54422	0.05273	0.00257	0.00257	0.00257
TTG	TTT	GT	1.40797	0.00144	0.00269	-1.40797	0.00590	0.00269	0.00269	0.00269
TTG	TTC	GC	1.95293	0.00627	0.01426	-1.95293	0.04418	0.01426	0.01426	0.01426
TTG	TTA	GA	-2.59129	0.03794	0.00796	2.59129	0.00284	0.00796	0.00796	0.00796
TCT	TTT	CT	2.17371	0.00666	0.01633	-2.17371	0.05851	0.01633	0.01633	0.01633
TCC	TTC	CT	2.63592	0.03137	0.08906	-2.63592	0.43775	0.08906	0.08906	0.08906
TCC	TCT	CT	-0.08274	0.03137	0.03009	0.08274	0.02888	0.03009	0.03009	0.03009
TCA	TTA	CT	-1.28146	0.01431	0.00705	1.28146	0.00397	0.00705	0.00705	0.00705
TCA	TCT	AT	0.54409	0.00202	0.00262	-0.54409	0.00348	0.00262	0.00262	0.00262
TCA	TCC	AC	0.62683	0.00876	0.01179	-0.62683	0.01639	0.01179	0.01179	0.01179
TCG	TTG	CT	0.70060	0.02205	0.03067	-0.70060	0.04443	0.03067	0.03067	0.03067
TCG	TCT	GT	-0.06514	0.00311	0.00301	0.06514	0.00291	0.00301	0.00301	0.00301
TCG	TCC	GC	0.01760	0.01349	0.01361	-0.01760	0.01373	0.01361	0.01361	0.01361
TCG	TCA	GA	-0.60924	0.08168	0.05931	0.60924	0.04441	0.05931	0.05931	0.05931
TAT	TTT	AT	1.94347	0.00101	0.00229	-1.94347	0.00705	0.00229	0.00229	0.00229
TAT	TCT	AC	-0.23024	0.00438	0.00389	0.23024	0.00348	0.00389	0.00389	0.00389
TAC	TTC	AT	2.10947	0.00640	0.01536	-2.10947	0.05273	0.01536	0.01536	0.01536
TAC	TCC	AC	-0.52646	0.02775	0.02108	0.52646	0.01639	0.02108	0.02108	0.02108
TAC	TAT	CT	-0.37896	0.04534	0.03729	0.37896	0.03104	0.03729	0.03729	0.03729
TGT	TTT	GT	1.49343	0.00133	0.00255	-1.49343	0.00590	0.00255	0.00255	0.00255
TGT	TCT	GC	-0.68028	0.00575	0.00402	0.68028	0.00291	0.00402	0.00402	0.00402
TGT	TAT	GA	-0.45004	0.03483	0.02758	0.45004	0.02221	0.02758	0.02758	0.02758
TGC	TTC	GT	1.41651	0.01072	0.02004	-1.41651	0.04418	0.02004	0.02004	0.02004
TGC	TCC	GC	-1.21941	0.04649	0.02377	1.21941	0.01373	0.02377	0.02377	0.02377
TGC	TAC	GA	-0.69295	0.28140	0.19507	0.69295	0.14073	0.19507	0.19507	0.19507
TGC	TGT	CT	-0.62187	0.07596	0.05477	0.62187	0.04079	0.05477	0.05477	0.05477
TGG	TTG	GT	-0.56336	0.00788	0.00586	0.56336	0.00448	0.00586	0.00586	0.00586
TGG	TCG	GC	-1.26396	0.03416	0.01700	1.26396	0.00965	0.01700	0.01700	0.01700
TGG	TGT	GT	-0.64882	0.00788	0.00559	0.64882	0.00412	0.00559	0.00559	0.00559
TGG	TGC	GC	-0.02695	0.03416	0.03371	0.02695	0.03326	0.03371	0.03371	0.03371
CTT	TTT	CT	1.41994	0.01414	0.02649	-1.41994	0.05851	0.02649	0.02649	0.02649
CTC	TTC	CT	1.72229	0.07821	0.16399	-1.72229	0.43775	0.16399	0.16399	0.16399
CTC	CTT	CT	-0.24260	0.07821	0.06910	0.24260	0.06136	0.06910	0.06910	0.06910
CTA	TTA	CT	-1.06844	0.01156	0.00647	1.06844	0.00397	0.00647	0.00647	0.00647
CTA	CTT	AT	1.51089	0.00163	0.00316	-1.51089	0.00739	0.00316	0.00316	0.00316
CTA	CTC	AC	1.75349	0.00708	0.01501	-1.75349	0.04087	0.01501	0.01501	0.01501
CTG	TTG	CT	-1.67159	0.23637	0.09145	1.67159	0.04443	0.09145	0.09145	0.09145
CTG	CTT	GT	-1.68355	0.03334	0.01280	1.68355	0.00619	0.01280	0.01280	0.01280
CTG	CTC	GC	-1.44095	0.14465	0.06464	1.44095	0.03424	0.06464	0.06464	0.06464
CTG	CTA	GA	-3.19444	0.87564	0.11956	3.19444	0.03589	0.11956	0.11956	0.11956
CCT	TCT	CT	0.45134	0.01839	0.02285	-0.45134	0.02888	0.02285	0.02285	0.02285
CCT	CTT	CT	1.20511	0.01839	0.03164	-1.20511	0.06136	0.03164	0.03164	0.03164
CCC	TCC	CT	0.69408	0.06797	0.09427	-0.69408	0.13608	0.09427	0.09427	0.09427
CCC	CTC	CT	1.60772	0.06797	0.13666	-1.60772	0.33929	0.13666	0.13666	0.13666
CCC	CCT	CT	0.16000	0.06797	0.07356	-0.16000	0.07977	0.07356	0.07356	0.07356
CCA	TCA	CT	1.16823	0.01930	0.03272	-1.16823	0.06208	0.03272	0.03272	0.03272
CCA	CTA	CT	0.95521	0.01930	0.02997	-0.95521	0.05017	0.02997	0.02997	0.02997
CCA	CCT	AT	1.26099	0.00272	0.00479	-1.26099	0.00961	0.00479	0.00479	0.00479
CCA	CCC	AC	1.10099	0.01181	0.01948	-1.10099	0.03552	0.01948	0.01948	0.01948
CCG	TCG	CT	1.28831	0.02637	0.04691	-1.28831	0.09565	0.04691	0.04691	0.04691
CCG	CTG	CT	3.66049	0.02637	0.09909	-3.66049	1.02544	0.09909	0.09909	0.09909
CCG	CCT	GT	0.77182	0.00372	0.00534	-0.77182	0.00805	0.00534	0.00534	0.00534
CCG	CCC	GC	0.61182	0.01614	0.02158	-0.61182	0.02976	0.02158	0.02158	0.02158
CCG	CCA	GA	-0.48917	0.09770	0.07575	0.48917	0.05991	0.07575	0.07575	0.07575
CAT	TAT	CT	1.79469	0.00516	0.01110	-1.79469	0.03104	0.01110	0.01110	0.01110
CAT	CTT	AT	2.31823	0.00073	0.00187	-2.31823	0.00739	0.00187	0.00187	0.00187
CAT	CCT	AC	1.11311	0.00316	0.00523	-1.11311	0.00961	0.00523	0.00523	0.00523
CAC	TAC	CT	1.28975	0.05416	0.09640	-1.28975	0.19671	0.09640	0.09640	0.09640
CAC	CTC	AT	1.67693	0.00764	0.01576	-1.67693	0.04087	0.01576	0.01576	0.01576
CAC	CCC	AC	0.06921	0.03315	0.03431	-0.06921	0.03552	0.03431	0.03431	0.03431
CAC	CAT	CT	-0.88390	0.05416	0.03371	0.88390	0.02238	0.03371	0.03371	0.03371
CAA	CTA	AT	2.29279	0.00061	0.00156	-2.29279	0.00604	0.00156	0.00156	0.00156
CAA	CCA	AC	1.33758	0.00265	0.00480	-1.33758	0.01009	0.00480	0.00480	0.00480
CAA	CAT	AT	1.48545	0.00061	0.00117	-1.48545	0.00270	0.00117	0.00117	0.00117
CAA	CAC	AC	2.36935	0.00265	0.00692	-2.36935	0.02830	0.00692	0.00692	0.00692
CAG	CTG	AT	2.09058	0.01527	0.03642	-2.09058	0.12352	0.03642	0.03642	0.03642
CAG	CCG	AC	-1.56990	0.06624	0.02732	1.56990	0.01378	0.02732	0.02732	0.02732
CAG	CAT	GT	-1.91119	0.01527	0.00507	1.91119	0.00226	0.00507	0.00507	0.00507
CAG	CAC	GC	-1.02730	0.06624	0.03794	1.02730	0.02371	0.03794	0.03794	0.03794
CAG	CAA	GA	-3.39665	0.40099	0.04719	3.39665	0.01343	0.04719	0.04719	0.04719
CGT	TGT	CT	1.21126	0.01215	0.02095	-1.21126	0.04079	0.02095	0.02095	0.02095
CGT	CTT	GT	1.28475	0.00171	0.00304	-1.28475	0.00619	0.00304	0.00304	0.00304
CGT	CCT	GC	0.07964	0.00743	0.00773	-0.07964	0.00805	0.00773	0.00773	0.00773
CGT	CAT	GA	-1.03347	0.04500	0.02568	1.03347	0.01601	0.02568	0.02568	0.02568
CGC	TGC	CT	1.87240	0.05067	0.11211	-1.87240	0.32954	0.11211	0.11211	0.11211
CGC	CTC	GT	1.56662	0.00715	0.01415	-1.56662	0.03424	0.01415	0.01415	0.01415
CGC	CCC	GC	-0.04110	0.03101	0.03037	0.04110	0.02976	0.03037	0.03037	0.03037
CGC	CAC	GA	-0.11031	0.18770	0.17754	0.11031	0.16810	0.17754	0.17754	0.17754
CGC	CGT	CT	0.03927	0.05067	0.05167	-0.03927	0.05270	0.05167	0.05167	0.05167
CGA	CTA	GT	2.48351	0.00042	0.00114	-2.48351	0.00506	0.00114	0.00114	0.00114
CGA	CCA	GC	1.52830	0.00183	0.00358	-1.52830	0.00845	0.00358	0.00358	0.00358
CGA	CAA	GA	0.19072	0.01110	0.01219	-0.19072	0.01343	0.01219	0.01219	0.01219
CGA	CGT	AT	2.70965	0.00042	0.00123	-2.70965	0.00635	0.00123	0.00123	0.00123
CGA	CGC	AC	2.67038	0.00183	0.00526	-2.67038	0.02648	0.00526	0.00526	0.00526
CGG	TGG	CT	1.83636	0.03860	0.08433	-1.83636	0.24219	0.08433	0.08433	0.08433
CGG	CTG	GT	2.94459	0.00545	0.01693	-2.94459	0.10348	0.01693	0.01693	0.01693
CGG	CCG	GC	-0.71590	0.02362	0.01617	0.71590	0.01155	0.01617	0.01617	0.01617
CGG	CAG	GA	0.85400	0.14301	0.21267	-0.85400	0.33594	0.21267	0.21267	0.21267
CGG	CGT	GT	-0.02372	0.00545	0.00538	0.02372	0.00532	0.00538	0.00538	0.00538
CGG	CGC	GC	-0.06298	0.02362	0.02289	0.06298	0.02218	0.02289	0.02289	0.02289
CGG	CGA	GA	-2.73337	0.14301	0.02718	2.73337	0.00930	0.02718	0.02718	0.02718
ATT	TTT	AT	2.22343	0.00076	0.00190	-2.22343	0.00705	0.00190	0.00190	0.00190
ATT	CTT	AC	0.80349	0.00331	0.00482	-0.80349	0.00739	0.00482	0.00482	0.00482
ATC	TTC	AT	2.44154	0.00459	0.01227	-2.44154	0.05273	0.01227	0.01227	0.01227
ATC	CTC	AC	0.71926	0.01991	0.02792	-0.71926	0.04087	0.02792	0.02792	0.02792
ATC	ATT	CT	-0.32684	0.03253	0.02750	0.32684	0.02346	0.02750	0.02750	0.02750
ATA	TTA	AT	0.45002	0.00031	0.00038	-0.45002	0.00048	0.00038	0.00038	0.00038
ATA	CTA	AC	1.51846	0.00132	0.00257	-1.51846	0.00604	0.00257	0.00257	0.00257
ATA	ATT	AT	2.22585	0.00031	0.00076	-2.22585	0.00283	0.00076	0.00076	0.00076
ATA	ATC	AC	2.55269	0.00132	0.00366	-2.55269	0.01700	0.00366	0.00366	0.00366
ATG	TTG	AT	-0.22498	0.00670	0.00598	0.22498	0.00535	0.00598	0.00598	0.00598
ATG	CTG	AC	1.44661	0.02907	0.05500	-1.44661	0.12352	0.05500	0.05500	0.05500
ATG	ATT	GT	-1.04044	0.00670	0.00381	1.04044	0.00237	0.00381	0.00381	0.00381
ATG	ATC	GC	-0.71360	0.02907	0.01992	0.71360	0.01424	0.01992	0.01992	0.01992
ATG	ATA	GA	-3.26629	0.17599	0.02280	3.26629	0.00671	0.02280	0.02280	0.02280
ACT	TCT	AT	1.82039	0.00056	0.00122	-1.82039	0.00348	0.00122	0.00122	0.00122
ACT	CCT	AC	1.36905	0.00244	0.00449	-1.36905	0.00961	0.00449	0.00449	0.00449
ACT	ATT	CT	1.77066	0.00399	0.00852	-1.77066	0.02346	0.00852	0.00852	0.00852
ACC	TCC	AT	1.04740	0.00575	0.00928	-1.04740	0.01639	0.00928	0.00928	0.00928
ACC	CCC	AC	0.35332	0.02495	0.02961	-0.35332	0.03552	0.02961	0.02961	0.02961
ACC	ATC	CT	1.24178	0.04077	0.07119	-1.24178	0.14113	0.07119	0.07119	0.07119
ACC	ACT	CT	-0.85573	0.04077	0.02578	0.85573	0.01733	0.02578	0.02578	0.02578
ACA	TCA	AT	0.95989	0.00286	0.00445	-0.95989	0.00748	0.00445	0.00445	0.00445
ACA	CCA	AC	-0.20835	0.01242	0.01117	0.20835	0.01009	0.01117	0.01117	0.01117
ACA	ATA	CT	-0.77159	0.02030	0.01347	0.77159	0.00938	0.01347	0.01347	0.01347
ACA	ACT	AT	-0.31641	0.00286	0.00243	0.31641	0.00209	0.00243	0.00243	0.00243
ACA	ACC	AC	0.53932	0.01242	0.01607	-0.53932	0.02130	0.01607	0.01607	0.01607
ACG	TCG	AT	1.03422	0.00410	0.00657	-1.03422	0.01152	0.00657	0.00657	0.00657
ACG	CCG	AC	-0.25409	0.01777	0.01561	0.25409	0.01378	0.01561	0.01561	0.01561
ACG	ATG	CT	1.95980	0.02904	0.06624	-1.95980	0.20610	0.06624	0.06624	0.06624
ACG	ACT	GT	-0.85131	0.00410	0.00260	0.85131	0.00175	0.00260	0.00260	0.00260
ACG	ACC	GC	0.00442	0.01777	0.01781	-0.00442	0.01785	0.01781	0.01781	0.01781
ACG	ACA	GA	-0.53490	0.10757	0.08135	0.53490	0.06301	0.08135	0.08135	0.08135
AAT	TAT	AT	1.45984	0.00087	0.00165	-1.45984	0.00374	0.00165	0.00165	0.00165
AAT	CAT	AC	-0.33485	0.00377	0.00317	0.33485	0.00270	0.00317	0.00317	0.00317
AAT	ATT	AT	1.17988	0.00087	0.00148	-1.17988	0.00283	0.00148	0.00148	0.00148
AAT	ACT	AC	-0.59078	0.00377	0.00276	0.59078	0.00209	0.00276	0.00276	0.00276
AAC	TAC	AT	1.12724	0.00768	0.01280	-1.12724	0.02370	0.01280	0.01280	0.01280
AAC	CAC	AC	-0.16251	0.03330	0.03067	0.16251	0.02830	0.03067	0.03067	0.03067
AAC	ATC	AT	0.79516	0.00768	0.01113	-0.79516	0.01700	0.01113	0.01113	0.01113
AAC	ACC	AC	-0.44662	0.03330	0.02641	0.44662	0.02130	0.02641	0.02641	0.02641
AAC	AAT	CT	-0.71156	0.05441	0.03733	0.71156	0.02671	0.03733	0.03733	0.03733
AAA	CAA	AC	0.20981	0.00183	0.00203	-0.20981	0.00226	0.00203	0.00203	0.00203
AAA	ATA	AT	0.98414	0.00042	0.00066	-0.98414	0.00113	0.00066	0.00066	0.00066
AAA	ACA	AC	1.75573	0.00183	0.00389	-1.75573	0.01061	0.00389	0.00389	0.00389
AAA	AAT	AT	2.03011	0.00042	0.00099	-2.03011	0.00322	0.00099	0.00099	0.00099
AAA	AAC	AC	2.74167	0.00183	0.00537	-2.74167	0.02843	0.00537	0.00537	0.00537
AAG	CAG	AC	0.83710	0.02449	0.03615	-0.83710	0.05656	0.03615	0.03615	0.03615
AAG	ATG	AT	1.48108	0.00565	0.01082	-1.48108	0.02483	0.01082	0.01082	0.01082
AAG	ACG	AC	-0.47871	0.02449	0.01909	0.47871	0.01517	0.01909	0.01909	0.01909
AAG	AAT	GT	-0.73924	0.00565	0.00381	0.73924	0.00270	0.00381	0.00381	0.00381
AAG	AAC	GC	-0.02768	0.02449	0.02415	0.02768	0.02382	0.02415	0.02415	0.02415
AAG	AAA	GA	-2.76935	0.14825	0.02747	2.76935	0.00930	0.02747	0.02747	0.02747
AGT	TGT	AT	1.35482	0.00127	0.00231	-1.35482	0.00491	0.00231	0.00231	0.00231
AGT	CGT	AC	0.14356	0.00550	0.00590	-0.14356	0.00635	0.00590	0.00590	0.00590
AGT	ATT	GT	0.62482	0.00127	0.00170	-0.62482	0.00237	0.00170	0.00170	0.00170
AGT	ACT	GC	-1.14585	0.00550	0.00294	1.14585	0.00175	0.00294	0.00294	0.00294
AGT	AAT	GA	-0.55507	0.03329	0.02490	0.55507	0.01911	0.02490	0.02490	0.02490
AGC	TGC	AT	1.16216	0.01242	0.02100	-1.16216	0.03969	0.02100	0.02100	0.02100
AGC	CGC	AC	-0.71023	0.05387	0.03698	0.71023	0.02648	0.03698	0.03698	0.03698
AGC	ATC	GT	0.13713	0.01242	0.01329	-0.13713	0.01424	0.01329	0.01329	0.01329
AGC	ACC	GC	-1.10465	0.05387	0.02948	1.10465	0.01785	0.02948	0.02948	0.02948
AGC	AAC	GA	-0.65803	0.32609	0.23049	0.65803	0.16887	0.23049	0.23049	0.23049
AGC	AGT	CT	-0.81453	0.08803	0.05699	0.81453	0.03898	0.05699	0.05699	0.05699
AGA	CGA	AC	1.02771	0.00056	0.00090	-1.02771	0.00157	0.00090	0.00090	0.00090
AGA	ATA	GT	1.99276	0.00013	0.00030	-1.99276	0.00095	0.00030	0.00030	0.00030
AGA	ACA	GC	2.76436	0.00056	0.00165	-2.76436	0.00889	0.00165	0.00165	0.00165
AGA	AAA	GA	1.00862	0.00339	0.00538	-1.00862	0.00930	0.00538	0.00538	0.00538
AGA	AGT	AT	3.59380	0.00013	0.00048	-3.59380	0.00470	0.00048	0.00048	0.00048
AGA	AGC	AC	4.40832	0.00056	0.00250	-4.40832	0.04600	0.00250	0.00250	0.00250
AGG	TGG	AT	2.13475	0.00345	0.00835	-2.13475	0.02917	0.00835	0.00835	0.00835
AGG	CGG	AC	0.29839	0.01497	0.01731	-0.29839	0.02017	0.01731	0.01731	0.01731
AGG	ATG	GT	1.79637	0.00345	0.00743	-1.79637	0.02080	0.00743	0.00743	0.00743
AGG	ACG	GC	-0.16343	0.01497	0.01378	0.16343	0.01271	0.01378	0.01378	0.01378
AGG	AAG	GA	0.31529	0.09062	0.10565	-0.31529	0.12420	0.10565	0.10565	0.10565
AGG	AGT	GT	0.13111	0.00345	0.00368	-0.13111	0.00393	0.00368	0.00368	0.00368
AGG	AGC	GC	0.94564	0.01497	0.02315	-0.94564	0.03854	0.02315	0.02315	0.02315
AGG	AGA	GA	-3.46269	0.09062	0.01015	3.46269	0.00284	0.01015	0.01015	0.01015
GTT	TTT	GT	2.45962	0.00050	0.00136	-2.45962	0.00590	0.00136	0.00136	0.00136
GTT	CTT	GC	1.03968	0.00219	0.00352	-1.03968	0.00619	0.00352	0.00352	0.00352
GTT	ATT	GA	0.23619	0.01325	0.01488	-0.23619	0.01678	0.01488	0.01488	0.01488
GTC	TTC	GT	2.16251	0.00508	0.01242	-2.16251	0.04418	0.01242	0.01242	0.01242
GTC	CTC	GC	0.44022	0.02205	0.02725	-0.44022	0.03424	0.02725	0.02725	0.02725
GTC	ATC	GA	-0.27903	0.13346	0.11570	0.27903	0.10096	0.11570	0.11570	0.11570
GTC	GTT	CT	-0.84206	0.03603	0.02296	0.84206	0.01552	0.02296	0.02296	0.02296
GTA	TTA	GT	-0.02423	0.00041	0.00041	0.02423	0.00040	0.00041	0.00041	0.00041
GTA	CTA	GC	1.04421	0.00178	0.00287	-1.04421	0.00506	0.00287	0.00287	0.00287
GTA	ATA	GA	-0.47425	0.01079	0.00843	0.47425	0.00671	0.00843	0.00843	0.00843
GTA	GTT	AT	1.51541	0.00041	0.00080	-1.51541	0.00187	0.00080	0.00080	0.00080
GTA	GTC	AC	2.35747	0.00178	0.00464	-2.35747	0.01883	0.00464	0.00464	0.00464
GTG	TTG	GT	-1.49826	0.02006	0.00865	1.49826	0.00448	0.00865	0.00865	0.00865
GTG	CTG	GC	0.17333	0.08701	0.09477	-0.17333	0.10348	0.09477	0.09477	0.09477
GTG	ATG	GA	-1.27328	0.52674	0.26071	1.27328	0.14744	0.26071	0.26071	0.26071
GTG	GTT	GT	-2.54990	0.02006	0.00433	2.54990	0.00157	0.00433	0.00433	0.00433
GTG	GTC	GC	-1.70784	0.08701	0.03290	1.70784	0.01577	0.03290	0.03290	0.03290
GTG	GTA	GA	-4.06532	0.52674	0.03738	4.06532	0.00904	0.03738	0.03738	0.03738
GCT	TCT	GT	-0.32606	0.00404	0.00341	0.32606	0.00291	0.00341	0.00341	0.00341
GCT	CCT	GC	-0.77740	0.01751	0.01158	0.77740	0.00805	0.01158	0.01158	0.01158
GCT	ACT	GA	-2.14644	0.10603	0.03013	2.14644	0.01239	0.03013	0.03013	0.03013
GCT	GTT	CT	-0.61196	0.02862	0.02075	0.61196	0.01552	0.02075	0.02075	0.02075
GCC	TCC	GT	-0.38353	0.02015	0.01653	0.38353	0.01373	0.01653	0.01653	0.01653
GCC	CCC	GC	-1.07761	0.08742	0.04862	1.07761	0.02976	0.04862	0.04862	0.04862
GCC	ACC	GA	-1.43093	0.52921	0.23794	1.43093	0.12653	0.23794	0.23794	0.23794
GCC	GTC	CT	0.08988	0.14285	0.14937	-0.08988	0.15629	0.14937	0.14937	0.14937
GCC	GCT	CT	-0.14021	0.14285	0.13307	0.14021	0.12416	0.13307	0.13307	0.13307
GCA	TCA	GT	0.81199	0.00278	0.00406	-0.81199	0.00627	0.00406	0.00406	0.00406
GCA	CCA	GC	-0.35624	0.01207	0.01004	0.35624	0.00845	0.01004	0.01004	0.01004
GCA	ACA	GA	-0.14789	0.07305	0.06778	0.14789	0.06301	0.06778	0.06778	0.06778
GCA	GTA	CT	-0.44523	0.01972	0.01565	0.44523	0.01263	0.01565	0.01565	0.01565
GCA	GCT	AT	1.68214	0.00278	0.00575	-1.68214	0.01496	0.00575	0.00575	0.00575
GCA	GCC	AC	1.82236	0.01207	0.02623	-1.82236	0.07465	0.02623	0.02623	0.02623
GCG	TCG	GT	0.95339	0.00372	0.00577	-0.95339	0.00965	0.00577	0.00577	0.00577
GCG	CCG	GC	-0.33492	0.01614	0.01359	0.33492	0.01155	0.01359	0.01359	0.01359
GCG	ACG	GA	-0.08083	0.09770	0.09381	0.08083	0.09012	0.09381	0.09381	0.09381
GCG	GTG	CT	3.15224	0.02637	0.08685	-3.15224	0.61685	0.08685	0.08685	0.08685
GCG	GCT	GT	1.21430	0.00372	0.00643	-1.21430	0.01253	0.00643	0.00643	0.00643
GCG	GCC	GC	1.35451	0.01614	0.02947	-1.35451	0.06254	0.02947	0.02947	0.02947
GCG	GCA	GA	-0.46784	0.09770	0.07663	0.46784	0.06120	0.07663	0.07663	0.07663
GAT	TAT	GT	0.95218	0.00121	0.00187	-0.95218	0.00313	0.00187	0.00187	0.00187
GAT	CAT	GC	-0.84251	0.00524	0.00334	0.84251	0.00226	0.00334	0.00334	0.00334
GAT	AAT	GA	-0.50767	0.03175	0.02437	0.50767	0.01911	0.02437	0.02437	0.02437
GAT	GTT	AT	0.43603	0.00121	0.00149	-0.43603	0.00187	0.00149	0.00149	0.00149
GAT	GCT	AC	1.04800	0.00524	0.00846	-1.04800	0.01496	0.00846	0.00846	0.00846
GAC	TAC	GT	0.77021	0.00919	0.01318	-0.77021	0.01985	0.01318	0.01318	0.01318
GAC	CAC	GC	-0.51954	0.03987	0.03040	0.51954	0.02371	0.03040	0.03040	0.03040
GAC	AAC	GA	-0.35703	0.24133	0.20081	0.35703	0.16887	0.20081	0.20081	0.20081
GAC	GTC	AT	0.71717	0.00919	0.01288	-0.71717	0.01883	0.01288	0.01288	0.01288
GAC	GCC	AC	0.62728	0.03987	0.05367	-0.62728	0.07465	0.05367	0.05367	0.05367
GAC	GAT	CT	-0.56093	0.06515	0.04857	0.56093	0.03718	0.04857	0.04857	0.04857
GAA	CAA	GC	-0.25488	0.00244	0.00215	0.25488	0.00189	0.00215	0.00215	0.00215
GAA	AAA	GA	-0.46468	0.01479	0.01162	0.46468	0.00930	0.01162	0.01162	0.01162
GAA	GTA	AT	0.99371	0.00056	0.00089	-0.99371	0.00152	0.00089	0.00089	0.00089
GAA	GCA	AC	1.43894	0.00244	0.00461	-1.43894	0.01030	0.00461	0.00461	0.00461
GAA	GAT	AT	2.07309	0.00056	0.00134	-2.07309	0.00448	0.00134	0.00134	0.00134
GAA	GAC	AC	2.63402	0.00244	0.00694	-2.63402	0.03404	0.00694	0.00694	0.00694
GAG	CAG	GC	-0.10522	0.05265	0.04993	0.10522	0.04739	0.04993	0.04993	0.04993
GAG	AAG	GA	-0.94232	0.31870	0.19178	0.94232	0.12420	0.19178	0.19178	0.19178
GAG	GTG	AT	1.81203	0.01214	0.02628	-1.81203	0.07430	0.02628	0.02628	0.02628
GAG	GCG	AC	-1.34020	0.05265	0.02502	1.34020	0.01378	0.02502	0.02502	0.02502
GAG	GAT	GT	-1.17390	0.01214	0.00638	1.17390	0.00375	0.00638	0.00638	0.00638
GAG	GAC	GC	-0.61298	0.05265	0.03815	0.61298	0.02852	0.03815	0.03815	0.03815
GAG	GAA	GA	-3.24699	0.31870	0.04187	3.24699	0.01239	0.04187	0.04187	0.04187
GGT	TGT	GT	1.16860	0.00128	0.00217	-1.16860	0.00412	0.00217	0.00217	0.00217
GGT	CGT	GC	-0.04266	0.00555	0.00543	0.04266	0.00532	0.00543	0.00543	0.00543
GGT	AGT	GA	-0.18622	0.03360	0.03056	0.18622	0.02789	0.03056	0.03056	0.03056
GGT	GTT	GT	0.20241	0.00128	0.00141	-0.20241	0.00157	0.00141	0.00141	0.00141
GGT	GCT	GC	0.81438	0.00555	0.00811	-0.81438	0.01253	0.00811	0.00811	0.00811
GGT	GAT	GA	-0.23362	0.03360	0.02982	0.23362	0.02660	0.02982	0.02982	0.02982
GGC	TGC	GT	0.77228	0.01536	0.02205	-0.77228	0.03326	0.02205	0.02205	0.02205
GGC	CGC	GC	-1.10012	0.06665	0.03658	1.10012	0.02218	0.03658	0.03658	0.03658
GGC	AGC	GA	-0.38988	0.40346	0.32990	0.38988	0.27319	0.32990	0.32990	0.32990
GGC	GTC	GT	0.02628	0.01536	0.01557	-0.02628	0.01577	0.01557	0.01557	0.01557
GGC	GCC	GC	-0.06360	0.06665	0.06455	0.06360	0.06254	0.06455	0.06455	0.06455
GGC	GAC	GA	-0.69089	0.40346	0.28001	0.69089	0.20218	0.28001	0.28001	0.28001
GGC	GGT	CT	-1.01819	0.10891	0.06271	1.01819	0.03934	0.06271	0.06271	0.06271
GGA	CGA	GC	-0.82894	0.00300	0.00193	0.82894	0.00131	0.00193	0.00193	0.00193
GGA	AGA	GA	-1.85664	0.01818	0.00625	1.85664	0.00284	0.00625	0.00625	0.00625
GGA	GTA	GT	0.61037	0.00069	0.00093	-0.61037	0.00127	0.00093	0.00093	0.00093
GGA	GCA	GC	1.05560	0.00300	0.00486	-1.05560	0.00863	0.00486	0.00486	0.00486
GGA	GAA	GA	-0.38334	0.01818	0.01492	0.38334	0.01239	0.01492	0.01492	0.01492
GGA	GGT	AT	1.92337	0.00069	0.00156	-1.92337	0.00474	0.00156	0.00156	0.00156
GGA	GGC	AC	2.94156	0.00300	0.00933	-2.94156	0.05691	0.00933	0.00933	0.00933
GGG	TGG	GT	1.34054	0.00640	0.01161	-1.34054	0.02444	0.01161	0.01161	0.01161
GGG	CGG	GC	-0.49582	0.02775	0.02144	0.49582	0.01690	0.02144	0.02144	0.02144
GGG	AGG	GA	-0.79421	0.16798	0.11001	0.79421	0.07592	0.11001	0.11001	0.11001
GGG	GTG	GT	2.27544	0.00640	0.01622	-2.27544	0.06225	0.01622	0.01622	0.01622
GGG	GCG	GC	-0.87680	0.02775	0.01734	0.87680	0.01155	0.01734	0.01734	0.01734
GGG	GAG	GA	0.46340	0.16798	0.20989	-0.46340	0.26700	0.20989	0.20989	0.20989
GGG	GGT	GT	-0.47688	0.00640	0.00499	0.47688	0.00397	0.00499	0.00499	0.00499
GGG	GGC	GC	0.54132	0.02775	0.03593	-0.54132	0.04768	0.03593	0.03593	0.03593
GGG	GGA	GA	-2.40025	0.16798	0.04021	2.40025	0.01523	0.04021	0.04021	0.04021


Histograms
2Ns	FMut	FSub(CodonUsage)	FSubw(after w)

-4.32782	0.00403	0.00029	0.00029
-3.89504	0.02178	0.00217	0.00217
-3.46226	0.08228	0.01268	0.01268
-3.02948	0.06745	0.01331	0.01331
-2.59669	0.04651	0.01345	0.01345
-2.16391	0.03288	0.01350	0.01350
-1.73113	0.08988	0.04686	0.04686
-1.29835	0.10799	0.07308	0.07308
-0.86556	0.13119	0.11971	0.11971
-0.43278	0.11567	0.12912	0.12912
0.00000	0.10840	0.15164	0.15164
0.43278	0.07478	0.12912	0.12912
0.86556	0.05890	0.11971	0.11971
1.29835	0.02908	0.07308	0.07308
1.73113	0.01591	0.04686	0.04686
2.16391	0.00404	0.01350	0.01350
2.59669	0.00341	0.01345	0.01345
3.02948	0.00289	0.01331	0.01331
3.46226	0.00252	0.01268	0.01268
3.89504	0.00037	0.00217	0.00217
4.32782	0.00005	0.00029	0.00029

Proportion of advantageous (S > 0) mutations:
 0.24326

Proportions of good & bad mutations (|S| > 2.0000) among mutations:
0.01183  0.24468

mean |Ns| = 1.44676	mean Ns+ = 0.76727	mean Ns- = -1.66518

