Supplemental results for CODEML (seqf: ../TAS1R3_DNA_alignment.fa  treef: TAS1R3_ML.raxml.bestTree)

I	J	ij	2Ns_IJ	pMut_IJ	pSub_IJ	2Ns_JI	pMut_JI	pSub_JI

TTC	TTT	CT	-0.63535	0.10452	0.07481	0.63535	0.05537	0.07481	0.07481	0.07481
TTA	TTT	AT	3.79808	0.00019	0.00072	-3.79808	0.00826	0.00072	0.00072	0.00072
TTA	TTC	AC	4.43344	0.00072	0.00322	-4.43344	0.06050	0.00322	0.00322	0.00322
TTG	TTT	GT	1.22361	0.00172	0.00298	-1.22361	0.00584	0.00298	0.00298	0.00298
TTG	TTC	GC	1.85896	0.00667	0.01469	-1.85896	0.04280	0.01469	0.01469	0.01469
TTG	TTA	GA	-2.57448	0.04289	0.00911	2.57448	0.00327	0.00911	0.00911	0.00911
TCT	TTT	CT	2.00371	0.00747	0.01729	-2.00371	0.05537	0.01729	0.01729	0.01729
TCC	TTC	CT	2.51180	0.03290	0.08994	-2.51180	0.40558	0.08994	0.08994	0.08994
TCC	TCT	CT	-0.12726	0.03290	0.03085	0.12726	0.02897	0.03085	0.03085	0.03085
TCA	TTA	CT	-1.24145	0.01632	0.00823	1.24145	0.00472	0.00823	0.00823	0.00823
TCA	TCT	AT	0.55293	0.00249	0.00324	-0.55293	0.00432	0.00324	0.00324	0.00324
TCA	TCC	AC	0.68018	0.00965	0.01330	-0.68018	0.01904	0.01330	0.01330	0.01330
TCG	TTG	CT	0.66278	0.02257	0.03087	-0.66278	0.04379	0.03087	0.03087	0.03087
TCG	TCT	GT	-0.11731	0.00344	0.00324	0.11731	0.00306	0.00324	0.00324	0.00324
TCG	TCC	GC	0.00995	0.01334	0.01341	-0.00995	0.01347	0.01341	0.01341	0.01341
TCG	TCA	GA	-0.67024	0.08577	0.06022	0.67024	0.04388	0.06022	0.06022	0.06022
TAT	TTT	AT	1.93733	0.00119	0.00269	-1.93733	0.00826	0.00269	0.00269	0.00269
TAT	TCT	AC	-0.06637	0.00462	0.00447	0.06637	0.00432	0.00447	0.00447	0.00447
TAC	TTC	AT	2.11488	0.00730	0.01755	-2.11488	0.06050	0.01755	0.01755	0.01755
TAC	TCC	AC	-0.39692	0.02832	0.02307	0.39692	0.01904	0.02307	0.02307	0.02307
TAC	TAT	CT	-0.45781	0.04792	0.03779	0.45781	0.03032	0.03779	0.03779	0.03779
TGT	TTT	GT	1.28712	0.00161	0.00287	-1.28712	0.00584	0.00287	0.00287	0.00287
TGT	TCT	GC	-0.71658	0.00626	0.00428	0.71658	0.00306	0.00428	0.00428	0.00428
TGT	TAT	GA	-0.65021	0.04025	0.02857	0.65021	0.02101	0.02857	0.02857	0.02857
TGC	TTC	GT	1.27228	0.01199	0.02120	-1.27228	0.04280	0.02120	0.02120	0.02120
TGC	TCC	GC	-1.23951	0.04654	0.02351	1.23951	0.01347	0.02351	0.02351	0.02351
TGC	TAC	GA	-0.84259	0.29921	0.19065	0.84259	0.12884	0.19065	0.19065	0.19065
TGC	TGT	CT	-0.65019	0.07874	0.05590	0.65019	0.04110	0.05590	0.05590	0.05590
TGG	TTG	GT	-0.64923	0.00885	0.00628	0.64923	0.00462	0.00628	0.00628	0.00628
TGG	TCG	GC	-1.31201	0.03432	0.01660	1.31201	0.00924	0.01660	0.01660	0.01660
TGG	TGT	GT	-0.71274	0.00885	0.00606	0.71274	0.00434	0.00606	0.00606	0.00606
TGG	TGC	GC	-0.06255	0.03432	0.03326	0.06255	0.03224	0.03326	0.03326	0.03326
CTT	TTT	CT	1.32590	0.01470	0.02655	-1.32590	0.05537	0.02655	0.02655	0.02655
CTC	TTC	CT	1.60239	0.08169	0.16391	-1.60239	0.40558	0.16391	0.16391	0.16391
CTC	CTT	CT	-0.35886	0.08169	0.06791	0.35886	0.05706	0.06791	0.06791	0.06791
CTA	TTA	CT	-1.00222	0.01285	0.00747	1.00222	0.00472	0.00747	0.00747	0.00747
CTA	CTT	AT	1.46996	0.00196	0.00374	-1.46996	0.00851	0.00374	0.00374	0.00374
CTA	CTC	AC	1.82882	0.00759	0.01654	-1.82882	0.04728	0.01654	0.01654	0.01654
CTG	TTG	CT	-1.71783	0.24403	0.09168	1.71783	0.04379	0.09168	0.09168	0.09168
CTG	CTT	GT	-1.82012	0.03717	0.01308	1.82012	0.00602	0.01308	0.01308	0.01308
CTG	CTC	GC	-1.46126	0.14422	0.06364	1.46126	0.03345	0.06364	0.06364	0.06364
CTG	CTA	GA	-3.29008	0.92732	0.11805	3.29008	0.03454	0.11805	0.11805	0.11805
CCT	TCT	CT	0.28085	0.02188	0.02509	-0.28085	0.02897	0.02509	0.02509	0.02509
CCT	CTT	CT	0.95866	0.02188	0.03401	-0.95866	0.05706	0.03401	0.03401	0.03401
CCC	TCC	CT	0.59151	0.07066	0.09361	-0.59151	0.12767	0.09361	0.09361	0.09361
CCC	CTC	CT	1.50091	0.07066	0.13649	-1.50091	0.31699	0.13649	0.13649	0.13649
CCC	CCT	CT	0.18340	0.07066	0.07734	-0.18340	0.08489	0.07734	0.07734	0.07734
CCA	TCA	CT	1.03941	0.02240	0.03602	-1.03941	0.06333	0.03602	0.03602	0.03602
CCA	CTA	CT	0.80018	0.02240	0.03254	-0.80018	0.04986	0.03254	0.03254	0.03254
CCA	CCT	AT	1.31149	0.00341	0.00612	-1.31149	0.01266	0.00612	0.00612	0.00612
CCA	CCC	AC	1.12809	0.01324	0.02208	-1.12809	0.04090	0.02208	0.02208	0.02208
CCG	TCG	CT	1.17361	0.02709	0.04602	-1.17361	0.08758	0.04602	0.04602	0.04602
CCG	CTG	CT	3.55422	0.02709	0.09910	-3.55422	0.94692	0.09910	0.09910	0.09910
CCG	CCT	GT	0.77545	0.00413	0.00593	-0.77545	0.00896	0.00593	0.00593	0.00593
CCG	CCC	GC	0.59205	0.01601	0.02121	-0.59205	0.02894	0.02121	0.02121	0.02121
CCG	CCA	GA	-0.53604	0.10293	0.07779	0.53604	0.06022	0.07779	0.07779	0.07779
CAT	TAT	CT	1.44902	0.00712	0.01348	-1.44902	0.03032	0.01348	0.01348	0.01348
CAT	CTT	AT	2.06046	0.00108	0.00256	-2.06046	0.00851	0.00256	0.00256	0.00256
CAT	CCT	AC	1.10180	0.00421	0.00694	-1.10180	0.01266	0.00694	0.00694	0.00694
CAC	TAC	CT	1.17573	0.05738	0.09758	-1.17573	0.18595	0.09758	0.09758	0.09758
CAC	CTC	AT	1.68821	0.00874	0.01810	-1.68821	0.04728	0.01810	0.01810	0.01810
CAC	CCC	AC	0.18730	0.03391	0.03719	-0.18730	0.04090	0.03719	0.03719	0.03719
CAC	CAT	CT	-0.73110	0.05738	0.03894	0.73110	0.02762	0.03894	0.03894	0.03894
CAA	CTA	AT	2.08374	0.00093	0.00220	-2.08374	0.00744	0.00220	0.00220	0.00220
CAA	CCA	AC	1.28355	0.00359	0.00638	-1.28355	0.01296	0.00638	0.00638	0.00638
CAA	CAT	AT	1.49324	0.00093	0.00178	-1.49324	0.00412	0.00178	0.00178	0.00178
CAA	CAC	AC	2.22435	0.00359	0.00896	-2.22435	0.03321	0.00896	0.00896	0.00896
CAG	CTG	AT	2.08564	0.01755	0.04179	-2.08564	0.14124	0.04179	0.04179	0.04179
CAG	CCG	AC	-1.46858	0.06808	0.02991	1.46858	0.01568	0.02991	0.02991	0.02991
CAG	CAT	GT	-1.79493	0.01755	0.00627	1.79493	0.00292	0.00627	0.00627	0.00627
CAG	CAC	GC	-1.06383	0.06808	0.03817	1.06383	0.02350	0.03817	0.03817	0.03817
CAG	CAA	GA	-3.28818	0.43777	0.05581	3.28818	0.01634	0.05581	0.05581	0.05581
CGT	TGT	CT	1.19014	0.01250	0.02138	-1.19014	0.04110	0.02138	0.02138	0.02138
CGT	CTT	GT	1.15136	0.00190	0.00321	-1.15136	0.00602	0.00321	0.00321	0.00321
CGT	CCT	GC	0.19271	0.00739	0.00812	-0.19271	0.00896	0.00812	0.00812	0.00812
CGT	CAT	GA	-0.90909	0.04750	0.02914	0.90909	0.01914	0.02914	0.02914	0.02914
CGC	TGC	CT	1.79275	0.05087	0.10942	-1.79275	0.30553	0.10942	0.10942	0.10942
CGC	CTC	GT	1.46265	0.00775	0.01475	-1.46265	0.03345	0.01475	0.01475	0.01475
CGC	CCC	GC	-0.03827	0.03007	0.02949	0.03827	0.02894	0.02949	0.02949	0.02949
CGC	CAC	GA	-0.22556	0.19332	0.17233	0.22556	0.15428	0.17233	0.17233	0.17233
CGC	CGT	CT	-0.04758	0.05087	0.04967	0.04758	0.04851	0.04967	0.04967	0.04967
CGA	CTA	GT	2.03499	0.00069	0.00161	-2.03499	0.00526	0.00161	0.00161	0.00161
CGA	CCA	GC	1.23481	0.00267	0.00465	-1.23481	0.00917	0.00465	0.00465	0.00465
CGA	CAA	GA	-0.04875	0.01715	0.01674	0.04875	0.01634	0.01674	0.01674	0.01674
CGA	CGT	AT	2.35359	0.00069	0.00179	-2.35359	0.00724	0.00179	0.00179	0.00179
CGA	CGC	AC	2.40117	0.00267	0.00704	-2.40117	0.02944	0.00704	0.00704	0.00704
CGG	TGG	CT	1.65514	0.04306	0.08810	-1.65514	0.22536	0.08810	0.08810	0.08810
CGG	CTG	GT	2.72374	0.00656	0.01912	-2.72374	0.09993	0.01912	0.01912	0.01912
CGG	CCG	GC	-0.83048	0.02545	0.01633	0.83048	0.01109	0.01633	0.01633	0.01633
CGG	CAG	GA	0.63810	0.16363	0.22135	-0.63810	0.30973	0.22135	0.22135	0.22135
CGG	CGT	GT	-0.24774	0.00656	0.00578	0.24774	0.00512	0.00578	0.00578	0.00578
CGG	CGC	GC	-0.20016	0.02545	0.02299	0.20016	0.02083	0.02299	0.02299	0.02299
CGG	CGA	GA	-2.60133	0.16363	0.03410	2.60133	0.01214	0.03410	0.03410	0.03410
ATT	TTT	AT	2.27600	0.00085	0.00215	-2.27600	0.00826	0.00215	0.00215	0.00215
ATT	CTT	AC	0.95011	0.00329	0.00510	-0.95011	0.00851	0.00510	0.00510	0.00510
ATC	TTC	AT	2.44954	0.00522	0.01400	-2.44954	0.06050	0.01400	0.01400	0.01400
ATC	CTC	AC	0.84715	0.02027	0.03005	-0.84715	0.04728	0.03005	0.03005	0.03005
ATC	ATT	CT	-0.46182	0.03429	0.02698	0.46182	0.02161	0.02698	0.02698	0.02698
ATA	TTA	AT	0.64187	0.00037	0.00050	-0.64187	0.00070	0.00050	0.00050	0.00050
ATA	CTA	AC	1.64410	0.00144	0.00293	-1.64410	0.00744	0.00293	0.00293	0.00293
ATA	ATT	AT	2.16395	0.00037	0.00091	-2.16395	0.00322	0.00091	0.00091	0.00091
ATA	ATC	AC	2.62577	0.00144	0.00407	-2.62577	0.01985	0.00407	0.00407	0.00407
ATG	TTG	AT	-0.16392	0.00770	0.00708	0.16392	0.00653	0.00708	0.00708	0.00708
ATG	CTG	AC	1.55391	0.02986	0.05884	-1.55391	0.14124	0.05884	0.05884	0.05884
ATG	ATT	GT	-1.21631	0.00770	0.00394	1.21631	0.00228	0.00394	0.00394	0.00394
ATG	ATC	GC	-0.75449	0.02986	0.02000	0.75449	0.01404	0.02000	0.02000	0.02000
ATG	ATA	GA	-3.38026	0.19200	0.02287	3.38026	0.00654	0.02287	0.02287	0.02287
ACT	TCT	AT	1.64623	0.00083	0.00170	-1.64623	0.00432	0.00170	0.00170	0.00170
ACT	CCT	AC	1.36538	0.00323	0.00593	-1.36538	0.01266	0.00593	0.00593	0.00593
ACT	ATT	CT	1.37393	0.00547	0.01006	-1.37393	0.02161	0.01006	0.01006	0.01006
ACC	TCC	AT	1.03228	0.00678	0.01088	-1.03228	0.01904	0.01088	0.01088	0.01088
ACC	CCC	AC	0.44077	0.02632	0.03255	-0.44077	0.04090	0.03255	0.03255	0.03255
ACC	ATC	CT	1.09454	0.04453	0.07327	-1.09454	0.13306	0.07327	0.07327	0.07327
ACC	ACT	CT	-0.74121	0.04453	0.03005	0.74121	0.02122	0.03005	0.03005	0.03005
ACA	TCA	AT	0.90158	0.00383	0.00582	-0.90158	0.00945	0.00582	0.00582	0.00582
ACA	CCA	AC	-0.13783	0.01488	0.01388	0.13783	0.01296	0.01388	0.01388	0.01388
ACA	ATA	CT	-0.98175	0.02518	0.01481	0.98175	0.00943	0.01481	0.01481	0.01481
ACA	ACT	AT	-0.19173	0.00383	0.00348	0.19173	0.00317	0.00348	0.00348	0.00348
ACA	ACC	AC	0.54948	0.01488	0.01934	-0.54948	0.02578	0.01934	0.01934	0.01934
ACG	TCG	AT	1.08756	0.00440	0.00722	-1.08756	0.01306	0.00722	0.00722	0.00722
ACG	CCG	AC	-0.08605	0.01709	0.01636	0.08605	0.01568	0.01636	0.01636	0.01636
ACG	ATG	CT	1.91426	0.02891	0.06491	-1.91426	0.19605	0.06491	0.06491	0.06491
ACG	ACT	GT	-0.67599	0.00440	0.00308	0.67599	0.00224	0.00308	0.00308	0.00308
ACG	ACC	GC	0.06522	0.01709	0.01765	-0.06522	0.01824	0.01765	0.01765	0.01765
ACG	ACA	GA	-0.48426	0.10985	0.08539	0.48426	0.06769	0.08539	0.08539	0.08539
AAT	TAT	AT	1.15270	0.00143	0.00241	-1.15270	0.00452	0.00241	0.00241	0.00241
AAT	CAT	AC	-0.29632	0.00554	0.00476	0.29632	0.00412	0.00476	0.00476	0.00476
AAT	ATT	AT	0.81403	0.00143	0.00209	-0.81403	0.00322	0.00209	0.00209	0.00209
AAT	ACT	AC	-0.55991	0.00554	0.00413	0.55991	0.00317	0.00413	0.00413	0.00413
AAC	TAC	AT	1.14278	0.00885	0.01484	-1.14278	0.02774	0.01484	0.01484	0.01484
AAC	CAC	AC	-0.03294	0.03432	0.03376	0.03294	0.03321	0.03376	0.03376	0.03376
AAC	ATC	AT	0.80812	0.00885	0.01290	-0.80812	0.01985	0.01290	0.01290	0.01290
AAC	ACC	AC	-0.28642	0.03432	0.02964	0.28642	0.02578	0.02964	0.02964	0.02964
AAC	AAT	CT	-0.46772	0.05808	0.04555	0.46772	0.03638	0.04555	0.04555	0.04555
AAA	CAA	AC	0.06870	0.00328	0.00340	-0.06870	0.00352	0.00340	0.00340	0.00340
AAA	ATA	AT	0.50834	0.00085	0.00108	-0.50834	0.00141	0.00108	0.00108	0.00108
AAA	ACA	AC	1.49009	0.00328	0.00632	-1.49009	0.01457	0.00632	0.00632	0.00632
AAA	AAT	AT	1.85827	0.00085	0.00186	-1.85827	0.00543	0.00186	0.00186	0.00186
AAA	AAC	AC	2.32599	0.00328	0.00846	-2.32599	0.03361	0.00846	0.00846	0.00846
AAG	CAG	AC	0.98562	0.02488	0.03913	-0.98562	0.06668	0.03913	0.03913	0.03913
AAG	ATG	AT	1.51734	0.00641	0.01246	-1.51734	0.02924	0.01246	0.01246	0.01246
AAG	ACG	AC	-0.39692	0.02488	0.02027	0.39692	0.01673	0.02027	0.02027	0.02027
AAG	AAT	GT	-0.51300	0.00641	0.00491	0.51300	0.00384	0.00491	0.00491	0.00491
AAG	AAC	GC	-0.04527	0.02488	0.02432	0.04527	0.02378	0.02432	0.02432	0.02432
AAG	AAA	GA	-2.37126	0.16000	0.03907	2.37126	0.01494	0.03907	0.03907	0.03907
AGT	TGT	AT	1.33502	0.00161	0.00292	-1.33502	0.00613	0.00292	0.00292	0.00292
AGT	CGT	AC	0.14488	0.00626	0.00672	-0.14488	0.00724	0.00672	0.00672	0.00672
AGT	ATT	GT	0.34614	0.00161	0.00191	-0.34614	0.00228	0.00191	0.00191	0.00191
AGT	ACT	GC	-1.02779	0.00626	0.00358	1.02779	0.00224	0.00358	0.00358	0.00358
AGT	AAT	GA	-0.46789	0.04025	0.03156	0.46789	0.02521	0.03156	0.03156	0.03156
AGC	TGC	AT	1.15675	0.01433	0.02419	-1.15675	0.04557	0.02419	0.02419	0.02419
AGC	CGC	AC	-0.63600	0.05562	0.03979	0.63600	0.02944	0.03979	0.03979	0.03979
AGC	ATC	GT	-0.02050	0.01433	0.01419	0.02050	0.01404	0.01419	0.01419	0.01419
AGC	ACC	GC	-1.11505	0.05562	0.03026	1.11505	0.01824	0.03026	0.03026	0.03026
AGC	AAC	GA	-0.82863	0.35760	0.22967	0.82863	0.15615	0.22967	0.22967	0.22967
AGC	AGT	CT	-0.82846	0.09410	0.06045	0.82846	0.04110	0.06045	0.06045	0.06045
AGA	CGA	AC	0.98589	0.00097	0.00153	-0.98589	0.00261	0.00153	0.00153	0.00153
AGA	ATA	GT	1.37679	0.00025	0.00046	-1.37679	0.00100	0.00046	0.00046	0.00046
AGA	ACA	GC	2.35853	0.00097	0.00254	-2.35853	0.01031	0.00254	0.00254	0.00254
AGA	AAA	GA	0.86845	0.00627	0.00938	-0.86845	0.01494	0.00938	0.00938	0.00938
AGA	AGT	AT	3.19460	0.00025	0.00084	-3.19460	0.00613	0.00084	0.00084	0.00084
AGA	AGC	AC	4.02306	0.00097	0.00399	-4.02306	0.05447	0.00399	0.00399	0.00399
AGG	TGG	AT	2.15383	0.00390	0.00950	-2.15383	0.03361	0.00950	0.00950	0.00950
AGG	CGG	AC	0.49869	0.01514	0.01922	-0.49869	0.02492	0.01922	0.01922	0.01922
AGG	ATG	GT	1.66852	0.00390	0.00802	-1.66852	0.02069	0.00802	0.00802	0.00802
AGG	ACG	GC	-0.24574	0.01514	0.01335	0.24574	0.01184	0.01335	0.01335	0.01335
AGG	AAG	GA	0.15118	0.09732	0.10486	-0.15118	0.11320	0.10486	0.10486	0.10486
AGG	AGT	GT	0.10607	0.00390	0.00411	-0.10607	0.00434	0.00411	0.00411	0.00411
AGG	AGC	GC	0.93453	0.01514	0.02329	-0.93453	0.03854	0.02329	0.02329	0.02329
AGG	AGA	GA	-3.08853	0.09732	0.01435	3.08853	0.00443	0.01435	0.01435	0.01435
GTT	TTT	GT	2.26025	0.00061	0.00154	-2.26025	0.00584	0.00154	0.00154	0.00154
GTT	CTT	GC	0.93435	0.00237	0.00364	-0.93435	0.00602	0.00364	0.00364	0.00364
GTT	ATT	GA	-0.01576	0.01521	0.01509	0.01576	0.01497	0.01509	0.01509	0.01509
GTC	TTC	GT	2.03269	0.00561	0.01311	-2.03269	0.04280	0.01311	0.01311	0.01311
GTC	CTC	GC	0.43030	0.02175	0.02677	-0.43030	0.03345	0.02677	0.02677	0.02677
GTC	ATC	GA	-0.41685	0.13987	0.11274	0.41685	0.09219	0.11274	0.11274	0.11274
GTC	GTT	CT	-0.86291	0.03681	0.02318	0.86291	0.01553	0.02318	0.02318	0.02318
GTA	TTA	GT	-0.22207	0.00062	0.00055	0.22207	0.00050	0.00055	0.00055	0.00055
GTA	CTA	GC	0.78016	0.00241	0.00347	-0.78016	0.00526	0.00347	0.00347	0.00347
GTA	ATA	GA	-0.86394	0.01550	0.00976	0.86394	0.00654	0.00976	0.00976	0.00976
GTA	GTT	AT	1.31577	0.00062	0.00112	-1.31577	0.00232	0.00112	0.00112	0.00112
GTA	GTC	AC	2.17868	0.00241	0.00592	-2.17868	0.02130	0.00592	0.00592	0.00592
GTG	TTG	GT	-1.58594	0.02257	0.00922	1.58594	0.00462	0.00922	0.00922	0.00922
GTG	CTG	GC	0.13189	0.08758	0.09348	-0.13189	0.09993	0.09348	0.09348	0.09348
GTG	ATG	GA	-1.42202	0.56312	0.25458	1.42202	0.13584	0.25458	0.25458	0.25458
GTG	GTT	GT	-2.62257	0.02257	0.00463	2.62257	0.00164	0.00463	0.00463	0.00463
GTG	GTC	GC	-1.75967	0.08758	0.03204	1.75967	0.01507	0.03204	0.03204	0.03204
GTG	GTA	GA	-3.93834	0.56312	0.04406	3.93834	0.01097	0.04406	0.04406	0.04406
GCT	TCT	GT	-0.44273	0.00476	0.00378	0.44273	0.00306	0.00378	0.00378	0.00378
GCT	CCT	GC	-0.72358	0.01847	0.01259	0.72358	0.00896	0.01259	0.01259	0.01259
GCT	ACT	GA	-2.08897	0.11876	0.03506	2.08897	0.01470	0.03506	0.03506	0.03506
GCT	GTT	CT	-0.69928	0.03125	0.02159	0.69928	0.01553	0.02159	0.02159	0.02159
GCC	TCC	GT	-0.52352	0.02274	0.01731	0.52352	0.01347	0.01731	0.01731	0.01731
GCC	CCC	GC	-1.11503	0.08825	0.04801	1.11503	0.02894	0.04801	0.04801	0.04801
GCC	ACC	GA	-1.55580	0.56741	0.23611	1.55580	0.11974	0.23611	0.23611	0.23611
GCC	GTC	CT	-0.04441	0.14932	0.14602	0.04441	0.14283	0.14602	0.14602	0.14602
GCC	GCT	CT	-0.20804	0.14932	0.13432	0.20804	0.12127	0.13432	0.13432	0.13432
GCA	TCA	GT	0.70400	0.00331	0.00460	-0.70400	0.00668	0.00460	0.00460	0.00460
GCA	CCA	GC	-0.33541	0.01283	0.01080	0.33541	0.00917	0.01080	0.01080	0.01080
GCA	ACA	GA	-0.19758	0.08247	0.07459	0.19758	0.06769	0.07459	0.07459	0.07459
GCA	GTA	CT	-0.31538	0.02170	0.01846	0.31538	0.01583	0.01846	0.01846	0.01846
GCA	GCT	AT	1.69966	0.00331	0.00687	-1.69966	0.01809	0.00687	0.00687	0.00687
GCA	GCC	AC	1.90771	0.01283	0.02873	-1.90771	0.08642	0.02873	0.02873	0.02873
GCG	TCG	GT	0.80991	0.00411	0.00600	-0.80991	0.00924	0.00600	0.00600	0.00600
GCG	CCG	GC	-0.36370	0.01596	0.01323	0.36370	0.01109	0.01323	0.01323	0.01323
GCG	ACG	GA	-0.27765	0.10260	0.08901	0.27765	0.07772	0.08901	0.08901	0.08901
GCG	GTG	CT	3.05863	0.02700	0.08665	-3.05863	0.57502	0.08665	0.08665	0.08665
GCG	GCT	GT	1.13533	0.00411	0.00688	-1.13533	0.01280	0.00688	0.00688	0.00688
GCG	GCC	GC	1.34338	0.01596	0.02900	-1.34338	0.06114	0.02900	0.02900	0.02900
GCG	GCA	GA	-0.56433	0.10260	0.07636	0.56433	0.05835	0.07636	0.07636	0.07636
GAT	TAT	GT	0.54007	0.00186	0.00241	-0.54007	0.00320	0.00241	0.00241	0.00241
GAT	CAT	GC	-0.90895	0.00723	0.00444	0.90895	0.00292	0.00444	0.00444	0.00444
GAT	AAT	GA	-0.61263	0.04651	0.03371	0.61263	0.02521	0.03371	0.03371	0.03371
GAT	GTT	AT	0.21716	0.00186	0.00207	-0.21716	0.00232	0.00207	0.00207	0.00207
GAT	GCT	AC	0.91643	0.00723	0.01105	-0.91643	0.01809	0.01105	0.01105	0.01105
GAC	TAC	GT	0.59205	0.01086	0.01438	-0.59205	0.01962	0.01438	0.01438	0.01438
GAC	CAC	GC	-0.58368	0.04212	0.03102	0.58368	0.02350	0.03102	0.03102	0.03102
GAC	AAC	GA	-0.55074	0.27084	0.20307	0.55074	0.15615	0.20307	0.20307	0.20307
GAC	GTC	AT	0.67423	0.01086	0.01492	-0.67423	0.02130	0.01492	0.01492	0.01492
GAC	GCC	AC	0.71865	0.04212	0.05906	-0.71865	0.08642	0.05906	0.05906	0.05906
GAC	GAT	CT	-0.40583	0.07127	0.05779	0.40583	0.04750	0.05779	0.05779	0.05779
GAA	CAA	GC	-0.26155	0.00323	0.00283	0.26155	0.00249	0.00283	0.00283	0.00283
GAA	AAA	GA	-0.33025	0.02078	0.01754	0.33025	0.01494	0.01754	0.01754	0.01754
GAA	GTA	AT	1.04203	0.00083	0.00134	-1.04203	0.00236	0.00134	0.00134	0.00134
GAA	GCA	AC	1.35742	0.00323	0.00591	-1.35742	0.01256	0.00591	0.00591	0.00591
GAA	GAT	AT	2.14065	0.00083	0.00202	-2.14065	0.00708	0.00202	0.00202	0.00202
GAA	GAC	AC	2.54648	0.00323	0.00893	-2.54648	0.04125	0.00893	0.00893	0.00893
GAG	CAG	GC	-0.15351	0.05500	0.05089	0.15351	0.04717	0.05089	0.05089	0.05089
GAG	AAG	GA	-1.13913	0.35364	0.18966	1.13913	0.11320	0.18966	0.18966	0.18966
GAG	GTG	AT	1.80023	0.01417	0.03057	-1.80023	0.08577	0.03057	0.03057	0.03057
GAG	GCG	AC	-1.25840	0.05500	0.02747	1.25840	0.01563	0.02747	0.02747	0.02747
GAG	GAT	GT	-1.03950	0.01417	0.00806	1.03950	0.00501	0.00806	0.00806	0.00806
GAG	GAC	GC	-0.63367	0.05500	0.03940	0.63367	0.02919	0.03940	0.03940	0.03940
GAG	GAA	GA	-3.18014	0.35364	0.04879	3.18014	0.01470	0.04879	0.04879	0.04879
GGT	TGT	GT	0.95676	0.00167	0.00259	-0.95676	0.00434	0.00259	0.00259	0.00259
GGT	CGT	GC	-0.23338	0.00646	0.00574	0.23338	0.00512	0.00574	0.00574	0.00574
GGT	AGT	GA	-0.37826	0.04157	0.03420	0.37826	0.02848	0.03420	0.03420	0.03420
GGT	GTT	GT	-0.01636	0.00167	0.00165	0.01636	0.00164	0.00165	0.00165	0.00165
GGT	GCT	GC	0.68291	0.00646	0.00892	-0.68291	0.01280	0.00892	0.00892	0.00892
GGT	GAT	GA	-0.23352	0.04157	0.03690	0.23352	0.03291	0.03690	0.03690	0.03690
GGC	TGC	GT	0.61151	0.01749	0.02338	-0.61151	0.03224	0.02338	0.02338	0.02338
GGC	CGC	GC	-1.18125	0.06788	0.03550	1.18125	0.02083	0.03550	0.03550	0.03550
GGC	AGC	GA	-0.54524	0.43645	0.32822	0.54524	0.25301	0.32822	0.32822	0.32822
GGC	GTC	GT	-0.14890	0.01749	0.01622	0.14890	0.01507	0.01622	0.01622	0.01622
GGC	GCC	GC	-0.10449	0.06788	0.06439	0.10449	0.06114	0.06439	0.06439	0.06439
GGC	GAC	GA	-0.82313	0.43645	0.28119	0.82313	0.19162	0.28119	0.28119	0.28119
GGC	GGT	CT	-0.99544	0.11485	0.06702	0.99544	0.04244	0.06702	0.06702	0.06702
GGA	CGA	GC	-1.16060	0.00590	0.00312	1.16060	0.00185	0.00312	0.00312	0.00312
GGA	AGA	GA	-2.14649	0.03794	0.01078	2.14649	0.00443	0.01078	0.01078	0.01078
GGA	GTA	GT	0.09424	0.00152	0.00159	-0.09424	0.00167	0.00159	0.00159	0.00159
GGA	GCA	GC	0.40962	0.00590	0.00719	-0.40962	0.00889	0.00719	0.00719	0.00719
GGA	GAA	GA	-0.94780	0.03794	0.02276	0.94780	0.01470	0.02276	0.02276	0.02276
GGA	GGT	AT	1.42637	0.00152	0.00285	-1.42637	0.00633	0.00285	0.00285	0.00285
GGA	GGC	AC	2.42181	0.00590	0.01568	-2.42181	0.06647	0.01568	0.01568	0.01568
GGG	TGG	GT	1.09621	0.00795	0.01308	-1.09621	0.02378	0.01308	0.01308	0.01308
GGG	CGG	GC	-0.55893	0.03084	0.02302	0.55893	0.01763	0.02302	0.02302	0.02302
GGG	AGG	GA	-1.05762	0.19826	0.11157	1.05762	0.06885	0.11157	0.11157	0.11157
GGG	GTG	GT	2.03292	0.00795	0.01859	-2.03292	0.06068	0.01859	0.01859	0.01859
GGG	GCG	GC	-1.02571	0.03084	0.01768	1.02571	0.01106	0.01768	0.01768	0.01768
GGG	GAG	GA	0.23269	0.19826	0.22223	-0.23269	0.25021	0.22223	0.22223	0.22223
GGG	GGT	GT	-0.57329	0.00795	0.00589	0.57329	0.00448	0.00589	0.00589	0.00589
GGG	GGC	GC	0.42215	0.03084	0.03780	-0.42215	0.04703	0.03780	0.03780	0.03780
GGG	GGA	GA	-1.99966	0.19826	0.06208	1.99966	0.02684	0.06208	0.06208	0.06208


Histograms
2Ns	FMut	FSub(CodonUsage)	FSubw(after w)

-4.22232	0.00452	0.00040	0.00040
-3.80009	0.02247	0.00246	0.00246
-3.37786	0.11263	0.01894	0.01894
-2.95562	0.02644	0.00554	0.00554
-2.53339	0.04575	0.01417	0.01417
-2.11116	0.04484	0.01919	0.01919
-1.68893	0.10611	0.05851	0.05851
-1.26670	0.10809	0.07591	0.07591
-0.84446	0.12376	0.11286	0.11286
-0.42223	0.11486	0.12760	0.12760
0.00000	0.09271	0.12885	0.12885
0.42223	0.07449	0.12760	0.12760
0.84446	0.05602	0.11286	0.11286
1.26670	0.03131	0.07591	0.07591
1.68893	0.02070	0.05851	0.05851
2.11116	0.00590	0.01919	0.01919
2.53339	0.00373	0.01417	0.01417
2.95562	0.00124	0.00554	0.00554
3.37786	0.00391	0.01894	0.01894
3.80009	0.00044	0.00246	0.00246
4.22232	0.00007	0.00040	0.00040

Proportion of advantageous (S > 0) mutations:
 0.24132

Proportions of good & bad mutations (|S| > 2.0000) among mutations:
0.01254  0.23743

mean |Ns| = 1.43225	mean Ns+ = 0.80084	mean Ns- = -1.63309

