Supplemental results for CODEML (seqf: paml_null_selected_removal_dna_aligned_combined_TAS1R1  treef: paml_null_ML_tree_output_selected_removal_dna_aligned_combined_TAS1R1.txt)

I	J	ij	2Ns_IJ	pMut_IJ	pSub_IJ	2Ns_JI	pMut_JI	pSub_JI

TTC	TTT	CT	0.35533	0.09639	0.11452	-0.35533	0.13751	0.11452	0.11452	0.11452
TTA	TTT	AT	4.41581	0.00031	0.00138	-4.41581	0.02548	0.00138	0.00044	0.00044
TTA	TTC	AC	4.06048	0.00094	0.00389	-4.06048	0.05468	0.00389	0.00124	0.00124
TTG	TTT	GT	1.60694	0.00366	0.00736	-1.60694	0.01826	0.00736	0.00234	0.00234
TTG	TTC	GC	1.25160	0.01121	0.01965	-1.25160	0.03918	0.01965	0.00625	0.00625
TTG	TTA	GA	-2.80887	0.05255	0.00947	2.80887	0.00317	0.00947	0.00947	0.00947
TCT	TTT	CT	1.36270	0.03520	0.06447	-1.36270	0.13751	0.06447	0.02052	0.02052
TCC	TTC	CT	1.55504	0.06231	0.12283	-1.55504	0.29505	0.12283	0.03909	0.03909
TCC	TCT	CT	0.54767	0.06231	0.08092	-0.54767	0.10774	0.08092	0.08092	0.08092
TCA	TTA	CT	-0.91086	0.01179	0.00722	0.91086	0.00474	0.00722	0.00230	0.00230
TCA	TCT	AT	2.14225	0.00234	0.00569	-2.14225	0.01997	0.00569	0.00569	0.00569
TCA	TCC	AC	1.59458	0.00718	0.01436	-1.59458	0.03535	0.01436	0.01436	0.01436
TCG	TTG	CT	2.61353	0.00413	0.01165	-2.61353	0.05637	0.01165	0.00371	0.00371
TCG	TCT	GT	2.85776	0.00082	0.00249	-2.85776	0.01431	0.00249	0.00249	0.00249
TCG	TCC	GC	2.31009	0.00251	0.00645	-2.31009	0.02533	0.00645	0.00645	0.00645
TCG	TCA	GA	0.71551	0.01179	0.01650	-0.71551	0.02411	0.01650	0.01650	0.01650
TAT	TTT	AT	1.33237	0.00672	0.01217	-1.33237	0.02548	0.01217	0.00387	0.00387
TAT	TCT	AC	-0.03033	0.02058	0.02027	0.03033	0.01997	0.02027	0.00645	0.00645
TAC	TTC	AT	1.70313	0.00996	0.02074	-1.70313	0.05468	0.02074	0.00660	0.00660
TAC	TCC	AC	0.14809	0.03048	0.03279	-0.14809	0.03535	0.03279	0.01044	0.01044
TAC	TAT	CT	0.72609	0.05009	0.07045	-0.72609	0.10353	0.07045	0.07045	0.07045
TGT	TTT	GT	0.90913	0.00736	0.01120	-0.90913	0.01826	0.01120	0.00356	0.00356
TGT	TCT	GC	-0.45357	0.02252	0.01780	0.45357	0.01431	0.01780	0.00566	0.00566
TGT	TAT	GA	-0.42324	0.10559	0.08482	0.42324	0.06916	0.08482	0.02699	0.02699
TGC	TTC	GT	1.15016	0.01240	0.02088	-1.15016	0.03918	0.02088	0.00664	0.00664
TGC	TCC	GC	-0.40488	0.03797	0.03080	0.40488	0.02533	0.03080	0.00980	0.00980
TGC	TAC	GA	-0.55297	0.17804	0.13332	0.55297	0.10241	0.13332	0.04243	0.04243
TGC	TGT	CT	0.59636	0.06239	0.08284	-0.59636	0.11328	0.08284	0.08284	0.08284
TGG	TTG	GT	-0.40950	0.01128	0.00912	0.40950	0.00749	0.00912	0.00290	0.00290
TGG	TCG	GC	-3.02303	0.03451	0.00534	3.02303	0.00168	0.00534	0.00170	0.00170
TGG	TGT	GT	0.28831	0.01128	0.01298	-0.28831	0.01504	0.01298	0.00413	0.00413
TGG	TGC	GC	-0.30806	0.03451	0.02947	0.30806	0.02536	0.02947	0.00938	0.00938
CTT	TTT	CT	1.34333	0.03589	0.06523	-1.34333	0.13751	0.06523	0.02076	0.02076
CTC	TTC	CT	1.42082	0.07126	0.13348	-1.42082	0.29505	0.13348	0.04248	0.04248
CTC	CTT	CT	0.43282	0.07126	0.08779	-0.43282	0.10985	0.08779	0.08779	0.08779
CTA	TTA	CT	-1.40698	0.01936	0.00884	1.40698	0.00474	0.00884	0.00884	0.00884
CTA	CTT	AT	1.66550	0.00385	0.00791	-1.66550	0.02036	0.00791	0.00791	0.00791
CTA	CTC	AC	1.23268	0.01178	0.02050	-1.23268	0.04042	0.02050	0.02050	0.02050
CTG	TTG	CT	-1.05430	0.16179	0.09122	1.05430	0.05637	0.09122	0.09122	0.09122
CTG	CTT	GT	-0.79069	0.03217	0.02111	0.79069	0.01459	0.02111	0.02111	0.02111
CTG	CTC	GC	-1.22352	0.09846	0.05021	1.22352	0.02897	0.05021	0.05021	0.05021
CTG	CTA	GA	-2.45620	0.46166	0.10637	2.45620	0.03959	0.10637	0.10637	0.10637
CCT	TCT	CT	0.96285	0.04114	0.06407	-0.96285	0.10774	0.06407	0.02039	0.02039
CCT	CTT	CT	0.98223	0.04114	0.06460	-0.98223	0.10985	0.06460	0.02056	0.02056
CCC	TCC	CT	1.28355	0.05284	0.09382	-1.28355	0.19073	0.09382	0.02986	0.02986
CCC	CTC	CT	1.41777	0.05284	0.09887	-1.41777	0.21812	0.09887	0.03146	0.03146
CCC	CCT	CT	0.86837	0.05284	0.07906	-0.86837	0.12592	0.07906	0.07906	0.07906
CCA	TCA	CT	0.64510	0.01893	0.02569	-0.64510	0.03609	0.02569	0.00818	0.00818
CCA	CTA	CT	1.14122	0.01893	0.03175	-1.14122	0.05927	0.03175	0.01010	0.01010
CCA	CCT	AT	1.82450	0.00376	0.00819	-1.82450	0.02334	0.00819	0.00819	0.00819
CCA	CCC	AC	0.95613	0.01152	0.01789	-0.95613	0.02998	0.01789	0.01789	0.01789
CCG	TCG	CT	1.16131	0.00396	0.00669	-1.16131	0.01264	0.00669	0.00213	0.00213
CCG	CTG	CT	4.82914	0.00396	0.01927	-4.82914	0.49525	0.01927	0.00613	0.00613
CCG	CCT	GT	3.05622	0.00079	0.00252	-3.05622	0.01672	0.00252	0.00252	0.00252
CCG	CCC	GC	2.18785	0.00241	0.00594	-2.18785	0.02148	0.00594	0.00594	0.00594
CCG	CCA	GA	1.23172	0.01130	0.01965	-1.23172	0.03871	0.01965	0.01965	0.01965
CAT	TAT	CT	1.57511	0.02143	0.04256	-1.57511	0.10353	0.04256	0.01355	0.01355
CAT	CTT	AT	1.56415	0.00426	0.00843	-1.56415	0.02036	0.00843	0.00268	0.00268
CAT	CCT	AC	0.58192	0.01304	0.01720	-0.58192	0.02334	0.01720	0.00547	0.00547
CAC	TAC	CT	1.07669	0.05224	0.08531	-1.07669	0.15332	0.08531	0.02715	0.02715
CAC	CTC	AT	1.35900	0.01039	0.01899	-1.35900	0.04042	0.01899	0.00604	0.00604
CAC	CCC	AC	-0.05877	0.03179	0.03086	0.05877	0.02998	0.03086	0.00982	0.00982
CAC	CAT	CT	0.22767	0.05224	0.05841	-0.22767	0.06559	0.05841	0.05841	0.05841
CAA	CTA	AT	1.35867	0.00282	0.00516	-1.35867	0.01098	0.00516	0.00164	0.00164
CAA	CCA	AC	0.21745	0.00864	0.00961	-0.21745	0.01074	0.00961	0.00306	0.00306
CAA	CAT	AT	1.46002	0.00282	0.00537	-1.46002	0.01216	0.00537	0.00171	0.00171
CAA	CAC	AC	1.23235	0.00864	0.01503	-1.23235	0.02963	0.01503	0.00478	0.00478
CAG	CTG	AT	1.58630	0.01879	0.03747	-1.58630	0.09178	0.03747	0.01192	0.01192
CAG	CCG	AC	-3.24284	0.05750	0.00758	3.24284	0.00225	0.00758	0.00241	0.00241
CAG	CAT	GT	-0.76855	0.01879	0.01248	0.76855	0.00871	0.01248	0.00397	0.00397
CAG	CAC	GC	-0.99622	0.05750	0.03354	0.99622	0.02123	0.03354	0.01067	0.01067
CAG	CAA	GA	-2.22857	0.26963	0.07251	2.22857	0.02903	0.07251	0.07251	0.07251
CGT	TGT	CT	3.23129	0.00448	0.01506	-3.23129	0.11328	0.01506	0.00479	0.00479
CGT	CTT	GT	2.79709	0.00089	0.00265	-2.79709	0.01459	0.00265	0.00084	0.00084
CGT	CCT	GC	1.81486	0.00272	0.00590	-1.81486	0.01672	0.00590	0.00188	0.00188
CGT	CAT	GA	1.23294	0.01277	0.02222	-1.23294	0.04382	0.02222	0.00707	0.00707
CGC	TGC	CT	1.79413	0.03176	0.06834	-1.79413	0.19099	0.06834	0.02175	0.02175
CGC	CTC	GT	1.52346	0.00631	0.01230	-1.52346	0.02897	0.01230	0.00391	0.00391
CGC	CCC	GC	0.10569	0.01933	0.02036	-0.10569	0.02148	0.02036	0.00648	0.00648
CGC	CAC	GA	0.16446	0.09061	0.09827	-0.16446	0.10681	0.09827	0.03127	0.03127
CGC	CGT	CT	-0.84080	0.03176	0.02026	0.84080	0.01370	0.02026	0.02026	0.02026
CGA	CTA	GT	1.92665	0.00115	0.00259	-1.92665	0.00787	0.00259	0.00082	0.00082
CGA	CCA	GC	0.78543	0.00351	0.00507	-0.78543	0.00770	0.00507	0.00161	0.00161
CGA	CAA	GA	0.56798	0.01645	0.02157	-0.56798	0.02903	0.02157	0.00686	0.00686
CGA	CGT	AT	0.79507	0.00115	0.00166	-0.79507	0.00254	0.00166	0.00166	0.00166
CGA	CGC	AC	1.63587	0.00351	0.00713	-1.63587	0.01801	0.00713	0.00713	0.00713
CGG	TGG	CT	2.44469	0.01506	0.04032	-2.44469	0.17360	0.04032	0.01283	0.01283
CGG	CTG	GT	3.08949	0.00299	0.00969	-3.08949	0.06577	0.00969	0.00308	0.00308
CGG	CCG	GC	-1.73965	0.00917	0.00340	1.73965	0.00161	0.00340	0.00108	0.00108
CGG	CAG	GA	1.50319	0.04297	0.08308	-1.50319	0.19321	0.08308	0.02644	0.02644
CGG	CGT	GT	-0.49830	0.00299	0.00231	0.49830	0.00182	0.00231	0.00231	0.00231
CGG	CGC	GC	0.34251	0.00917	0.01082	-0.34251	0.01291	0.01082	0.01082	0.01082
CGG	CGA	GA	-1.29336	0.04297	0.02101	1.29336	0.01179	0.02101	0.02101	0.02101
ATT	TTT	AT	1.92629	0.00371	0.00837	-1.92629	0.02548	0.00837	0.00266	0.00266
ATT	CTT	AC	0.58295	0.01136	0.01500	-0.58295	0.02036	0.01500	0.00477	0.00477
ATC	TTC	AT	1.51282	0.01205	0.02337	-1.51282	0.05468	0.02337	0.00744	0.00744
ATC	CTC	AC	0.09200	0.03687	0.03859	-0.09200	0.04042	0.03859	0.01228	0.01228
ATC	ATT	CT	-0.05813	0.06059	0.05884	0.05813	0.05717	0.05884	0.05884	0.05884
ATA	TTA	AT	-1.16706	0.00282	0.00149	1.16706	0.00088	0.00149	0.00047	0.00047
ATA	CTA	AC	0.23992	0.00864	0.00972	-0.23992	0.01098	0.00972	0.00309	0.00309
ATA	ATT	AT	1.32247	0.00282	0.00509	-1.32247	0.01059	0.00509	0.00509	0.00509
ATA	ATC	AC	1.38060	0.00864	0.01594	-1.38060	0.03437	0.01594	0.01594	0.01594
ATG	TTG	AT	0.19789	0.00857	0.00945	-0.19789	0.01045	0.00945	0.00301	0.00301
ATG	CTG	AC	1.25219	0.02624	0.04601	-1.25219	0.09178	0.04601	0.01464	0.01464
ATG	ATT	GT	-0.12146	0.00857	0.00806	0.12146	0.00759	0.00806	0.00257	0.00257
ATG	ATC	GC	-0.06333	0.02624	0.02542	0.06333	0.02463	0.02542	0.00809	0.00809
ATG	ATA	GA	-1.44393	0.12303	0.05487	1.44393	0.02903	0.05487	0.01746	0.01746
ACT	TCT	AT	1.20716	0.00597	0.01028	-1.20716	0.01997	0.01028	0.00327	0.00327
ACT	CCT	AC	0.24430	0.01828	0.02060	-0.24430	0.02334	0.02060	0.00656	0.00656
ACT	ATT	CT	0.64358	0.03004	0.04073	-0.64358	0.05717	0.04073	0.01296	0.01296
ACC	TCC	AT	1.05128	0.01235	0.01996	-1.05128	0.03535	0.01996	0.00635	0.00635
ACC	CCC	AC	-0.23227	0.03781	0.03359	0.23227	0.02998	0.03359	0.01069	0.01069
ACC	ATC	CT	1.09350	0.06214	0.10218	-1.09350	0.18546	0.10218	0.03252	0.03252
ACC	ACT	CT	0.39180	0.06214	0.07510	-0.39180	0.09194	0.07510	0.07510	0.07510
ACA	TCA	AT	0.26139	0.00515	0.00585	-0.26139	0.00669	0.00585	0.00186	0.00186
ACA	CCA	AC	-0.38372	0.01576	0.01293	0.38372	0.01074	0.01293	0.00412	0.00412
ACA	ATA	CT	0.51759	0.02590	0.03318	-0.51759	0.04347	0.03318	0.01056	0.01056
ACA	ACT	AT	1.19648	0.00515	0.00883	-1.19648	0.01704	0.00883	0.00883	0.00883
ACA	ACC	AC	0.80468	0.01576	0.02295	-0.80468	0.03525	0.02295	0.02295	0.02295
ACG	TCG	AT	-0.90333	0.00578	0.00356	0.90333	0.00234	0.00356	0.00113	0.00113
ACG	CCG	AC	-2.06464	0.01770	0.00531	2.06464	0.00225	0.00531	0.00169	0.00169
ACG	ATG	CT	1.51231	0.02909	0.05643	-1.51231	0.13198	0.05643	0.01796	0.01796
ACG	ACT	GT	0.74727	0.00578	0.00821	-0.74727	0.01221	0.00821	0.00821	0.00821
ACG	ACC	GC	0.35548	0.01770	0.02103	-0.35548	0.02526	0.02103	0.02103	0.02103
ACG	ACA	GA	-0.44920	0.08300	0.06575	0.44920	0.05297	0.06575	0.06575	0.06575
AAT	TAT	AT	1.31190	0.00517	0.00928	-1.31190	0.01919	0.00928	0.00295	0.00295
AAT	CAT	AC	-0.26321	0.01582	0.01383	0.26321	0.01216	0.01383	0.00440	0.00440
AAT	ATT	AT	0.71799	0.00517	0.00724	-0.71799	0.01059	0.00724	0.00230	0.00230
AAT	ACT	AC	0.07441	0.01582	0.01641	-0.07441	0.01704	0.01641	0.00522	0.00522
AAC	TAC	AT	0.93955	0.01110	0.01713	-0.93955	0.02841	0.01713	0.00545	0.00545
AAC	CAC	AC	-0.13714	0.03399	0.03171	0.13714	0.02963	0.03171	0.01009	0.01009
AAC	ATC	AT	1.12986	0.01110	0.01853	-1.12986	0.03437	0.01853	0.00590	0.00590
AAC	ACC	AC	0.03636	0.03399	0.03461	-0.03636	0.03525	0.03461	0.01101	0.01101
AAC	AAT	CT	0.35374	0.05585	0.06631	-0.35374	0.07956	0.06631	0.06631	0.06631
AAA	CAA	AC	0.14536	0.00697	0.00748	-0.14536	0.00806	0.00748	0.00238	0.00238
AAA	ATA	AT	1.26411	0.00228	0.00401	-1.26411	0.00806	0.00401	0.00128	0.00128
AAA	ACA	AC	0.74653	0.00697	0.00989	-0.74653	0.01469	0.00989	0.00315	0.00315
AAA	AAT	AT	1.86859	0.00228	0.00503	-1.86859	0.01474	0.00503	0.00160	0.00160
AAA	AAC	AC	1.51485	0.00697	0.01353	-1.51485	0.03168	0.01353	0.00430	0.00430
AAG	CAG	AC	0.37850	0.03671	0.04410	-0.37850	0.05360	0.04410	0.01403	0.01403
AAG	ATG	AT	0.71261	0.01199	0.01677	-0.71261	0.02446	0.01677	0.00534	0.00534
AAG	ACG	AC	-0.79970	0.03671	0.02397	0.79970	0.01650	0.02397	0.00763	0.00763
AAG	AAT	GT	-0.12683	0.01199	0.01125	0.12683	0.01056	0.01125	0.00358	0.00358
AAG	AAC	GC	-0.48058	0.03671	0.02860	0.48058	0.02270	0.02860	0.00910	0.00910
AAG	AAA	GA	-1.99543	0.17214	0.05405	1.99543	0.02340	0.05405	0.05405	0.05405
AGT	TGT	AT	1.59887	0.00424	0.00850	-1.59887	0.02099	0.00850	0.00271	0.00271
AGT	CGT	AC	-1.63242	0.01299	0.00515	1.63242	0.00254	0.00515	0.00164	0.00164
AGT	ATT	GT	0.58171	0.00424	0.00560	-0.58171	0.00759	0.00560	0.00178	0.00178
AGT	ACT	GC	-0.06186	0.01299	0.01259	0.06186	0.01221	0.01259	0.00401	0.00401
AGT	AAT	GA	-0.13627	0.06090	0.05685	0.13627	0.05314	0.05685	0.01809	0.01809
AGC	TGC	AT	0.90486	0.01432	0.02176	-0.90486	0.03539	0.02176	0.00693	0.00693
AGC	CGC	AC	-0.88926	0.04384	0.02720	0.88926	0.01801	0.02720	0.00865	0.00865
AGC	ATC	GT	0.54220	0.01432	0.01855	-0.54220	0.02463	0.01855	0.00590	0.00590
AGC	ACC	GC	-0.55130	0.04384	0.03286	0.55130	0.02526	0.03286	0.01046	0.01046
AGC	AAC	GA	-0.58766	0.20554	0.15103	0.58766	0.11420	0.15103	0.04806	0.04806
AGC	AGT	CT	-0.09764	0.07203	0.06857	0.09764	0.06533	0.06857	0.06857	0.06857
AGA	CGA	AC	-0.87618	0.00786	0.00491	0.87618	0.00327	0.00491	0.00491	0.00491
AGA	ATA	GT	0.81056	0.00257	0.00375	-0.81056	0.00577	0.00375	0.00119	0.00119
AGA	ACA	GC	0.29297	0.00786	0.00906	-0.29297	0.01053	0.00906	0.00288	0.00288
AGA	AAA	GA	-0.45356	0.03683	0.02911	0.45356	0.02340	0.02911	0.00926	0.00926
AGA	AGT	AT	1.55131	0.00257	0.00505	-1.55131	0.01211	0.00505	0.00161	0.00161
AGA	AGC	AC	1.64895	0.00786	0.01604	-1.64895	0.04086	0.01604	0.00510	0.00510
AGG	TGG	AT	1.50615	0.00713	0.01381	-1.50615	0.03217	0.01381	0.00439	0.00439
AGG	CGG	AC	-0.93854	0.02184	0.01317	0.93854	0.00854	0.01317	0.01317	0.01317
AGG	ATG	GT	0.89877	0.00713	0.01081	-0.89877	0.01753	0.01081	0.00344	0.00344
AGG	ACG	GC	-0.61354	0.02184	0.01582	0.61354	0.01182	0.01582	0.00503	0.00503
AGG	AAG	GA	0.18615	0.10240	0.11223	-0.18615	0.12335	0.11223	0.03572	0.03572
AGG	AGT	GT	0.19559	0.00713	0.00786	-0.19559	0.00868	0.00786	0.00250	0.00250
AGG	AGC	GC	0.29323	0.02184	0.02520	-0.29323	0.02928	0.02520	0.00802	0.00802
AGG	AGA	GA	-1.35572	0.10240	0.04821	1.35572	0.02640	0.04821	0.04821	0.04821
GTT	TTT	GT	1.35251	0.00472	0.00861	-1.35251	0.01826	0.00861	0.00274	0.00274
GTT	CTT	GC	0.00918	0.01445	0.01452	-0.00918	0.01459	0.01452	0.00462	0.00462
GTT	ATT	GA	-0.57377	0.06778	0.05018	0.57377	0.03818	0.05018	0.01597	0.01597
GTC	TTC	GT	1.73244	0.00693	0.01458	-1.73244	0.03918	0.01458	0.00464	0.00464
GTC	CTC	GC	0.31162	0.02121	0.02469	-0.31162	0.02897	0.02469	0.00786	0.00786
GTC	ATC	GA	0.21962	0.09945	0.11077	-0.21962	0.12388	0.11077	0.03525	0.03525
GTC	GTT	CT	0.73526	0.03485	0.04922	-0.73526	0.07271	0.04922	0.04922	0.04922
GTA	TTA	GT	-0.38337	0.00092	0.00076	0.38337	0.00063	0.00076	0.00024	0.00024
GTA	CTA	GC	1.02361	0.00283	0.00452	-1.02361	0.00787	0.00452	0.00144	0.00144
GTA	ATA	GA	0.78369	0.01326	0.01913	-0.78369	0.02903	0.01913	0.00609	0.00609
GTA	GTT	AT	2.67993	0.00092	0.00266	-2.67993	0.01347	0.00266	0.00266	0.00266
GTA	GTC	AC	1.94467	0.00283	0.00642	-1.94467	0.01977	0.00642	0.00642	0.00642
GTG	TTG	GT	-1.14353	0.02349	0.01257	1.14353	0.00749	0.01257	0.00400	0.00400
GTG	CTG	GC	-0.08923	0.07191	0.06875	0.08923	0.06577	0.06875	0.02188	0.02188
GTG	ATG	GA	-1.34142	0.33716	0.16013	1.34142	0.08816	0.16013	0.05096	0.05096
GTG	GTT	GT	-0.88911	0.02349	0.01458	0.88911	0.00966	0.01458	0.01458	0.01458
GTG	GTC	GC	-1.62437	0.07191	0.02866	1.62437	0.01417	0.02866	0.02866	0.02866
GTG	GTA	GA	-3.56904	0.33716	0.03490	3.56904	0.00950	0.03490	0.03490	0.03490
GCT	TCT	GT	0.57410	0.00806	0.01059	-0.57410	0.01431	0.01059	0.00337	0.00337
GCT	CCT	GC	-0.38875	0.02467	0.02018	0.38875	0.01672	0.02018	0.00642	0.00642
GCT	ACT	GA	-0.63306	0.11566	0.08289	0.63306	0.06141	0.08289	0.02638	0.02638
GCT	GTT	CT	0.58429	0.04053	0.05352	-0.58429	0.07271	0.05352	0.01703	0.01703
GCC	TCC	GT	0.12992	0.02224	0.02372	-0.12992	0.02533	0.02372	0.00755	0.00755
GCC	CCC	GC	-1.15363	0.06808	0.03620	1.15363	0.02148	0.03620	0.01152	0.01152
GCC	ACC	GA	-0.92136	0.31924	0.19444	0.92136	0.12705	0.19444	0.06188	0.06188
GCC	GTC	CT	-0.04748	0.11188	0.10924	0.04748	0.10669	0.10924	0.03477	0.03477
GCC	GCT	CT	0.10349	0.11188	0.11777	-0.10349	0.12408	0.11777	0.11777	0.11777
GCA	TCA	GT	-0.32061	0.00660	0.00560	0.32061	0.00479	0.00560	0.00178	0.00178
GCA	CCA	GC	-0.96571	0.02022	0.01200	0.96571	0.00770	0.01200	0.00382	0.00382
GCA	ACA	GA	-0.58200	0.09479	0.06987	0.58200	0.05297	0.06987	0.02223	0.02223
GCA	GTA	CT	-0.84810	0.03322	0.02110	0.84810	0.01423	0.02110	0.00671	0.00671
GCA	GCT	AT	1.24754	0.00660	0.01156	-1.24754	0.02299	0.01156	0.01156	0.01156
GCA	GCC	AC	1.14405	0.02022	0.03394	-1.14405	0.06347	0.03394	0.03394	0.03394
GCG	TCG	GT	-0.41076	0.00253	0.00205	0.41076	0.00168	0.00205	0.00065	0.00065
GCG	CCG	GC	-1.57208	0.00775	0.00319	1.57208	0.00161	0.00319	0.00102	0.00102
GCG	ACG	GA	0.49256	0.03634	0.04603	-0.49256	0.05948	0.04603	0.01465	0.01465
GCG	GTG	CT	3.34629	0.01274	0.04418	-3.34629	0.36169	0.04418	0.01406	0.01406
GCG	GCT	GT	1.87289	0.00253	0.00560	-1.87289	0.01648	0.00560	0.00560	0.00560
GCG	GCC	GC	1.76940	0.00775	0.01653	-1.76940	0.04548	0.01653	0.01653	0.01653
GCG	GCA	GA	0.62536	0.03634	0.04888	-0.62536	0.06792	0.04888	0.04888	0.04888
GAT	TAT	GT	1.71232	0.00248	0.00518	-1.71232	0.01375	0.00518	0.00165	0.00165
GAT	CAT	GC	0.13721	0.00759	0.00813	-0.13721	0.00871	0.00813	0.00259	0.00259
GAT	AAT	GA	0.40042	0.03561	0.04321	-0.40042	0.05314	0.04321	0.01375	0.01375
GAT	GTT	AT	1.69218	0.00248	0.00515	-1.69218	0.01347	0.00515	0.00164	0.00164
GAT	GCT	AC	1.10789	0.00759	0.01256	-1.10789	0.02299	0.01256	0.00400	0.00400
GAC	TAC	GT	0.48457	0.01254	0.01582	-0.48457	0.02036	0.01582	0.00504	0.00504
GAC	CAC	GC	-0.59212	0.03839	0.02814	0.59212	0.02123	0.02814	0.00895	0.00895
GAC	AAC	GA	-0.45498	0.18000	0.14215	0.45498	0.11420	0.14215	0.04524	0.04524
GAC	GTC	AT	0.45526	0.01254	0.01561	-0.45526	0.01977	0.01561	0.00497	0.00497
GAC	GCC	AC	0.50274	0.03839	0.04884	-0.50274	0.06347	0.04884	0.01554	0.01554
GAC	GAT	CT	-0.50166	0.06308	0.04858	0.50166	0.03820	0.04858	0.04858	0.04858
GAA	CAA	GC	-0.89598	0.01414	0.00874	0.89598	0.00577	0.00874	0.00278	0.00278
GAA	AAA	GA	-1.04134	0.06630	0.03767	1.04134	0.02340	0.03767	0.01199	0.01199
GAA	GTA	AT	-0.56092	0.00462	0.00344	0.56092	0.00264	0.00344	0.00110	0.00110
GAA	GCA	AC	0.28718	0.01414	0.01627	-0.28718	0.01884	0.01627	0.00518	0.00518
GAA	GAT	AT	0.42683	0.00462	0.00568	-0.42683	0.00708	0.00568	0.00181	0.00181
GAA	GAC	AC	0.92849	0.01414	0.02171	-0.92849	0.03579	0.02171	0.00691	0.00691
GAG	CAG	GC	-0.08562	0.04185	0.04008	0.08562	0.03841	0.04008	0.01275	0.01275
GAG	AAG	GA	-0.46412	0.19621	0.15418	0.46412	0.12335	0.15418	0.04907	0.04907
GAG	GTG	AT	1.58991	0.01367	0.02730	-1.58991	0.06703	0.02730	0.00869	0.00869
GAG	GCG	AC	-1.75638	0.04185	0.01534	1.75638	0.00723	0.01534	0.00488	0.00488
GAG	GAT	GT	-0.99138	0.01367	0.00800	0.99138	0.00507	0.00800	0.00254	0.00254
GAG	GAC	GC	-0.48972	0.04185	0.03243	0.48972	0.02564	0.03243	0.01032	0.01032
GAG	GAA	GA	-1.41821	0.19621	0.08891	1.41821	0.04751	0.08891	0.08891	0.08891
GGT	TGT	GT	1.33661	0.00395	0.00717	-1.33661	0.01504	0.00717	0.00228	0.00228
GGT	CGT	GC	-1.89468	0.01210	0.00406	1.89468	0.00182	0.00406	0.00129	0.00129
GGT	AGT	GA	-0.26226	0.05673	0.04961	0.26226	0.04364	0.04961	0.01579	0.01579
GGT	GTT	GT	0.89323	0.00395	0.00598	-0.89323	0.00966	0.00598	0.00190	0.00190
GGT	GCT	GC	0.30894	0.01210	0.01406	-0.30894	0.01648	0.01406	0.00448	0.00448
GGT	GAT	GA	-0.79895	0.05673	0.03705	0.79895	0.02552	0.03705	0.01179	0.01179
GGC	TGC	GT	0.50459	0.01531	0.01950	-0.50459	0.02536	0.01950	0.00621	0.00621
GGC	CGC	GC	-1.28953	0.04687	0.02297	1.28953	0.01291	0.02297	0.00731	0.00731
GGC	AGC	GA	-0.40027	0.21978	0.17872	0.40027	0.14728	0.17872	0.05688	0.05688
GGC	GTC	GT	-0.07769	0.01531	0.01473	0.07769	0.01417	0.01473	0.00469	0.00469
GGC	GCC	GC	-0.03021	0.04687	0.04617	0.03021	0.04548	0.04617	0.01469	0.01469
GGC	GAC	GA	-0.53295	0.21978	0.16639	0.53295	0.12898	0.16639	0.05295	0.05295
GGC	GGT	CT	-0.23566	0.07702	0.06830	0.23566	0.06085	0.06830	0.06830	0.06830
GGA	CGA	GC	-1.46150	0.01011	0.00446	1.46150	0.00234	0.00446	0.00142	0.00142
GGA	AGA	GA	-0.58532	0.04739	0.03487	0.58532	0.02640	0.03487	0.01110	0.01110
GGA	GTA	GT	-0.55846	0.00330	0.00247	0.55846	0.00189	0.00247	0.00078	0.00078
GGA	GCA	GC	0.28964	0.01011	0.01164	-0.28964	0.01350	0.01164	0.00371	0.00371
GGA	GAA	GA	0.00246	0.04739	0.04745	-0.00246	0.04751	0.04745	0.01510	0.01510
GGA	GGT	AT	1.22824	0.00330	0.00574	-1.22824	0.01128	0.00574	0.00574	0.00574
GGA	GGC	AC	1.46390	0.01011	0.01925	-1.46390	0.04369	0.01925	0.01925	0.01925
GGG	TGG	GT	0.65346	0.01199	0.01634	-0.65346	0.02305	0.01634	0.00520	0.00520
GGG	CGG	GC	-1.79123	0.03671	0.01316	1.79123	0.00612	0.01316	0.00419	0.00419
GGG	AGG	GA	-0.85269	0.17214	0.10906	0.85269	0.07338	0.10906	0.03471	0.03471
GGG	GTG	GT	1.38749	0.01199	0.02218	-1.38749	0.04803	0.02218	0.00706	0.00706
GGG	GCG	GC	-1.95880	0.03671	0.01181	1.95880	0.00518	0.01181	0.00376	0.00376
GGG	GAG	GA	-0.20242	0.17214	0.15531	0.20242	0.14060	0.15531	0.04943	0.04943
GGG	GGT	GT	-0.39484	0.01199	0.00978	0.39484	0.00808	0.00978	0.00978	0.00978
GGG	GGC	GC	-0.15919	0.03671	0.03387	0.15919	0.03131	0.03387	0.03387	0.03387
GGG	GGA	GA	-1.62309	0.17214	0.06867	1.62309	0.03396	0.06867	0.06867	0.06867


Histograms
2Ns	FMut	FSub(CodonUsage)	FSubw(after w)

-4.59918	0.02353	0.00117	0.00074
-4.13926	0.00247	0.00022	0.00014
-3.67934	0.01523	0.00198	0.00395
-3.21942	0.02935	0.00479	0.00323
-2.75951	0.00684	0.00164	0.00217
-2.29959	0.04390	0.01348	0.02373
-1.83967	0.05172	0.02348	0.03054
-1.37975	0.17460	0.10072	0.08989
-0.91984	0.11728	0.08905	0.09229
-0.45992	0.17787	0.17478	0.17112
0.00000	0.14153	0.17735	0.16442
0.45992	0.11110	0.17478	0.17112
0.91984	0.04619	0.08905	0.09229
1.37975	0.04330	0.10072	0.08989
1.83967	0.00876	0.02348	0.03054
2.29959	0.00411	0.01348	0.02373
2.75951	0.00045	0.00164	0.00217
3.21942	0.00113	0.00479	0.00323
3.67934	0.00043	0.00198	0.00395
4.13926	0.00004	0.00022	0.00014
4.59918	0.00019	0.00117	0.00074

Proportion of advantageous (S > 0) mutations:
 0.28205

Proportions of good & bad mutations (|S| > 2.0000) among mutations:
0.00645  0.12212

mean |Ns| = 1.13293	mean Ns+ = 0.69218	mean Ns- = -1.30608

