Supplemental results for CODEML (seqf: paml_alt_hominini_selected_removal_dna_aligned_combined_TAS1R3  treef: paml_alt_hominini_ML_tree_selected_removal_dna_aligned_combined_TAS1R3.txt)

I	J	ij	2Ns_IJ	pMut_IJ	pSub_IJ	2Ns_JI	pMut_JI	pSub_JI

TTC	TTT	CT	-0.54551	0.10103	0.07596	0.54551	0.05855	0.07596	0.07596	0.07596
TTA	TTT	AT	4.00027	0.00013	0.00053	-4.00027	0.00707	0.00053	0.00053	0.00053
TTA	TTC	AC	4.54578	0.00056	0.00258	-4.54578	0.05290	0.00258	0.00258	0.00258
TTG	TTT	GT	1.40577	0.00145	0.00270	-1.40577	0.00590	0.00270	0.00270	0.00270
TTG	TTC	GC	1.95128	0.00628	0.01428	-1.95128	0.04418	0.01428	0.01428	0.01428
TTG	TTA	GA	-2.59450	0.03802	0.00796	2.59450	0.00284	0.00796	0.00796	0.00796
TCT	TTT	CT	2.17315	0.00666	0.01634	-2.17315	0.05855	0.01634	0.01634	0.01634
TCC	TTC	CT	2.63536	0.03140	0.08915	-2.63536	0.43804	0.08915	0.08915	0.08915
TCC	TCT	CT	-0.08330	0.03140	0.03011	0.08330	0.02889	0.03011	0.03011	0.03011
TCA	TTA	CT	-1.28202	0.01433	0.00705	1.28202	0.00398	0.00705	0.00705	0.00705
TCA	TCT	AT	0.54510	0.00202	0.00262	-0.54510	0.00349	0.00262	0.00262	0.00262
TCA	TCC	AC	0.62840	0.00877	0.01181	-0.62840	0.01644	0.01181	0.01181	0.01181
TCG	TTG	CT	0.70003	0.02207	0.03070	-0.70003	0.04445	0.03070	0.03070	0.03070
TCG	TCT	GT	-0.06735	0.00312	0.00301	0.06735	0.00291	0.00301	0.00301	0.00301
TCG	TCC	GC	0.01595	0.01351	0.01362	-0.01595	0.01373	0.01362	0.01362	0.01362
TCG	TCA	GA	-0.61245	0.08186	0.05933	0.61245	0.04437	0.05933	0.05933	0.05933
TAT	TTT	AT	1.94448	0.00101	0.00230	-1.94448	0.00707	0.00230	0.00230	0.00230
TAT	TCT	AC	-0.22867	0.00439	0.00390	0.22867	0.00349	0.00390	0.00390	0.00390
TAC	TTC	AT	2.11047	0.00641	0.01539	-2.11047	0.05290	0.01539	0.01539	0.01539
TAC	TCC	AC	-0.52489	0.02779	0.02114	0.52489	0.01644	0.02114	0.02114	0.02114
TAC	TAT	CT	-0.37952	0.04540	0.03733	0.37952	0.03106	0.03733	0.03733	0.03733
TGT	TTT	GT	1.49123	0.00133	0.00256	-1.49123	0.00590	0.00256	0.00256	0.00256
TGT	TCT	GC	-0.68192	0.00576	0.00402	0.68192	0.00291	0.00402	0.00402	0.00402
TGT	TAT	GA	-0.45325	0.03491	0.02759	0.45325	0.02218	0.02759	0.02759	0.02759
TGC	TTC	GT	1.41431	0.01074	0.02007	-1.41431	0.04418	0.02007	0.02007	0.02007
TGC	TCC	GC	-1.22105	0.04656	0.02378	1.22105	0.01373	0.02378	0.02378	0.02378
TGC	TAC	GA	-0.69616	0.28203	0.19516	0.69616	0.14059	0.19516	0.19516	0.19516
TGC	TGT	CT	-0.62243	0.07605	0.05482	0.62243	0.04081	0.05482	0.05482	0.05482
TGG	TTG	GT	-0.56557	0.00789	0.00587	0.56557	0.00448	0.00587	0.00587	0.00587
TGG	TCG	GC	-1.26560	0.03422	0.01702	1.26560	0.00965	0.01702	0.01702	0.01702
TGG	TGT	GT	-0.65103	0.00789	0.00560	0.65103	0.00412	0.00560	0.00560	0.00560
TGG	TGC	GC	-0.02859	0.03422	0.03373	0.02859	0.03326	0.03373	0.03373	0.03373
CTT	TTT	CT	1.41938	0.01416	0.02651	-1.41938	0.05855	0.02651	0.02651	0.02651
CTC	TTC	CT	1.72173	0.07830	0.16416	-1.72173	0.43804	0.16416	0.16416	0.16416
CTC	CTT	CT	-0.24317	0.07830	0.06917	0.24317	0.06140	0.06917	0.06917	0.06917
CTA	TTA	CT	-1.06900	0.01158	0.00647	1.06900	0.00398	0.00647	0.00647	0.00647
CTA	CTT	AT	1.51189	0.00163	0.00317	-1.51189	0.00741	0.00317	0.00317	0.00317
CTA	CTC	AC	1.75506	0.00709	0.01504	-1.75506	0.04100	0.01504	0.01504	0.01504
CTG	TTG	CT	-1.67215	0.23666	0.09153	1.67215	0.04445	0.09153	0.09153	0.09153
CTG	CTT	GT	-1.68576	0.03342	0.01281	1.68576	0.00619	0.01281	0.01281	0.01281
CTG	CTC	GC	-1.44259	0.14489	0.06468	1.44259	0.03424	0.06468	0.06468	0.06468
CTG	CTA	GA	-3.19765	0.87759	0.11954	3.19765	0.03586	0.11954	0.11954	0.11954
CCT	TCT	CT	0.45078	0.01841	0.02287	-0.45078	0.02889	0.02287	0.02287	0.02287
CCT	CTT	CT	1.20455	0.01841	0.03167	-1.20455	0.06140	0.03167	0.03167	0.03167
CCC	TCC	CT	0.69352	0.06806	0.09436	-0.69352	0.13616	0.09436	0.09436	0.09436
CCC	CTC	CT	1.60716	0.06806	0.13680	-1.60716	0.33951	0.13680	0.13680	0.13680
CCC	CCT	CT	0.15944	0.06806	0.07363	-0.15944	0.07982	0.07363	0.07363	0.07363
CCA	TCA	CT	1.16767	0.01933	0.03276	-1.16767	0.06212	0.03276	0.03276	0.03276
CCA	CTA	CT	0.95465	0.01933	0.03000	-0.95465	0.05020	0.03000	0.03000	0.03000
CCA	CCT	AT	1.26199	0.00273	0.00480	-1.26199	0.00964	0.00480	0.00480	0.00480
CCA	CCC	AC	1.10255	0.01183	0.01953	-1.10255	0.03564	0.01953	0.01953	0.01953
CCG	TCG	CT	1.28774	0.02641	0.04696	-1.28774	0.09571	0.04696	0.04696	0.04696
CCG	CTG	CT	3.65993	0.02641	0.09920	-3.65993	1.02610	0.09920	0.09920	0.09920
CCG	CCT	GT	0.76962	0.00373	0.00535	-0.76962	0.00805	0.00535	0.00535	0.00535
CCG	CCC	GC	0.61018	0.01617	0.02160	-0.61018	0.02976	0.02160	0.02160	0.02160
CCG	CCA	GA	-0.49238	0.09792	0.07578	0.49238	0.05985	0.07578	0.07578	0.07578
CAT	TAT	CT	1.79413	0.00516	0.01111	-1.79413	0.03106	0.01111	0.01111	0.01111
CAT	CTT	AT	2.31923	0.00073	0.00188	-2.31923	0.00741	0.00188	0.00188	0.00188
CAT	CCT	AC	1.11468	0.00316	0.00525	-1.11468	0.00964	0.00525	0.00525	0.00525
CAC	TAC	CT	1.28919	0.05423	0.09649	-1.28919	0.19684	0.09649	0.09649	0.09649
CAC	CTC	AT	1.67794	0.00766	0.01580	-1.67794	0.04100	0.01580	0.01580	0.01580
CAC	CCC	AC	0.07078	0.03320	0.03439	-0.07078	0.03564	0.03439	0.03439	0.03439
CAC	CAT	CT	-0.88446	0.05423	0.03374	0.88446	0.02239	0.03374	0.03374	0.03374
CAA	CTA	AT	2.29380	0.00061	0.00156	-2.29380	0.00606	0.00156	0.00156	0.00156
CAA	CCA	AC	1.33914	0.00265	0.00481	-1.33914	0.01012	0.00481	0.00481	0.00481
CAA	CAT	AT	1.48646	0.00061	0.00117	-1.48646	0.00270	0.00117	0.00117	0.00117
CAA	CAC	AC	2.37092	0.00265	0.00694	-2.37092	0.02839	0.00694	0.00694	0.00694
CAG	CTG	AT	2.09159	0.01530	0.03652	-2.09159	0.12392	0.03652	0.03652	0.03652
CAG	CCG	AC	-1.56834	0.06635	0.02739	1.56834	0.01383	0.02739	0.02739	0.02739
CAG	CAT	GT	-1.91340	0.01530	0.00507	1.91340	0.00226	0.00507	0.00507	0.00507
CAG	CAC	GC	-1.02894	0.06635	0.03797	1.02894	0.02371	0.03797	0.03797	0.03797
CAG	CAA	GA	-3.39986	0.40188	0.04718	3.39986	0.01341	0.04718	0.04718	0.04718
CGT	TGT	CT	1.21070	0.01216	0.02097	-1.21070	0.04081	0.02097	0.02097	0.02097
CGT	CTT	GT	1.28255	0.00172	0.00305	-1.28255	0.00619	0.00305	0.00305	0.00305
CGT	CCT	GC	0.07799	0.00745	0.00774	-0.07799	0.00805	0.00774	0.00774	0.00774
CGT	CAT	GA	-1.03668	0.04510	0.02569	1.03668	0.01599	0.02569	0.02569	0.02569
CGC	TGC	CT	1.87183	0.05073	0.11222	-1.87183	0.32975	0.11222	0.11222	0.11222
CGC	CTC	GT	1.56442	0.00716	0.01417	-1.56442	0.03424	0.01417	0.01417	0.01417
CGC	CCC	GC	-0.04274	0.03106	0.03040	0.04274	0.02976	0.03040	0.03040	0.03040
CGC	CAC	GA	-0.11352	0.18812	0.17764	0.11352	0.16793	0.17764	0.17764	0.17764
CGC	CGT	CT	0.03870	0.05073	0.05172	-0.03870	0.05273	0.05172	0.05172	0.05172
CGA	CTA	GT	2.48131	0.00042	0.00115	-2.48131	0.00506	0.00115	0.00115	0.00115
CGA	CCA	GC	1.52666	0.00184	0.00358	-1.52666	0.00845	0.00358	0.00358	0.00358
CGA	CAA	GA	0.18751	0.01112	0.01220	-0.18751	0.01341	0.01220	0.01220	0.01220
CGA	CGT	AT	2.71065	0.00042	0.00123	-2.71065	0.00637	0.00123	0.00123	0.00123
CGA	CGC	AC	2.67195	0.00184	0.00527	-2.67195	0.02656	0.00527	0.00527	0.00527
CGG	TGG	CT	1.83580	0.03865	0.08442	-1.83580	0.24235	0.08442	0.08442	0.08442
CGG	CTG	GT	2.94238	0.00546	0.01695	-2.94238	0.10348	0.01695	0.01695	0.01695
CGG	CCG	GC	-0.71754	0.02366	0.01618	0.71754	0.01155	0.01618	0.01618	0.01618
CGG	CAG	GA	0.85079	0.14333	0.21285	-0.85079	0.33561	0.21285	0.21285	0.21285
CGG	CGT	GT	-0.02592	0.00546	0.00539	0.02592	0.00532	0.00539	0.00539	0.00539
CGG	CGC	GC	-0.06463	0.02366	0.02291	0.06463	0.02218	0.02291	0.02291	0.02291
CGG	CGA	GA	-2.73658	0.14333	0.02717	2.73658	0.00929	0.02717	0.02717	0.02717
ATT	TTT	AT	2.22444	0.00076	0.00191	-2.22444	0.00707	0.00191	0.00191	0.00191
ATT	CTT	AC	0.80506	0.00331	0.00483	-0.80506	0.00741	0.00483	0.00483	0.00483
ATC	TTC	AT	2.44255	0.00460	0.01230	-2.44255	0.05290	0.01230	0.01230	0.01230
ATC	CTC	AC	0.72082	0.01994	0.02798	-0.72082	0.04100	0.02798	0.02798	0.02798
ATC	ATT	CT	-0.32740	0.03257	0.02753	0.32740	0.02348	0.02753	0.02753	0.02753
ATA	TTA	AT	0.45103	0.00031	0.00038	-0.45103	0.00048	0.00038	0.00038	0.00038
ATA	CTA	AC	1.52003	0.00133	0.00258	-1.52003	0.00606	0.00258	0.00258	0.00258
ATA	ATT	AT	2.22686	0.00031	0.00076	-2.22686	0.00284	0.00076	0.00076	0.00076
ATA	ATC	AC	2.55426	0.00133	0.00367	-2.55426	0.01705	0.00367	0.00367	0.00367
ATG	TTG	AT	-0.22398	0.00672	0.00599	0.22398	0.00537	0.00599	0.00599	0.00599
ATG	CTG	AC	1.44817	0.02912	0.05513	-1.44817	0.12392	0.05513	0.05513	0.05513
ATG	ATT	GT	-1.04265	0.00672	0.00381	1.04265	0.00237	0.00381	0.00381	0.00381
ATG	ATC	GC	-0.71524	0.02912	0.01994	0.71524	0.01424	0.01994	0.01994	0.01994
ATG	ATA	GA	-3.26950	0.17638	0.02280	3.26950	0.00671	0.02280	0.02280	0.02280
ACT	TCT	AT	1.82139	0.00056	0.00123	-1.82139	0.00349	0.00123	0.00123	0.00123
ACT	CCT	AC	1.37061	0.00245	0.00450	-1.37061	0.00964	0.00450	0.00450	0.00450
ACT	ATT	CT	1.77010	0.00400	0.00853	-1.77010	0.02348	0.00853	0.00853	0.00853
ACC	TCC	AT	1.04841	0.00576	0.00930	-1.04841	0.01644	0.00930	0.00930	0.00930
ACC	CCC	AC	0.35488	0.02499	0.02969	-0.35488	0.03564	0.02969	0.02969	0.02969
ACC	ATC	CT	1.24122	0.04082	0.07126	-1.24122	0.14122	0.07126	0.07126	0.07126
ACC	ACT	CT	-0.85629	0.04082	0.02581	0.85629	0.01734	0.02581	0.02581	0.02581
ACA	TCA	AT	0.96089	0.00287	0.00447	-0.96089	0.00750	0.00447	0.00447	0.00447
ACA	CCA	AC	-0.20678	0.01244	0.01120	0.20678	0.01012	0.01120	0.01120	0.01120
ACA	ATA	CT	-0.77216	0.02033	0.01348	0.77216	0.00939	0.01348	0.01348	0.01348
ACA	ACT	AT	-0.31540	0.00287	0.00244	0.31540	0.00209	0.00244	0.00244	0.00244
ACA	ACC	AC	0.54089	0.01244	0.01611	-0.54089	0.02137	0.01611	0.01611	0.01611
ACG	TCG	AT	1.03522	0.00410	0.00659	-1.03522	0.01156	0.00659	0.00659	0.00659
ACG	CCG	AC	-0.25252	0.01780	0.01565	0.25252	0.01383	0.01565	0.01565	0.01565
ACG	ATG	CT	1.95923	0.02907	0.06631	-1.95923	0.20623	0.06631	0.06631	0.06631
ACG	ACT	GT	-0.85352	0.00410	0.00260	0.85352	0.00175	0.00260	0.00260	0.00260
ACG	ACC	GC	0.00277	0.01780	0.01782	-0.00277	0.01785	0.01782	0.01782	0.01782
ACG	ACA	GA	-0.53811	0.10781	0.08139	0.53811	0.06294	0.08139	0.08139	0.08139
AAT	TAT	AT	1.46085	0.00087	0.00166	-1.46085	0.00375	0.00166	0.00166	0.00166
AAT	CAT	AC	-0.33328	0.00377	0.00318	0.33328	0.00270	0.00318	0.00318	0.00318
AAT	ATT	AT	1.18089	0.00087	0.00148	-1.18089	0.00284	0.00148	0.00148	0.00148
AAT	ACT	AC	-0.58921	0.00377	0.00277	0.58921	0.00209	0.00277	0.00277	0.00277
AAC	TAC	AT	1.12824	0.00769	0.01283	-1.12824	0.02377	0.01283	0.01283	0.01283
AAC	CAC	AC	-0.16095	0.03335	0.03074	0.16095	0.02839	0.03074	0.03074	0.03074
AAC	ATC	AT	0.79617	0.00769	0.01116	-0.79617	0.01705	0.01116	0.01116	0.01116
AAC	ACC	AC	-0.44505	0.03335	0.02648	0.44505	0.02137	0.02648	0.02648	0.02648
AAC	AAT	CT	-0.71213	0.05448	0.03736	0.71213	0.02673	0.03736	0.03736	0.03736
AAA	CAA	AC	0.21137	0.00184	0.00204	-0.21137	0.00227	0.00204	0.00204	0.00204
AAA	ATA	AT	0.98514	0.00042	0.00067	-0.98514	0.00113	0.00067	0.00067	0.00067
AAA	ACA	AC	1.75730	0.00184	0.00390	-1.75730	0.01064	0.00390	0.00390	0.00390
AAA	AAT	AT	2.03111	0.00042	0.00099	-2.03111	0.00323	0.00099	0.00099	0.00099
AAA	AAC	AC	2.74324	0.00184	0.00538	-2.74324	0.02853	0.00538	0.00538	0.00538
AAG	CAG	AC	0.83867	0.02453	0.03624	-0.83867	0.05675	0.03624	0.03624	0.03624
AAG	ATG	AT	1.48209	0.00566	0.01085	-1.48209	0.02491	0.01085	0.01085	0.01085
AAG	ACG	AC	-0.47715	0.02453	0.01914	0.47715	0.01522	0.01914	0.01914	0.01914
AAG	AAT	GT	-0.74145	0.00566	0.00382	0.74145	0.00270	0.00382	0.00382	0.00382
AAG	AAC	GC	-0.02932	0.02453	0.02417	0.02932	0.02382	0.02417	0.02417	0.02417
AAG	AAA	GA	-2.77256	0.14858	0.02746	2.77256	0.00929	0.02746	0.02746	0.02746
AGT	TGT	AT	1.35582	0.00127	0.00232	-1.35582	0.00493	0.00232	0.00232	0.00232
AGT	CGT	AC	0.14513	0.00551	0.00592	-0.14513	0.00637	0.00592	0.00592	0.00592
AGT	ATT	GT	0.62261	0.00127	0.00171	-0.62261	0.00237	0.00171	0.00171	0.00171
AGT	ACT	GC	-1.14749	0.00551	0.00294	1.14749	0.00175	0.00294	0.00294	0.00294
AGT	AAT	GA	-0.55828	0.03336	0.02491	0.55828	0.01909	0.02491	0.02491	0.02491
AGC	TGC	AT	1.16317	0.01244	0.02105	-1.16317	0.03982	0.02105	0.02105	0.02105
AGC	CGC	AC	-0.70867	0.05396	0.03708	0.70867	0.02656	0.03708	0.03708	0.03708
AGC	ATC	GT	0.13493	0.01244	0.01330	-0.13493	0.01424	0.01330	0.01330	0.01330
AGC	ACC	GC	-1.10629	0.05396	0.02950	1.10629	0.01785	0.02950	0.02950	0.02950
AGC	AAC	GA	-0.66124	0.32682	0.23059	0.66124	0.16871	0.23059	0.23059	0.23059
AGC	AGT	CT	-0.81509	0.08813	0.05704	0.81509	0.03901	0.05704	0.05704	0.05704
AGA	CGA	AC	1.02927	0.00056	0.00090	-1.02927	0.00157	0.00090	0.00090	0.00090
AGA	ATA	GT	1.99056	0.00013	0.00030	-1.99056	0.00095	0.00030	0.00030	0.00030
AGA	ACA	GC	2.76271	0.00056	0.00165	-2.76271	0.00889	0.00165	0.00165	0.00165
AGA	AAA	GA	1.00541	0.00340	0.00539	-1.00541	0.00929	0.00539	0.00539	0.00539
AGA	AGT	AT	3.59480	0.00013	0.00048	-3.59480	0.00471	0.00048	0.00048	0.00048
AGA	AGC	AC	4.40989	0.00056	0.00250	-4.40989	0.04615	0.00250	0.00250	0.00250
AGG	TGG	AT	2.13575	0.00346	0.00838	-2.13575	0.02927	0.00838	0.00838	0.00838
AGG	CGG	AC	0.29995	0.01499	0.01735	-0.29995	0.02024	0.01735	0.01735	0.01735
AGG	ATG	GT	1.79416	0.00346	0.00744	-1.79416	0.02080	0.00744	0.00744	0.00744
AGG	ACG	GC	-0.16507	0.01499	0.01379	0.16507	0.01271	0.01379	0.01379	0.01379
AGG	AAG	GA	0.31208	0.09082	0.10572	-0.31208	0.12408	0.10572	0.10572	0.10572
AGG	AGT	GT	0.12891	0.00346	0.00369	-0.12891	0.00393	0.00369	0.00369	0.00369
AGG	AGC	GC	0.94399	0.01499	0.02317	-0.94399	0.03854	0.02317	0.02317	0.02317
AGG	AGA	GA	-3.46590	0.09082	0.01015	3.46590	0.00284	0.01015	0.01015	0.01015
GTT	TTT	GT	2.45741	0.00051	0.00136	-2.45741	0.00590	0.00136	0.00136	0.00136
GTT	CTT	GC	1.03804	0.00219	0.00352	-1.03804	0.00619	0.00352	0.00352	0.00352
GTT	ATT	GA	0.23298	0.01328	0.01489	-0.23298	0.01677	0.01489	0.01489	0.01489
GTC	TTC	GT	2.16031	0.00509	0.01244	-2.16031	0.04418	0.01244	0.01244	0.01244
GTC	CTC	GC	0.43858	0.02208	0.02728	-0.43858	0.03424	0.02728	0.02728	0.02728
GTC	ATC	GA	-0.28224	0.13375	0.11577	0.28224	0.10086	0.11577	0.11577	0.11577
GTC	GTT	CT	-0.84262	0.03607	0.02298	0.84262	0.01553	0.02298	0.02298	0.02298
GTA	TTA	GT	-0.02644	0.00041	0.00041	0.02644	0.00040	0.00041	0.00041	0.00041
GTA	CTA	GC	1.04256	0.00178	0.00287	-1.04256	0.00506	0.00287	0.00287	0.00287
GTA	ATA	GA	-0.47746	0.01081	0.00844	0.47746	0.00671	0.00844	0.00844	0.00844
GTA	GTT	AT	1.51642	0.00041	0.00080	-1.51642	0.00188	0.00080	0.00080	0.00080
GTA	GTC	AC	2.35904	0.00178	0.00465	-2.35904	0.01889	0.00465	0.00465	0.00465
GTG	TTG	GT	-1.50046	0.02010	0.00866	1.50046	0.00448	0.00866	0.00866	0.00866
GTG	CTG	GC	0.17169	0.08716	0.09485	-0.17169	0.10348	0.09485	0.09485	0.09485
GTG	ATG	GA	-1.27649	0.52791	0.26078	1.27649	0.14730	0.26078	0.26078	0.26078
GTG	GTT	GT	-2.55211	0.02010	0.00434	2.55211	0.00157	0.00434	0.00434	0.00434
GTG	GTC	GC	-1.70949	0.08716	0.03292	1.70949	0.01577	0.03292	0.03292	0.03292
GTG	GTA	GA	-4.06853	0.52791	0.03737	4.06853	0.00903	0.03737	0.03737	0.03737
GCT	TCT	GT	-0.32826	0.00405	0.00342	0.32826	0.00291	0.00342	0.00342	0.00342
GCT	CCT	GC	-0.77904	0.01754	0.01159	0.77904	0.00805	0.01159	0.01159	0.01159
GCT	ACT	GA	-2.14965	0.10626	0.03013	2.14965	0.01238	0.03013	0.03013	0.03013
GCT	GTT	CT	-0.61253	0.02866	0.02077	0.61253	0.01553	0.02077	0.02077	0.02077
GCC	TCC	GT	-0.38573	0.02020	0.01655	0.38573	0.01373	0.01655	0.01655	0.01655
GCC	CCC	GC	-1.07926	0.08757	0.04865	1.07926	0.02976	0.04865	0.04865	0.04865
GCC	ACC	GA	-1.43414	0.53038	0.23800	1.43414	0.12640	0.23800	0.23800	0.23800
GCC	GTC	CT	0.08932	0.14303	0.14951	-0.08932	0.15639	0.14951	0.14951	0.14951
GCC	GCT	CT	-0.14078	0.14303	0.13320	0.14078	0.12425	0.13320	0.13320	0.13320
GCA	TCA	GT	0.80979	0.00279	0.00407	-0.80979	0.00627	0.00407	0.00407	0.00407
GCA	CCA	GC	-0.35788	0.01209	0.01005	0.35788	0.00845	0.01005	0.01005	0.01005
GCA	ACA	GA	-0.15110	0.07321	0.06782	0.15110	0.06294	0.06782	0.06782	0.06782
GCA	GTA	CT	-0.44580	0.01974	0.01567	0.44580	0.01264	0.01567	0.01567	0.01567
GCA	GCT	AT	1.68315	0.00279	0.00576	-1.68315	0.01500	0.00576	0.00576	0.00576
GCA	GCC	AC	1.82392	0.01209	0.02629	-1.82392	0.07489	0.02629	0.02629	0.02629
GCG	TCG	GT	0.95118	0.00373	0.00578	-0.95118	0.00965	0.00578	0.00578	0.00578
GCG	CCG	GC	-0.33656	0.01617	0.01360	0.33656	0.01155	0.01360	0.01360	0.01360
GCG	ACG	GA	-0.08404	0.09792	0.09386	0.08404	0.09003	0.09386	0.09386	0.09386
GCG	GTG	CT	3.15168	0.02641	0.08694	-3.15168	0.61725	0.08694	0.08694	0.08694
GCG	GCT	GT	1.21209	0.00373	0.00643	-1.21209	0.01253	0.00643	0.00643	0.00643
GCG	GCC	GC	1.35287	0.01617	0.02950	-1.35287	0.06254	0.02950	0.02950	0.02950
GCG	GCA	GA	-0.47105	0.09792	0.07666	0.47105	0.06114	0.07666	0.07666	0.07666
GAT	TAT	GT	0.94997	0.00121	0.00188	-0.94997	0.00313	0.00188	0.00188	0.00188
GAT	CAT	GC	-0.84416	0.00525	0.00334	0.84416	0.00226	0.00334	0.00334	0.00334
GAT	AAT	GA	-0.51087	0.03182	0.02438	0.51087	0.01909	0.02438	0.02438	0.02438
GAT	GTT	AT	0.43704	0.00121	0.00150	-0.43704	0.00188	0.00150	0.00150	0.00150
GAT	GCT	AC	1.04956	0.00525	0.00848	-1.04956	0.01500	0.00848	0.00848	0.00848
GAC	TAC	GT	0.76801	0.00921	0.01319	-0.76801	0.01985	0.01319	0.01319	0.01319
GAC	CAC	GC	-0.52118	0.03993	0.03043	0.52118	0.02371	0.03043	0.03043	0.03043
GAC	AAC	GA	-0.36024	0.24187	0.20091	0.36024	0.16871	0.20091	0.20091	0.20091
GAC	GTC	AT	0.71817	0.00921	0.01291	-0.71817	0.01889	0.01291	0.01291	0.01291
GAC	GCC	AC	0.62885	0.03993	0.05380	-0.62885	0.07489	0.05380	0.05380	0.05380
GAC	GAT	CT	-0.56149	0.06522	0.04862	0.56149	0.03720	0.04862	0.04862	0.04862
GAA	CAA	GC	-0.25652	0.00245	0.00215	0.25652	0.00189	0.00215	0.00215	0.00215
GAA	AAA	GA	-0.46789	0.01483	0.01163	0.46789	0.00929	0.01163	0.01163	0.01163
GAA	GTA	AT	0.99471	0.00056	0.00089	-0.99471	0.00153	0.00089	0.00089	0.00089
GAA	GCA	AC	1.44051	0.00245	0.00462	-1.44051	0.01034	0.00462	0.00462	0.00462
GAA	GAT	AT	2.07409	0.00056	0.00134	-2.07409	0.00449	0.00134	0.00134	0.00134
GAA	GAC	AC	2.63558	0.00245	0.00695	-2.63558	0.03415	0.00695	0.00695	0.00695
GAG	CAG	GC	-0.10686	0.05273	0.04997	0.10686	0.04739	0.04997	0.04997	0.04997
GAG	AAG	GA	-0.94553	0.31940	0.19185	0.94553	0.12408	0.19185	0.19185	0.19185
GAG	GTG	AT	1.81304	0.01216	0.02635	-1.81304	0.07454	0.02635	0.02635	0.02635
GAG	GCG	AC	-1.33864	0.05273	0.02509	1.33864	0.01383	0.02509	0.02509	0.02509
GAG	GAT	GT	-1.17611	0.01216	0.00638	1.17611	0.00375	0.00638	0.00638	0.00638
GAG	GAC	GC	-0.61462	0.05273	0.03818	0.61462	0.02852	0.03818	0.03818	0.03818
GAG	GAA	GA	-3.25020	0.31940	0.04187	3.25020	0.01238	0.04187	0.04187	0.04187
GGT	TGT	GT	1.16639	0.00128	0.00217	-1.16639	0.00412	0.00217	0.00217	0.00217
GGT	CGT	GC	-0.04430	0.00556	0.00544	0.04430	0.00532	0.00544	0.00544	0.00544
GGT	AGT	GA	-0.18943	0.03367	0.03058	0.18943	0.02786	0.03058	0.03058	0.03058
GGT	GTT	GT	0.20021	0.00128	0.00141	-0.20021	0.00157	0.00141	0.00141	0.00141
GGT	GCT	GC	0.81273	0.00556	0.00812	-0.81273	0.01253	0.00812	0.00812	0.00812
GGT	GAT	GA	-0.23683	0.03367	0.02984	0.23683	0.02657	0.02984	0.02984	0.02984
GGC	TGC	GT	0.77007	0.01540	0.02208	-0.77007	0.03326	0.02208	0.02208	0.02208
GGC	CGC	GC	-1.10176	0.06676	0.03660	1.10176	0.02218	0.03660	0.03660	0.03660
GGC	AGC	GA	-0.39309	0.40435	0.33007	0.39309	0.27292	0.33007	0.33007	0.33007
GGC	GTC	GT	0.02407	0.01540	0.01558	-0.02407	0.01577	0.01558	0.01558	0.01558
GGC	GCC	GC	-0.06525	0.06676	0.06460	0.06525	0.06254	0.06460	0.06460	0.06460
GGC	GAC	GA	-0.69410	0.40435	0.28013	0.69410	0.20198	0.28013	0.28013	0.28013
GGC	GGT	CT	-1.01876	0.10904	0.06277	1.01876	0.03937	0.06277	0.06277	0.06277
GGA	CGA	GC	-0.83058	0.00301	0.00193	0.83058	0.00131	0.00193	0.00193	0.00193
GGA	AGA	GA	-1.85985	0.01823	0.00625	1.85985	0.00284	0.00625	0.00625	0.00625
GGA	GTA	GT	0.60817	0.00069	0.00093	-0.60817	0.00127	0.00093	0.00093	0.00093
GGA	GCA	GC	1.05396	0.00301	0.00487	-1.05396	0.00863	0.00487	0.00487	0.00487
GGA	GAA	GA	-0.38655	0.01823	0.01493	0.38655	0.01238	0.01493	0.01493	0.01493
GGA	GGT	AT	1.92438	0.00069	0.00156	-1.92438	0.00475	0.00156	0.00156	0.00156
GGA	GGC	AC	2.94313	0.00301	0.00935	-2.94313	0.05710	0.00935	0.00935	0.00935
GGG	TGG	GT	1.33834	0.00641	0.01163	-1.33834	0.02444	0.01163	0.01163	0.01163
GGG	CGG	GC	-0.49746	0.02779	0.02145	0.49746	0.01690	0.02145	0.02145	0.02145
GGG	AGG	GA	-0.79742	0.16835	0.11006	0.79742	0.07584	0.11006	0.11006	0.11006
GGG	GTG	GT	2.27323	0.00641	0.01625	-2.27323	0.06225	0.01625	0.01625	0.01625
GGG	GCG	GC	-0.87845	0.02779	0.01735	0.87845	0.01155	0.01735	0.01735	0.01735
GGG	GAG	GA	0.46019	0.16835	0.21005	-0.46019	0.26673	0.21005	0.21005	0.21005
GGG	GGT	GT	-0.47908	0.00641	0.00500	0.47908	0.00397	0.00500	0.00500	0.00500
GGG	GGC	GC	0.53967	0.02779	0.03597	-0.53967	0.04768	0.03597	0.03597	0.03597
GGG	GGA	GA	-2.40346	0.16835	0.04022	2.40346	0.01522	0.04022	0.04022	0.04022


Histograms
2Ns	FMut	FSub(CodonUsage)	FSubw(after w)

-4.32932	0.00404	0.00029	0.00029
-3.89638	0.02180	0.00217	0.00217
-3.46345	0.08230	0.01267	0.01267
-3.03052	0.06747	0.01331	0.01331
-2.59759	0.04654	0.01345	0.01345
-2.16466	0.03289	0.01351	0.01351
-1.73173	0.08987	0.04688	0.04688
-1.29879	0.10804	0.07308	0.07308
-0.86586	0.13155	0.12002	0.12002
-0.43293	0.11538	0.12880	0.12880
0.00000	0.10836	0.15165	0.15165
0.43293	0.07454	0.12880	0.12880
0.86586	0.05900	0.12002	0.12002
1.29879	0.02905	0.07308	0.07308
1.73173	0.01591	0.04688	0.04688
2.16466	0.00404	0.01351	0.01351
2.59759	0.00341	0.01345	0.01345
3.03052	0.00288	0.01331	0.01331
3.46345	0.00252	0.01267	0.01267
3.89638	0.00037	0.00217	0.00217
4.32932	0.00005	0.00029	0.00029

Proportion of advantageous (S > 0) mutations:
 0.24304

Proportions of good & bad mutations (|S| > 2.0000) among mutations:
0.01182  0.24478

mean |Ns| = 1.44815	mean Ns+ = 0.76846	mean Ns- = -1.66638

