

TREE # 1

  0  0.0000  15442.454800  x:  0.41158   0.04114   0.13951   0.09806   0.00945   0.10619   0.00763   0.08411   0.04079   0.01038   0.02123   0.07476   0.06343   0.05968   0.02326   0.03309   0.00741   0.01588   0.00085   0.00137   0.01408   0.00905   0.00585   0.00800   0.00436   0.01079   0.00437   0.00893   0.00875   0.00725   0.01088   0.03011   0.03628   0.00269   0.02549   0.00770   0.02102   0.02058   0.03908   0.00830   0.06749   0.00140   0.00222   0.03228   0.00079   0.01934   0.01123   0.01757   0.03247   0.03038   0.00508   0.01294   0.01387   0.00238   0.00847   0.29711   0.08448   0.00000   0.15151   0.08603   0.04853   0.03260   0.10120   0.84319   0.91843   0.92950   1.14928   1.17658   1.16959  
  1 99.0000  15411.720012  x:  0.41126   0.04498   0.14192   0.09911   0.01389   0.10617   0.01296   0.08400   0.04125   0.01323   0.01983   0.07484   0.06595   0.06099   0.02477   0.03298   0.01020   0.01672   0.00637   0.01424   0.01487   0.00772   0.00415   0.00731   0.00060   0.01175   0.00519   0.00852   0.00747   0.00726   0.01090   0.02976   0.03649   0.00609   0.02576   0.00787   0.02042   0.02114   0.04036   0.01042   0.06716   0.00024   0.00291   0.03356   0.00538   0.01944   0.01094   0.01745   0.03325   0.02968   0.00958   0.01126   0.01541   0.00246   0.00846   0.29709   0.08791   0.02171   0.15242   0.08668   0.04806   0.03385   0.10169   0.85363   0.91734   0.93031   1.14923   1.17005   1.16955  
  2 3352.7826  15401.780118  x:  0.41076   0.05010   0.14552   0.10065   0.01860   0.10603   0.01805   0.08381   0.04182   0.01599   0.01794   0.07486   0.06957   0.06290   0.02679   0.03280   0.01245   0.01790   0.00671   0.02001   0.01552   0.00694   0.00257   0.00673   0.00543   0.01270   0.00542   0.00815   0.00635   0.00727   0.01092   0.02919   0.03670   0.00720   0.02607   0.00798   0.01962   0.02187   0.04215   0.01232   0.06669   0.01921   0.00274   0.03524   0.00537   0.01955   0.01064   0.01706   0.03421   0.02863   0.01247   0.00929   0.01710   0.00239   0.00844   0.29704   0.09267   0.03875   0.15350   0.08714   0.04741   0.03550   0.10183   0.86965   0.91566   0.93156   1.14916   1.15992   1.16948  
  3 4900.1481  15364.514765  x:  0.41007   0.05513   0.14975   0.10241   0.02105   0.10563   0.02006   0.08355   0.04225   0.01671   0.01646   0.07467   0.07352   0.06495   0.02838   0.03256   0.01223   0.01834   0.00100   0.01617   0.01548   0.00806   0.00634   0.00713   0.00229   0.01280   0.00458   0.00829   0.00711   0.00727   0.01092   0.02867   0.03683   0.00460   0.02628   0.00789   0.01901   0.02242   0.04388   0.01257   0.06615   0.01999   0.00102   0.03675   0.00000   0.01960   0.01061   0.01659   0.03492   0.02748   0.01148   0.00886   0.01785   0.00241   0.00845   0.29694   0.09784   0.04584   0.15455   0.08717   0.04673   0.03696   0.10129   0.88993   0.91349   0.93315   1.14906   1.14679   1.16939  
  4 2646.3150  15359.772923  x:  0.40996   0.05591   0.15042   0.10269   0.02139   0.10556   0.02031   0.08351   0.04231   0.01679   0.01625   0.07463   0.07414   0.06527   0.02862   0.03252   0.01216   0.01840   0.00011   0.01537   0.01547   0.00823   0.00690   0.00720   0.00186   0.01280   0.00445   0.00832   0.00723   0.00727   0.01092   0.02859   0.03685   0.00415   0.02631   0.00787   0.01892   0.02250   0.04415   0.01258   0.06606   0.02011   0.00087   0.03698   0.00026   0.01961   0.01061   0.01653   0.03503   0.02730   0.01127   0.00882   0.01795   0.00242   0.00845   0.29692   0.09865   0.04673   0.15471   0.08716   0.04663   0.03718   0.10119   0.89316   0.91314   0.93341   1.14905   1.14468   1.16938  
  5 24372.8620  15335.174147  x:  0.40941   0.05970   0.15374   0.10407   0.02284   0.10522   0.02130   0.08331   0.04261   0.01701   0.01525   0.07446   0.07717   0.06684   0.02974   0.03234   0.01164   0.01868   0.00078   0.01051   0.01540   0.00907   0.00954   0.00758   0.00000   0.01276   0.00381   0.00847   0.00791   0.00727   0.01092   0.02819   0.03694   0.00180   0.02646   0.00778   0.01851   0.02286   0.04545   0.01253   0.06564   0.02073   0.00077   0.03810   0.00085   0.01964   0.01065   0.01625   0.03553   0.02644   0.00993   0.00873   0.01835   0.00242   0.00846   0.29683   0.10263   0.05008   0.15549   0.08710   0.04612   0.03825   0.10065   0.90935   0.91141   0.93469   1.14898   1.13413   1.16931  
  6 26342.0156  15318.316376  x:  0.40895   0.06278   0.15645   0.10519   0.02402   0.10493   0.02210   0.08314   0.04286   0.01718   0.01445   0.07431   0.07965   0.06811   0.03065   0.03219   0.01121   0.01889   0.00121   0.00666   0.01535   0.00974   0.01172   0.00790   0.00036   0.01272   0.00333   0.00860   0.00846   0.00727   0.01092   0.02786   0.03702   0.00000   0.02657   0.00771   0.01818   0.02315   0.04650   0.01248   0.06530   0.02039   0.00080   0.03901   0.00126   0.01967   0.01068   0.01603   0.03593   0.02573   0.00886   0.00868   0.01867   0.00242   0.00847   0.29675   0.10589   0.05293   0.15614   0.08705   0.04570   0.03911   0.10021   0.92263   0.90998   0.93574   1.14891   1.12546   1.16925  
  7 113092.8007  15291.298761  x:  0.40828   0.06730   0.16045   0.10684   0.02566   0.10450   0.02316   0.08289   0.04321   0.01736   0.01331   0.07409   0.08328   0.06998   0.03197   0.03198   0.01052   0.01919   0.00173   0.00067   0.01525   0.01073   0.01488   0.00836   0.00072   0.01264   0.00265   0.00879   0.00929   0.00727   0.01092   0.02739   0.03714   0.00052   0.02675   0.00764   0.01771   0.02357   0.04804   0.01235   0.06479   0.01996   0.00100   0.04032   0.00177   0.01971   0.01073   0.01571   0.03651   0.02471   0.00721   0.00865   0.01911   0.00243   0.00848   0.29664   0.11066   0.05672   0.15708   0.08696   0.04508   0.04037   0.09954   0.94224   0.90788   0.93729   1.14883   1.11265   1.16916  
  8 100179.9625  15213.765418  x:  0.40567   0.08135   0.17429   0.11239   0.02747   0.10271   0.02219   0.08201   0.04409   0.01536   0.01189   0.07306   0.09513   0.07588   0.03534   0.03136   0.00619   0.01951   0.00199   0.00493   0.01460   0.01293   0.02191   0.00946   0.00107   0.01154   0.00556   0.00944   0.01142   0.00725   0.01089   0.02595   0.03762   0.00106   0.02716   0.00746   0.01704   0.02430   0.05260   0.01002   0.06309   0.01987   0.00792   0.04398   0.00218   0.01975   0.01112   0.01520   0.03786   0.02203   0.00000   0.01038   0.01899   0.00226   0.00852   0.29611   0.12651   0.05310   0.16008   0.08596   0.04315   0.04385   0.09626   1.01395   0.90007   0.94304   1.14850   1.06480   1.16884  
  9 10906.4231  15117.738711  x:  0.40199   0.10090   0.19373   0.12015   0.02959   0.10017   0.02031   0.08077   0.04527   0.01228   0.01011   0.07159   0.11169   0.08410   0.03993   0.03051   0.00000   0.01987   0.00226   0.00980   0.01363   0.01603   0.03177   0.01102   0.00147   0.00991   0.00957   0.01036   0.01444   0.00723   0.01086   0.02396   0.03828   0.00169   0.02771   0.00722   0.01619   0.02526   0.05892   0.00660   0.06072   0.01954   0.01750   0.04902   0.00268   0.01979   0.01170   0.01452   0.03973   0.01844   0.00177   0.01302   0.01870   0.00202   0.00856   0.29535   0.14869   0.04608   0.16426   0.08448   0.04045   0.04864   0.09154   1.11497   0.88906   0.95115   1.14803   0.99730   1.16839  
 10 156892.7830  14961.236654  x:  0.39493   0.13799   0.23077   0.13490   0.03318   0.09530   0.01624   0.07840   0.04749   0.00623   0.00709   0.06877   0.14316   0.09968   0.04860   0.02903   0.00427   0.02046   0.00275   0.01862   0.01177   0.02182   0.05033   0.01390   0.00215   0.00681   0.01711   0.01209   0.02011   0.00719   0.01079   0.02022   0.03952   0.00281   0.02872   0.00677   0.01467   0.02701   0.07084   0.00000   0.05621   0.01851   0.03567   0.05849   0.00360   0.01985   0.01279   0.01330   0.04322   0.01180   0.00483   0.01813   0.01797   0.00163   0.00865   0.29388   0.19088   0.03087   0.17221   0.08158   0.03534   0.05767   0.08247   1.30807   0.86799   0.96665   1.14714   0.86811   1.16753  
 11 317806.8799  14723.492550  x:  0.38275   0.18989   0.28592   0.15512   0.03319   0.08835   0.00948   0.07552   0.04956   0.01631   0.02493   0.06486   0.18700   0.11935   0.05685   0.02878   0.00793   0.01994   0.00315   0.02820   0.01357   0.02017   0.06254   0.01087   0.00286   0.01324   0.01974   0.01011   0.01892   0.00719   0.01089   0.01774   0.04062   0.00398   0.02916   0.00842   0.01735   0.02683   0.08540   0.05491   0.05176   0.01332   0.05318   0.06877   0.00431   0.01980   0.01204   0.01485   0.04817   0.02035   0.00751   0.01941   0.01581   0.00780   0.00852   0.29070   0.25249   0.00000   0.18414   0.07729   0.02991   0.06777   0.06953   1.61692   0.83351   0.99187   1.14570   0.65316   1.16611  
 12 29516.5642  14723.492550  x:  0.38275   0.18989   0.28592   0.15512   0.03319   0.08835   0.00948   0.07552   0.04956   0.01631   0.02493   0.06486   0.18700   0.11935   0.05685   0.02878   0.00793   0.01994   0.00315   0.02820   0.01357   0.02017   0.06254   0.01087   0.00286   0.01324   0.01974   0.01011   0.01892   0.00719   0.01089   0.01774   0.04062   0.00398   0.02916   0.00842   0.01735   0.02683   0.08540   0.05491   0.05176   0.01332   0.05318   0.06877   0.00431   0.01980   0.01204   0.01485   0.04817   0.02035   0.00751   0.01941   0.01581   0.00780   0.00852   0.29070   0.25249   0.00000   0.18414   0.07729   0.02991   0.06777   0.06953   1.61692   0.83351   0.99187   1.14570   0.65316   1.16611  
 13 9324.1169  14677.408823  x:  0.38228   0.18783   0.28475   0.15385   0.03161   0.08901   0.01193   0.07605   0.04905   0.01555   0.02350   0.06540   0.18489   0.11743   0.05489   0.02950   0.00898   0.01955   0.00000   0.02382   0.01425   0.01696   0.05783   0.00916   0.00040   0.01276   0.01587   0.00923   0.01585   0.00720   0.01092   0.01911   0.04019   0.00384   0.02868   0.00817   0.01794   0.02593   0.08338   0.05151   0.05257   0.00861   0.04825   0.06677   0.00171   0.01972   0.01157   0.01535   0.04645   0.02202   0.00810   0.01699   0.01618   0.00426   0.00847   0.29030   0.25095   0.00650   0.18405   0.07815   0.03145   0.06620   0.07183   1.61945   0.83290   0.99219   1.14571   0.64720   1.16609  
 14 2905.3402  14642.408349  x:  0.38182   0.18584   0.28362   0.15263   0.03011   0.08962   0.01389   0.07655   0.04856   0.01490   0.02220   0.06590   0.18287   0.11559   0.05301   0.03013   0.00974   0.01923   0.00107   0.01971   0.01484   0.01397   0.05333   0.00779   0.00303   0.01238   0.01225   0.00855   0.01305   0.00721   0.01095   0.02029   0.03980   0.00375   0.02824   0.00800   0.01844   0.02512   0.08146   0.04825   0.05333   0.00414   0.04349   0.06486   0.00000   0.01965   0.01120   0.01585   0.04485   0.02342   0.00852   0.01479   0.01647   0.00138   0.00844   0.28992   0.24944   0.01106   0.18393   0.07888   0.03284   0.06470   0.07381   1.62191   0.83232   0.99250   1.14573   0.64143   1.16606  
 15 17786.6673  14622.363953  x:  0.38146   0.18425   0.28271   0.15165   0.02891   0.09009   0.01529   0.07693   0.04817   0.01443   0.02121   0.06630   0.18124   0.11412   0.05152   0.03060   0.01025   0.01900   0.00170   0.01643   0.01527   0.01165   0.04971   0.00684   0.00442   0.01211   0.00943   0.00809   0.01089   0.00722   0.01097   0.02119   0.03949   0.00371   0.02790   0.00788   0.01880   0.02449   0.07992   0.04564   0.05394   0.00066   0.03966   0.06336   0.00199   0.01961   0.01095   0.01628   0.04358   0.02445   0.00878   0.01312   0.01669   0.00000   0.00844   0.28961   0.24822   0.01421   0.18382   0.07942   0.03390   0.06351   0.07530   1.62388   0.83184   0.99275   1.14574   0.63679   1.16604  
 16 33238.5696  14617.262599  x:  0.38139   0.18395   0.28254   0.15147   0.02869   0.09018   0.01555   0.07701   0.04810   0.01434   0.02102   0.06638   0.18094   0.11385   0.05124   0.03069   0.01035   0.01895   0.00181   0.01581   0.01536   0.01121   0.04903   0.00666   0.00468   0.01205   0.00889   0.00800   0.01048   0.00722   0.01097   0.02136   0.03943   0.00370   0.02784   0.00786   0.01887   0.02437   0.07963   0.04515   0.05405   0.00000   0.03894   0.06307   0.00228   0.01960   0.01090   0.01636   0.04335   0.02465   0.00883   0.01281   0.01673   0.00006   0.00844   0.28956   0.24799   0.01481   0.18380   0.07952   0.03410   0.06328   0.07558   1.62426   0.83176   0.99279   1.14574   0.63592   1.16603  
 17 134413.6939  14559.811622  x:  0.38009   0.17821   0.27931   0.14806   0.02464   0.09169   0.01849   0.07827   0.04679   0.01334   0.01818   0.06776   0.17517   0.10867   0.04605   0.03195   0.01084   0.01831   0.00355   0.00455   0.01629   0.00452   0.03607   0.00567   0.00690   0.01160   0.00062   0.00764   0.00462   0.00725   0.01098   0.02383   0.03848   0.00387   0.02687   0.00781   0.01971   0.02259   0.07424   0.03599   0.05627   0.00745   0.02549   0.05787   0.00508   0.01951   0.01049   0.01737   0.03924   0.02708   0.00893   0.00834   0.01719   0.00037   0.00851   0.28850   0.24360   0.02017   0.18328   0.08098   0.03724   0.05914   0.07976   1.63134   0.83007   0.99367   1.14579   0.61910   1.16596  
 18 9070.8075  14541.997073  x:  0.37958   0.17597   0.27806   0.14674   0.02311   0.09226   0.01945   0.07874   0.04629   0.01305   0.01720   0.06829   0.17292   0.10668   0.04407   0.03239   0.01094   0.01810   0.00405   0.00058   0.01658   0.00266   0.03103   0.00553   0.00758   0.01149   0.00256   0.00762   0.00305   0.00726   0.01098   0.02470   0.03813   0.00393   0.02653   0.00782   0.01998   0.02197   0.07216   0.03246   0.05710   0.00936   0.02024   0.05588   0.00586   0.01949   0.01039   0.01768   0.03772   0.02790   0.00891   0.00696   0.01734   0.00045   0.00854   0.28810   0.24188   0.02184   0.18307   0.08151   0.03838   0.05756   0.08128   1.63411   0.82941   0.99401   1.14581   0.61251   1.16593  
 19 16091.8846  14480.447885  x:  0.37765   0.16735   0.27325   0.14172   0.01743   0.09434   0.02235   0.08049   0.04446   0.01233   0.01402   0.07033   0.16430   0.09905   0.03660   0.03385   0.01094   0.01742   0.00531   0.00522   0.01746   0.00189   0.01171   0.00588   0.00930   0.01133   0.00559   0.00791   0.00225   0.00731   0.01097   0.02770   0.03690   0.00413   0.02535   0.00794   0.02078   0.01991   0.06426   0.01911   0.06012   0.01406   0.00000   0.04841   0.00786   0.01941   0.01018   0.01855   0.03224   0.03048   0.00864   0.00371   0.01775   0.00065   0.00864   0.28656   0.23526   0.02663   0.18224   0.08337   0.04240   0.05157   0.08668   1.64483   0.82686   0.99532   1.14589   0.58693   1.16581  
 20 11186.7787  14456.917280  x:  0.37660   0.16265   0.27063   0.13901   0.01442   0.09546   0.02385   0.08143   0.04348   0.01200   0.01243   0.07143   0.15962   0.09493   0.03259   0.03461   0.01093   0.01707   0.00591   0.00686   0.01789   0.00248   0.00131   0.00610   0.01020   0.01127   0.00684   0.00807   0.00260   0.00733   0.01097   0.02928   0.03625   0.00423   0.02474   0.00800   0.02119   0.01886   0.06000   0.01194   0.06175   0.01614   0.00072   0.04439   0.00884   0.01938   0.01008   0.01898   0.02937   0.03181   0.00850   0.00266   0.01795   0.00075   0.00868   0.28572   0.23166   0.02910   0.18178   0.08436   0.04453   0.04834   0.08956   1.65066   0.82547   0.99603   1.14593   0.57297   1.16574  
 21 9041.0961  14451.528505  x:  0.37636   0.16154   0.27001   0.13838   0.01382   0.09571   0.02407   0.08163   0.04327   0.01202   0.01229   0.07169   0.15851   0.09399   0.03174   0.03474   0.01089   0.01702   0.00598   0.00646   0.01791   0.00339   0.00032   0.00621   0.01032   0.01129   0.00675   0.00812   0.00333   0.00734   0.01096   0.02958   0.03613   0.00423   0.02464   0.00802   0.02124   0.01872   0.05904   0.01047   0.06210   0.01628   0.00058   0.04353   0.00893   0.01938   0.01009   0.01902   0.02888   0.03202   0.00847   0.00369   0.01798   0.00076   0.00868   0.28553   0.23081   0.02946   0.18166   0.08456   0.04496   0.04763   0.09015   1.65206   0.82514   0.99620   1.14594   0.56960   1.16573  
 22 8513.0707  14421.427413  x:  0.37467   0.15389   0.26578   0.13405   0.00949   0.09743   0.02586   0.08306   0.04181   0.01197   0.01085   0.07348   0.15094   0.08744   0.02571   0.03573   0.01070   0.01660   0.00665   0.00596   0.01816   0.00711   0.00149   0.00689   0.01118   0.01136   0.00720   0.00844   0.00621   0.00735   0.01095   0.03174   0.03522   0.00433   0.02388   0.00815   0.02166   0.01754   0.05236   0.00000   0.06459   0.01804   0.00041   0.03744   0.00988   0.01938   0.01007   0.01940   0.02512   0.03364   0.00823   0.00664   0.01817   0.00084   0.00872   0.28421   0.22494   0.03233   0.18089   0.08601   0.04803   0.04264   0.09440   1.66163   0.82286   0.99735   1.14602   0.54656   1.16562  
 23 20408.6344  14352.776288  x:  0.37018   0.13336   0.25451   0.12273   0.00000   0.10179   0.02911   0.08664   0.03829   0.01278   0.00990   0.07831   0.13078   0.07049   0.01134   0.03775   0.00980   0.01586   0.00796   0.00584   0.01795   0.01202   0.00297   0.00892   0.01261   0.01185   0.00825   0.00940   0.01036   0.00734   0.01091   0.03658   0.03315   0.00458   0.02242   0.00852   0.02224   0.01575   0.03560   0.00818   0.07119   0.02117   0.00028   0.02298   0.01159   0.01957   0.01015   0.01968   0.01911   0.03669   0.00759   0.01098   0.01830   0.00100   0.00874   0.28078   0.20920   0.03692   0.17877   0.08950   0.05533   0.03009   0.10474   1.68752   0.81673   1.00043   1.14626   0.48381   1.16534  
 24 8574.1411  14240.102094  x:  0.36141   0.09176   0.23216   0.10242   0.02618   0.10971   0.02982   0.09255   0.03386   0.01672   0.02032   0.08938   0.09121   0.04115   0.00752   0.03896   0.00838   0.01624   0.00804   0.00648   0.01441   0.01132   0.00337   0.01062   0.01241   0.01319   0.00859   0.01021   0.01002   0.00709   0.01088   0.04238   0.03113   0.00571   0.02266   0.00897   0.02105   0.01923   0.00941   0.01015   0.08204   0.02119   0.00043   0.00777   0.01172   0.02017   0.01132   0.01773   0.02170   0.03759   0.00546   0.01451   0.01691   0.00100   0.00854   0.27444   0.17735   0.03368   0.17423   0.09484   0.06597   0.01198   0.12092   1.74159   0.80398   1.00653   1.14693   0.35040   1.16474  
 25 9348.8970  14128.931756  x:  0.35289   0.05012   0.20997   0.08315   0.02356   0.11658   0.02897   0.09826   0.03053   0.01729   0.02100   0.09803   0.05336   0.02207   0.01945   0.03963   0.00933   0.01646   0.00784   0.00660   0.01305   0.01164   0.00352   0.01071   0.01214   0.01337   0.00874   0.01010   0.01039   0.00727   0.01092   0.04691   0.02999   0.00549   0.02298   0.00885   0.02010   0.02037   0.01126   0.01005   0.09227   0.02109   0.00043   0.02526   0.01163   0.02033   0.01153   0.01689   0.02518   0.03812   0.00480   0.01525   0.01638   0.00099   0.00867   0.26863   0.14537   0.02909   0.16976   0.10033   0.07637   0.00986   0.13662   1.79810   0.79077   1.01254   1.14785   0.21058   1.16413  
 26 10431.9201  14102.711410  x:  0.35095   0.03990   0.20440   0.08055   0.02344   0.11811   0.02743   0.09963   0.03102   0.01704   0.02108   0.10029   0.04698   0.03017   0.01471   0.03893   0.00884   0.01699   0.00748   0.00642   0.01352   0.01094   0.00339   0.01016   0.01137   0.01319   0.00840   0.00984   0.00986   0.00714   0.01095   0.04641   0.03057   0.00587   0.02354   0.00897   0.01981   0.02091   0.02088   0.00937   0.09397   0.01997   0.00044   0.01660   0.01104   0.02039   0.01130   0.01651   0.02739   0.03732   0.00406   0.01493   0.01667   0.00094   0.00868   0.26784   0.13690   0.02540   0.16875   0.10195   0.07831   0.01672   0.14041   1.81660   0.78665   1.01396   1.14847   0.17083   1.16393  
 27 4322.6238  14093.178970  x:  0.35109   0.03922   0.20285   0.08588   0.01901   0.11827   0.02385   0.10018   0.03388   0.01556   0.01893   0.10105   0.05447   0.03825   0.01435   0.03727   0.00912   0.01729   0.00676   0.00580   0.01469   0.00980   0.00307   0.00923   0.00974   0.01276   0.00755   0.00958   0.00911   0.00743   0.01100   0.04253   0.03241   0.00425   0.02430   0.00858   0.01995   0.02061   0.01142   0.00819   0.09296   0.01758   0.00040   0.01733   0.00968   0.02038   0.01093   0.01734   0.02961   0.03528   0.00533   0.01355   0.01767   0.00081   0.00885   0.26983   0.13311   0.01846   0.16905   0.10311   0.07620   0.01354   0.14214   1.83650   0.78280   1.01392   1.15006   0.15824   1.16374  
 28 801.6431  14081.914723  x:  0.35192   0.04027   0.20001   0.09460   0.01578   0.11944   0.02102   0.10133   0.03651   0.01610   0.01929   0.10347   0.06468   0.03226   0.01584   0.03599   0.00946   0.01670   0.00647   0.00508   0.01295   0.00874   0.00278   0.01072   0.00786   0.01351   0.00660   0.01032   0.00820   0.00635   0.01087   0.03785   0.03346   0.01035   0.02393   0.00970   0.02065   0.01988   0.01495   0.00735   0.09181   0.01489   0.00037   0.01478   0.00825   0.02061   0.01150   0.01795   0.02775   0.03376   0.00056   0.01238   0.01725   0.00068   0.00860   0.27452   0.12625   0.01245   0.17035   0.10658   0.07348   0.00903   0.14778   1.88087   0.77433   1.01332   1.15388   0.15422   1.16329  
 29 848.8388  14069.062594  x:  0.35325   0.04200   0.19544   0.10649   0.01361   0.12155   0.01813   0.10314   0.03929   0.01711   0.02063   0.10758   0.07735   0.02181   0.01604   0.03472   0.00942   0.01614   0.00676   0.00481   0.01132   0.00747   0.00256   0.01222   0.00599   0.01427   0.00602   0.01092   0.00712   0.00652   0.01080   0.03199   0.03379   0.01491   0.02300   0.01040   0.02132   0.01932   0.01782   0.00664   0.09036   0.01304   0.00040   0.01219   0.00717   0.02081   0.01213   0.01850   0.02567   0.03343   0.01034   0.01208   0.01734   0.00059   0.00853   0.28188   0.11572   0.00612   0.17245   0.11239   0.07038   0.01206   0.15728   1.95249   0.76065   1.01232   1.16009   0.15165   1.16259  
 30 4880.3624  14019.297996  x:  0.35746   0.04686   0.17901   0.13362   0.02244   0.12991   0.01927   0.10902   0.04012   0.01856   0.02641   0.12254   0.09795   0.02040   0.00778   0.03520   0.00802   0.01763   0.00908   0.00485   0.01835   0.01218   0.00316   0.00977   0.00742   0.01301   0.00726   0.00847   0.01074   0.01142   0.01133   0.02515   0.02888   0.00731   0.02018   0.00677   0.02047   0.02151   0.01703   0.00902   0.08810   0.01725   0.00022   0.02352   0.00924   0.02033   0.01119   0.01753   0.02158   0.03424   0.00170   0.01129   0.01538   0.00078   0.01004   0.30614   0.08296   0.01156   0.17961   0.13272   0.06490   0.02689   0.19291   2.20673   0.71167   1.00887   1.18210   0.15849   1.16000  
 31 3826.0943  13981.095461  x:  0.36081   0.05070   0.16706   0.14824   0.02491   0.13580   0.02212   0.11287   0.03759   0.01810   0.02740   0.13258   0.10503   0.03155   0.02310   0.03711   0.00966   0.01796   0.01029   0.00665   0.01911   0.01371   0.00392   0.00872   0.01040   0.01228   0.00928   0.00916   0.01200   0.00864   0.01110   0.02822   0.02647   0.00066   0.02067   0.00881   0.01966   0.02201   0.01913   0.01146   0.08713   0.02250   0.00040   0.01947   0.01196   0.01999   0.01078   0.01637   0.02273   0.03664   0.00358   0.01590   0.01605   0.00103   0.00909   0.32418   0.06251   0.01872   0.18468   0.14699   0.06168   0.02411   0.22007   2.40721   0.67281   1.00617   1.19946   0.16724   1.15795  
 32 10489.4784  13967.574909  x:  0.36331   0.05375   0.15977   0.15524   0.02694   0.13911   0.02401   0.11481   0.03491   0.01687   0.02696   0.13838   0.10567   0.04268   0.02889   0.03843   0.00973   0.01847   0.01067   0.00789   0.01914   0.01468   0.00443   0.00767   0.01263   0.01177   0.01062   0.00930   0.01282   0.00687   0.01100   0.03221   0.02653   0.01413   0.02247   0.00958   0.01884   0.02263   0.01750   0.01286   0.08644   0.02584   0.00053   0.02084   0.01371   0.01973   0.01050   0.01545   0.02671   0.03790   0.00671   0.01907   0.01704   0.00119   0.00859   0.33622   0.05257   0.02370   0.18782   0.15569   0.05989   0.02298   0.23753   2.54639   0.64571   1.00427   1.21154   0.17383   1.15651  
 33 16661.3199  13917.982468  x:  0.36950   0.06383   0.15715   0.15158   0.02513   0.13763   0.01941   0.11258   0.02998   0.01374   0.02097   0.13839   0.08887   0.04751   0.01936   0.03739   0.00357   0.01797   0.00745   0.00784   0.00410   0.01029   0.00399   0.01569   0.01230   0.01531   0.00947   0.01133   0.00996   0.00695   0.01093   0.04061   0.03543   0.01076   0.02876   0.00774   0.01794   0.02315   0.02002   0.01046   0.08386   0.02216   0.00073   0.02574   0.01189   0.02074   0.01395   0.01527   0.04138   0.03367   0.00788   0.02039   0.01796   0.00101   0.00877   0.35326   0.07183   0.01443   0.19009   0.16024   0.05717   0.01797   0.25376   2.77588   0.60040   1.00073   1.23173   0.18367   1.15408  
 34 4169.3487  13880.445065  x:  0.37586   0.07417   0.15745   0.14461   0.02311   0.13442   0.01368   0.10906   0.02678   0.01277   0.01638   0.13580   0.06958   0.04749   0.01330   0.03622   0.01059   0.01723   0.00438   0.00733   0.01755   0.00727   0.00369   0.02091   0.01089   0.01751   0.00818   0.01243   0.00756   0.00651   0.01081   0.04774   0.04348   0.00869   0.03358   0.00794   0.01779   0.02330   0.02265   0.00856   0.08098   0.01823   0.00081   0.02647   0.00975   0.02146   0.01572   0.01530   0.05365   0.02863   0.00869   0.02082   0.01836   0.00081   0.00869   0.36874   0.09649   0.00000   0.19146   0.16168   0.05485   0.01403   0.26531   2.99746   0.55649   0.99723   1.25127   0.19271   1.15170  
 35 15831.3584  13880.445065  x:  0.37586   0.07417   0.15745   0.14461   0.02311   0.13442   0.01368   0.10906   0.02678   0.01277   0.01638   0.13580   0.06958   0.04749   0.01330   0.03622   0.01059   0.01723   0.00438   0.00733   0.01755   0.00727   0.00369   0.02091   0.01089   0.01751   0.00818   0.01243   0.00756   0.00651   0.01081   0.04774   0.04348   0.00869   0.03358   0.00794   0.01779   0.02330   0.02265   0.00856   0.08098   0.01823   0.00081   0.02647   0.00975   0.02146   0.01572   0.01530   0.05365   0.02863   0.00869   0.02082   0.01836   0.00081   0.00869   0.36874   0.09649   0.00000   0.19146   0.16168   0.05485   0.01403   0.26531   2.99746   0.55649   0.99723   1.25127   0.19271   1.15170  
 36 5460.8079  13846.279085  x:  0.37624   0.07500   0.15978   0.14453   0.02077   0.13312   0.01474   0.10819   0.02990   0.01364   0.01730   0.13372   0.07168   0.05168   0.02045   0.03557   0.01055   0.01746   0.00000   0.00365   0.01650   0.00790   0.00462   0.01588   0.00523   0.01519   0.00503   0.00989   0.00749   0.00736   0.01099   0.04539   0.04218   0.00550   0.03186   0.00816   0.01851   0.02294   0.02905   0.00907   0.08011   0.01100   0.01050   0.02933   0.00464   0.02089   0.01336   0.01572   0.05228   0.02885   0.00642   0.01722   0.01820   0.01265   0.00893   0.36848   0.09925   0.00395   0.19126   0.16010   0.05504   0.02339   0.26264   2.99854   0.55627   0.99705   1.25145   0.19110   1.15167  
 37 2862.8830  13834.602232  x:  0.37653   0.07563   0.16157   0.14447   0.01897   0.13211   0.01550   0.10751   0.03214   0.01419   0.01791   0.13211   0.07327   0.05469   0.02502   0.03507   0.01051   0.01778   0.00657   0.00175   0.01586   0.00809   0.00526   0.01228   0.00108   0.01356   0.00326   0.00824   0.00746   0.00779   0.01109   0.04356   0.04122   0.00341   0.03060   0.00831   0.01901   0.02268   0.03349   0.00938   0.07942   0.00534   0.01422   0.03136   0.00095   0.02050   0.01172   0.01609   0.05124   0.02902   0.00498   0.01460   0.01808   0.01754   0.00895   0.36827   0.10135   0.00639   0.19109   0.15884   0.05505   0.02947   0.26053   2.99940   0.55610   0.99691   1.25159   0.18987   1.15165  
 38 7879.9026  13822.211168  x:  0.37681   0.07621   0.16332   0.14441   0.01730   0.13110   0.01605   0.10683   0.03390   0.01443   0.01826   0.13055   0.07473   0.05705   0.02756   0.03462   0.01049   0.01805   0.00655   0.00496   0.01541   0.00814   0.00473   0.00929   0.00075   0.01254   0.00433   0.00767   0.00747   0.00771   0.01111   0.04173   0.04046   0.00297   0.02958   0.00842   0.01934   0.02248   0.03669   0.00953   0.07869   0.00000   0.01266   0.03291   0.00105   0.02027   0.01074   0.01661   0.05027   0.02922   0.00461   0.01263   0.01803   0.01649   0.00874   0.36806   0.10331   0.00763   0.19092   0.15752   0.05477   0.03311   0.25839   3.00026   0.55593   0.99676   1.25174   0.18872   1.15163  
 39 2555.0084  13806.887705  x:  0.37756   0.07773   0.16806   0.14427   0.01290   0.12834   0.01741   0.10497   0.03833   0.01492   0.01904   0.12631   0.07863   0.06306   0.03363   0.03347   0.01044   0.01874   0.00608   0.00606   0.01438   0.00820   0.00353   0.00243   0.00356   0.01030   0.00541   0.00677   0.00752   0.00745   0.01115   0.03683   0.03851   0.00278   0.02702   0.00868   0.02011   0.02197   0.04468   0.00978   0.07683   0.00268   0.00803   0.03677   0.00121   0.01975   0.00867   0.01785   0.04771   0.02976   0.00424   0.00801   0.01791   0.01247   0.00827   0.36748   0.10857   0.01053   0.19047   0.15390   0.05386   0.04197   0.25253   3.00264   0.55547   0.99636   1.25214   0.18569   1.15157  
 40 3128.2510  13789.425196  x:  0.37852   0.07961   0.17421   0.14410   0.00764   0.12472   0.01890   0.10254   0.04336   0.01522   0.01971   0.12085   0.08349   0.07000   0.03998   0.03220   0.01023   0.01942   0.00397   0.00260   0.01357   0.00819   0.00358   0.00673   0.00237   0.00899   0.00478   0.00701   0.00759   0.00720   0.01116   0.03066   0.03631   0.00385   0.02428   0.00887   0.02081   0.02145   0.05370   0.00982   0.07441   0.00278   0.00108   0.04105   0.00107   0.01934   0.00772   0.01900   0.04455   0.03037   0.00506   0.00512   0.01779   0.00586   0.00802   0.36670   0.11528   0.01352   0.18989   0.14907   0.05239   0.05173   0.24469   3.00582   0.55485   0.99581   1.25268   0.18198   1.15149  
 41 3929.7084  13783.252006  x:  0.37899   0.08046   0.17725   0.14404   0.00581   0.12292   0.01939   0.10133   0.04521   0.01510   0.01974   0.11823   0.08570   0.07269   0.04178   0.03180   0.01011   0.01956   0.00356   0.00235   0.01367   0.00808   0.00409   0.00716   0.00142   0.00969   0.00451   0.00775   0.00763   0.00712   0.01113   0.02792   0.03554   0.00433   0.02355   0.00883   0.02089   0.02135   0.05701   0.00963   0.07325   0.00305   0.00298   0.04251   0.00174   0.01935   0.00858   0.01923   0.04318   0.03054   0.00591   0.00751   0.01776   0.00117   0.00814   0.36630   0.11848   0.01425   0.18962   0.14658   0.05141   0.05496   0.24062   3.00749   0.55453   0.99551   1.25296   0.18044   1.15145  
 42 2651.9319  13777.430548  x:  0.37985   0.08183   0.18296   0.14399   0.00479   0.11950   0.01978   0.09905   0.04714   0.01433   0.01918   0.11355   0.08940   0.07598   0.04218   0.03165   0.00992   0.01938   0.00389   0.00459   0.01487   0.00766   0.00496   0.00753   0.00192   0.01288   0.00429   0.00956   0.00769   0.00714   0.01102   0.02370   0.03491   0.00488   0.02373   0.00849   0.02045   0.02151   0.06054   0.00879   0.07120   0.00394   0.00119   0.04370   0.00079   0.01982   0.01174   0.01874   0.04110   0.03042   0.00752   0.01358   0.01784   0.00324   0.00907   0.36548   0.12422   0.01394   0.18916   0.14160   0.04903   0.05736   0.23243   3.01092   0.55388   0.99486   1.25358   0.17831   1.15136  
 43 1559.6543  13771.262177  x:  0.38120   0.08364   0.19195   0.14399   0.00735   0.11419   0.01979   0.09558   0.04820   0.01316   0.01800   0.10665   0.09445   0.07885   0.03945   0.03220   0.00977   0.01875   0.00474   0.00183   0.01664   0.00730   0.00302   0.00756   0.00327   0.01506   0.00596   0.00955   0.00755   0.00720   0.01093   0.01959   0.03510   0.00422   0.02561   0.00815   0.01934   0.02208   0.06273   0.00747   0.06834   0.00280   0.00185   0.04364   0.00586   0.02059   0.01328   0.01749   0.03878   0.02951   0.00726   0.01368   0.01794   0.00562   0.00933   0.36408   0.13286   0.01152   0.18859   0.13339   0.04488   0.05665   0.21862   3.01681   0.55277   0.99367   1.25465   0.17636   1.15120  
 44 1467.4254  13760.080007  x:  0.38345   0.08629   0.20699   0.14392   0.01288   0.10550   0.01945   0.09001   0.04850   0.01231   0.01663   0.09551   0.10213   0.08188   0.03375   0.03359   0.00964   0.01768   0.00419   0.00430   0.01805   0.00807   0.00498   0.00810   0.00056   0.01538   0.00416   0.00755   0.00732   0.00748   0.01097   0.01658   0.03629   0.00297   0.02902   0.00813   0.01785   0.02297   0.06401   0.00618   0.06422   0.00421   0.00325   0.04227   0.00389   0.02140   0.01257   0.01488   0.03627   0.02777   0.00543   0.00903   0.01799   0.00521   0.00865   0.36159   0.14698   0.00701   0.18783   0.11935   0.03830   0.05312   0.19447   3.02731   0.55081   0.99150   1.25661   0.17460   1.15091  
 45 2659.0000  13756.642932  x:  0.38434   0.08721   0.21291   0.14384   0.01482   0.10222   0.01932   0.08797   0.04837   0.01248   0.01647   0.09127   0.10491   0.08270   0.03189   0.03413   0.00965   0.01744   0.00391   0.00349   0.01812   0.00824   0.00561   0.00812   0.00310   0.01494   0.00334   0.00713   0.00733   0.00758   0.01101   0.01681   0.03685   0.00311   0.03008   0.00824   0.01762   0.02319   0.06408   0.00629   0.06289   0.00307   0.00404   0.04159   0.00090   0.02151   0.01192   0.01426   0.03581   0.02724   0.00526   0.00832   0.01798   0.00437   0.00846   0.36056   0.15247   0.00572   0.18762   0.11382   0.03617   0.05166   0.18465   3.03168   0.55000   0.99059   1.25743   0.17438   1.15079  
 46 4212.2518  13754.237836  x:  0.38480   0.08755   0.21597   0.14374   0.01556   0.10071   0.01928   0.08709   0.04807   0.01300   0.01676   0.08927   0.10611   0.08276   0.03135   0.03437   0.00970   0.01749   0.00358   0.00252   0.01770   0.00816   0.00555   0.00714   0.00238   0.01422   0.00372   0.00741   0.00742   0.00758   0.01105   0.01824   0.03719   0.00359   0.03028   0.00836   0.01785   0.02316   0.06370   0.00694   0.06251   0.00277   0.00356   0.04114   0.00011   0.02137   0.01135   0.01462   0.03610   0.02717   0.00573   0.00899   0.01795   0.00416   0.00851   0.35997   0.15523   0.00568   0.18762   0.11099   0.03564   0.05087   0.17929   3.03419   0.54953   0.99005   1.25791   0.17473   1.15072  
 47 2197.3016  13750.034507  x:  0.38592   0.08831   0.22347   0.14346   0.01706   0.09711   0.01921   0.08505   0.04727   0.01463   0.01774   0.08445   0.10888   0.08277   0.03061   0.03494   0.00984   0.01772   0.00327   0.00127   0.01621   0.00819   0.00708   0.00555   0.00177   0.01193   0.00244   0.00791   0.00767   0.00769   0.01119   0.02260   0.03805   0.00470   0.03053   0.00877   0.01866   0.02297   0.06268   0.00885   0.06179   0.00216   0.00256   0.04004   0.00075   0.02086   0.00957   0.01552   0.03711   0.02708   0.00683   0.01080   0.01785   0.00432   0.00863   0.35850   0.16195   0.00609   0.18766   0.10409   0.03466   0.04936   0.16594   3.04051   0.54835   0.98869   1.25911   0.17588   1.15054  
 48 8957.9777  13746.434304  x:  0.38702   0.08882   0.23083   0.14308   0.01801   0.09403   0.01935   0.08342   0.04641   0.01617   0.01888   0.08015   0.11122   0.08238   0.03107   0.03526   0.01000   0.01823   0.00389   0.00268   0.01457   0.00782   0.00640   0.00757   0.00216   0.00965   0.00491   0.00834   0.00781   0.00775   0.01129   0.02748   0.03869   0.00467   0.03004   0.00892   0.01975   0.02258   0.06135   0.01073   0.06165   0.00307   0.00374   0.03907   0.00096   0.02016   0.00825   0.01697   0.03852   0.02728   0.00739   0.01165   0.01771   0.00537   0.00887   0.35693   0.16845   0.00799   0.18790   0.09753   0.03493   0.04869   0.15239   3.04722   0.54709   0.98723   1.26041   0.17757   1.15034  
 49 3003.9471  13743.083193  x:  0.38789   0.08856   0.23679   0.14253   0.01793   0.09272   0.01983   0.08304   0.04537   0.01606   0.01916   0.07790   0.11215   0.08086   0.03207   0.03497   0.01003   0.01876   0.00380   0.00316   0.01420   0.00764   0.00334   0.00778   0.00206   0.01131   0.00302   0.00806   0.00762   0.00739   0.01113   0.03086   0.03872   0.00230   0.02860   0.00833   0.02040   0.02206   0.05883   0.01087   0.06265   0.00319   0.00347   0.03835   0.00083   0.01974   0.01083   0.01792   0.04001   0.02785   0.00613   0.01124   0.01762   0.00481   0.00886   0.35537   0.17336   0.01130   0.18850   0.09285   0.03741   0.04839   0.14044   3.05392   0.54582   0.98577   1.26170   0.17983   1.15014  
 50 1247.2973  13740.251519  x:  0.38878   0.08757   0.24296   0.14173   0.01715   0.09255   0.02058   0.08353   0.04428   0.01459   0.01860   0.07690   0.11222   0.07841   0.03341   0.03421   0.00996   0.01898   0.00380   0.00262   0.01495   0.00841   0.00571   0.00722   0.00212   0.01421   0.00447   0.00726   0.00731   0.00730   0.01093   0.03247   0.03841   0.00429   0.02675   0.00801   0.02044   0.02158   0.05524   0.00941   0.06454   0.00296   0.00340   0.03790   0.00090   0.01964   0.01338   0.01766   0.04147   0.02869   0.00420   0.00957   0.01766   0.00458   0.00865   0.35341   0.17809   0.01563   0.18950   0.08878   0.04146   0.04857   0.12722   3.06224   0.54421   0.98397   1.26331   0.18240   1.14989  
 51 1343.0576  13737.393655  x:  0.38964   0.08517   0.24927   0.14053   0.01583   0.09446   0.02130   0.08547   0.04359   0.01248   0.01718   0.07854   0.11085   0.07499   0.03382   0.03306   0.00999   0.01825   0.00386   0.00274   0.01692   0.00782   0.00546   0.00689   0.00208   0.01327   0.00388   0.00860   0.00777   0.00804   0.01112   0.02921   0.03733   0.00416   0.02577   0.00898   0.01902   0.02197   0.05069   0.00673   0.06726   0.00282   0.00358   0.03817   0.00088   0.02027   0.01021   0.01556   0.04250   0.02998   0.00783   0.00906   0.01808   0.00467   0.00863   0.35077   0.18225   0.01969   0.19107   0.08640   0.04605   0.04881   0.11282   3.07354   0.54199   0.98160   1.26545   0.18392   1.14957  
 52 780.2056  13735.597422  x:  0.39017   0.08246   0.25333   0.13955   0.01482   0.09689   0.02125   0.08744   0.04366   0.01407   0.01758   0.08144   0.10896   0.07302   0.03344   0.03273   0.01020   0.01787   0.00370   0.00244   0.01651   0.00800   0.00561   0.00698   0.00213   0.01110   0.00417   0.00711   0.00731   0.00712   0.01116   0.02483   0.03675   0.00316   0.02665   0.00852   0.01846   0.02255   0.04840   0.00724   0.06896   0.00280   0.00304   0.03874   0.00086   0.02074   0.00898   0.01559   0.04260   0.02921   0.00532   0.01129   0.01781   0.00453   0.00884   0.34852   0.18438   0.02122   0.19244   0.08643   0.04767   0.04856   0.10363   3.08342   0.54003   0.97960   1.26729   0.18351   1.14927  
 53 621.5568  13734.547981  x:  0.39054   0.08002   0.25611   0.13882   0.01430   0.09890   0.02080   0.08889   0.04401   0.01527   0.01828   0.08413   0.10724   0.07233   0.03322   0.03294   0.01021   0.01801   0.00389   0.00281   0.01541   0.00790   0.00459   0.00698   0.00204   0.01071   0.00333   0.00814   0.00765   0.00760   0.01114   0.02258   0.03678   0.00538   0.02778   0.00850   0.01887   0.02276   0.04790   0.00872   0.06967   0.00279   0.00351   0.03918   0.00082   0.02074   0.00993   0.01659   0.04238   0.02853   0.00497   0.01052   0.01773   0.00485   0.00872   0.34669   0.18555   0.02151   0.19352   0.08734   0.04745   0.04815   0.09811   3.09190   0.53834   0.97792   1.26884   0.18238   1.14902  
 54 647.7690  13733.165333  x:  0.39106   0.07630   0.25977   0.13786   0.01366   0.10158   0.01984   0.09065   0.04458   0.01571   0.01896   0.08800   0.10467   0.07231   0.03332   0.03367   0.01000   0.01850   0.00383   0.00250   0.01404   0.00819   0.00607   0.00682   0.00215   0.01211   0.00406   0.00874   0.00801   0.00820   0.01112   0.02231   0.03707   0.00334   0.02901   0.00858   0.01980   0.02270   0.04859   0.01037   0.06994   0.00271   0.00355   0.03947   0.00083   0.02029   0.01112   0.01750   0.04175   0.02806   0.00691   0.00929   0.01781   0.00479   0.00854   0.34401   0.18678   0.02123   0.19508   0.08938   0.04570   0.04752   0.09229   3.10508   0.53574   0.97534   1.27124   0.18043   1.14863  
 55 717.6809  13730.890540  x:  0.39208   0.06972   0.26610   0.13648   0.01287   0.10543   0.01832   0.09280   0.04541   0.01346   0.01858   0.09387   0.10038   0.07372   0.03439   0.03494   0.00968   0.01895   0.00385   0.00274   0.01544   0.00780   0.00502   0.00708   0.00206   0.01358   0.00385   0.00634   0.00688   0.00691   0.01107   0.02634   0.03811   0.00435   0.02947   0.00885   0.02063   0.02193   0.05163   0.00976   0.06909   0.00286   0.00354   0.03933   0.00086   0.01948   0.00977   0.01688   0.03997   0.02769   0.00718   0.00987   0.01786   0.00477   0.00895   0.33917   0.18869   0.02063   0.19781   0.09349   0.04156   0.04687   0.08574   3.13079   0.53070   0.97031   1.27592   0.17779   1.14786  
 56 787.1587  13729.399084  x:  0.39291   0.06551   0.27064   0.13582   0.01272   0.10721   0.01785   0.09354   0.04548   0.01273   0.01803   0.09677   0.09786   0.07492   0.03457   0.03529   0.00986   0.01860   0.00379   0.00264   0.01658   0.00808   0.00510   0.00707   0.00208   0.01239   0.00402   0.00934   0.00786   0.00771   0.01110   0.02897   0.03863   0.00376   0.02871   0.00837   0.02004   0.02168   0.05376   0.00801   0.06803   0.00287   0.00333   0.03887   0.00088   0.01971   0.00977   0.01596   0.03906   0.02771   0.00465   0.01027   0.01777   0.00460   0.00872   0.33582   0.19004   0.02052   0.19965   0.09611   0.03937   0.04668   0.08367   3.15067   0.52686   0.96642   1.27953   0.17736   1.14726  
 57 1046.6755  13725.776527  x:  0.39525   0.05750   0.28170   0.13535   0.01356   0.10840   0.01871   0.09296   0.04406   0.01592   0.01740   0.09942   0.09377   0.07728   0.03196   0.03414   0.01049   0.01694   0.00382   0.00261   0.01659   0.00808   0.00517   0.00703   0.00207   0.00900   0.00418   0.00720   0.00803   0.00842   0.01109   0.03030   0.03862   0.00417   0.02543   0.00775   0.01680   0.02249   0.05720   0.00546   0.06505   0.00289   0.00336   0.03754   0.00089   0.02204   0.01380   0.01579   0.03981   0.02983   0.00656   0.01015   0.01804   0.00469   0.00815   0.32818   0.19336   0.02115   0.20359   0.10081   0.03826   0.04683   0.08633   3.20370   0.51680   0.95603   1.28916   0.18033   1.14565  
 58 926.2684  13719.214544  x:  0.39975   0.04537   0.30181   0.13545   0.01495   0.10821   0.02087   0.09044   0.04084   0.01821   0.01695   0.10066   0.08806   0.08002   0.02680   0.03147   0.01040   0.01671   0.00385   0.00276   0.01494   0.00762   0.00535   0.00721   0.00214   0.01431   0.00385   0.00909   0.00667   0.00619   0.01117   0.02844   0.03764   0.00422   0.02249   0.01015   0.01613   0.02397   0.06077   0.00831   0.06098   0.00296   0.00365   0.03629   0.00087   0.02356   0.00948   0.01664   0.04351   0.03159   0.00530   0.00969   0.01786   0.00478   0.00972   0.31470   0.19907   0.02204   0.21011   0.10748   0.04027   0.04752   0.09626   3.30747   0.49737   0.93589   1.30789   0.18640   1.14248  
 59 2331.5117  13713.146355  x:  0.40390   0.03847   0.31900   0.13646   0.01469   0.10653   0.02140   0.08800   0.03901   0.01363   0.01746   0.09900   0.08459   0.07961   0.02707   0.03126   0.01004   0.01945   0.00374   0.00275   0.01544   0.00877   0.00479   0.00735   0.00215   0.01373   0.00387   0.00629   0.00991   0.01180   0.01111   0.02599   0.03692   0.00431   0.02665   0.00787   0.02177   0.02327   0.05971   0.00962   0.06084   0.00304   0.00320   0.03685   0.00085   0.02054   0.00835   0.01676   0.04605   0.03053   0.00489   0.01130   0.01766   0.00459   0.00768   0.30347   0.20292   0.02115   0.21484   0.11130   0.04431   0.04759   0.10795   3.41061   0.47851   0.91636   1.32621   0.18799   1.13931  
 60 2577.0679  13706.558516  x:  0.40773   0.03639   0.33361   0.13809   0.01338   0.10453   0.02060   0.08668   0.03919   0.01045   0.01882   0.09629   0.08276   0.07694   0.03152   0.03303   0.01000   0.02057   0.00370   0.00261   0.01618   0.00760   0.00591   0.00701   0.00218   0.00929   0.00380   0.00866   0.00602   0.00702   0.01098   0.02494   0.03670   0.00379   0.03177   0.00782   0.02437   0.02145   0.05554   0.00843   0.06381   0.00287   0.00344   0.03828   0.00083   0.01731   0.01152   0.01623   0.04671   0.02835   0.00591   0.01015   0.01780   0.00465   0.00947   0.29429   0.20489   0.01862   0.21805   0.11316   0.04805   0.04688   0.11953   3.51536   0.45990   0.89706   1.34451   0.18496   1.13608  
 61 3416.2118  13699.734841  x:  0.41162   0.04066   0.34636   0.14064   0.01107   0.10298   0.01883   0.08760   0.04228   0.01643   0.02010   0.09345   0.08278   0.07211   0.03935   0.03599   0.00997   0.01851   0.00378   0.00270   0.01643   0.00770   0.00529   0.00706   0.00208   0.01220   0.00398   0.00814   0.01111   0.00471   0.01131   0.02691   0.03735   0.00398   0.03379   0.00995   0.02119   0.01999   0.04878   0.00514   0.07008   0.00288   0.00354   0.03998   0.00088   0.01871   0.01047   0.01564   0.04491   0.02627   0.00612   0.00965   0.01805   0.00467   0.00878   0.28703   0.20433   0.01488   0.21972   0.11321   0.05037   0.04575   0.13099   3.63794   0.43918   0.87534   1.36545   0.17634   1.13227  
 62 3164.5782  13695.486960  x:  0.41374   0.04649   0.35190   0.14258   0.01050   0.10298   0.01834   0.08946   0.04487   0.01759   0.01920   0.09268   0.08392   0.06924   0.04280   0.03701   0.00954   0.01711   0.00377   0.00276   0.01589   0.00766   0.00494   0.00705   0.00209   0.01348   0.00402   0.00803   0.00631   0.01023   0.01136   0.02840   0.03791   0.00394   0.03178   0.00969   0.01758   0.02063   0.04517   0.00654   0.07438   0.00288   0.00336   0.04057   0.00088   0.02087   0.00943   0.01630   0.04341   0.02636   0.00545   0.00978   0.01806   0.00444   0.00957   0.28462   0.20238   0.01309   0.21972   0.11241   0.05043   0.04508   0.13655   3.71599   0.42682   0.86202   1.37850   0.17035   1.12981  
 63 3677.1427  13689.288802  x:  0.41587   0.05967   0.35395   0.14577   0.01243   0.10528   0.01943   0.09409   0.04815   0.01287   0.01572   0.09438   0.08762   0.06704   0.04195   0.03599   0.00898   0.01809   0.00388   0.00282   0.01458   0.00914   0.00522   0.00720   0.00217   0.01200   0.00367   0.00806   0.00833   0.00720   0.01059   0.02872   0.03858   0.00424   0.02436   0.00605   0.01698   0.02414   0.04337   0.01201   0.07921   0.00283   0.00376   0.03981   0.00083   0.02279   0.00947   0.01793   0.04136   0.02966   0.00538   0.01014   0.01792   0.00507   0.00738   0.28614   0.19645   0.01281   0.21770   0.10999   0.04773   0.04475   0.14014   3.82380   0.41190   0.84477   1.39591   0.16486   1.12635  
 64 2390.0091  13683.477512  x:  0.41748   0.07640   0.35097   0.14927   0.01410   0.10904   0.02047   0.09971   0.04958   0.01173   0.01762   0.09799   0.09290   0.06694   0.03723   0.03382   0.01017   0.01993   0.00371   0.00270   0.01541   0.00755   0.00548   0.00724   0.00214   0.01034   0.00385   0.00691   0.01013   0.00843   0.01167   0.02822   0.03871   0.00376   0.02081   0.01428   0.02182   0.02514   0.04473   0.01201   0.08211   0.00284   0.00361   0.03768   0.00084   0.02099   0.01176   0.01679   0.03961   0.03257   0.00370   0.01064   0.01784   0.00493   0.01007   0.29202   0.18721   0.01468   0.21399   0.10659   0.04387   0.04596   0.14040   3.94315   0.39778   0.82683   1.41458   0.16463   1.12247  
 65 2882.3280  13675.334036  x:  0.41866   0.09678   0.34208   0.15295   0.01368   0.11361   0.02039   0.10547   0.04816   0.01612   0.02173   0.10286   0.09972   0.06938   0.03076   0.03122   0.01130   0.02024   0.00377   0.00275   0.01691   0.00903   0.00502   0.00720   0.00210   0.01231   0.00395   0.00849   0.00649   0.00796   0.01115   0.02843   0.03820   0.00415   0.02580   0.00958   0.02473   0.02205   0.04956   0.00731   0.08212   0.00288   0.00356   0.03533   0.00089   0.01715   0.01014   0.01512   0.03990   0.03361   0.00498   0.01053   0.01808   0.00492   0.00671   0.30303   0.17368   0.01846   0.20835   0.10216   0.04038   0.04965   0.13728   4.09162   0.38314   0.80600   1.43708   0.16961   1.11759  
 66 3450.6521  13671.523999  x:  0.41872   0.10494   0.33438   0.15389   0.01174   0.11484   0.01921   0.10628   0.04509   0.01489   0.02070   0.10454   0.10249   0.07161   0.02922   0.03163   0.01016   0.01868   0.00369   0.00276   0.01605   0.00687   0.00544   0.00705   0.00213   0.01248   0.00390   0.00794   0.00883   0.00822   0.01103   0.02897   0.03762   0.00424   0.03020   0.00627   0.02238   0.02012   0.05260   0.00675   0.07936   0.00289   0.00342   0.03567   0.00087   0.01878   0.00982   0.01650   0.04239   0.03118   0.00526   0.00970   0.01804   0.00434   0.01258   0.31036   0.16616   0.01941   0.20523   0.10023   0.04045   0.05138   0.13387   4.16778   0.37795   0.79665   1.44802   0.17273   1.11505  
 67 2691.4738  13667.515878  x:  0.41823   0.11017   0.32332   0.15373   0.00901   0.11460   0.01768   0.10450   0.04032   0.01215   0.01761   0.10505   0.10432   0.07442   0.03017   0.03370   0.00902   0.01746   0.00379   0.00274   0.01502   0.00911   0.00480   0.00715   0.00217   0.01180   0.00415   0.00780   0.00880   0.00773   0.01113   0.02926   0.03691   0.00398   0.03397   0.01049   0.01842   0.02008   0.05554   0.00795   0.07388   0.00299   0.00318   0.03737   0.00086   0.02142   0.01078   0.01785   0.04630   0.02692   0.00530   0.01026   0.01791   0.00431   0.00950   0.31935   0.15839   0.01913   0.20204   0.09885   0.04236   0.05231   0.12880   4.24620   0.37532   0.78869   1.45858   0.17507   1.11237  
 68 2503.9565  13663.499009  x:  0.41711   0.10968   0.30877   0.15191   0.00888   0.11208   0.01826   0.09920   0.03687   0.01366   0.01709   0.10351   0.10434   0.07637   0.03349   0.03620   0.01101   0.01937   0.00362   0.00265   0.01589   0.00458   0.00539   0.00704   0.00206   0.01225   0.00424   0.00786   0.00839   0.00793   0.01173   0.02786   0.03687   0.00396   0.03109   0.00953   0.01967   0.02354   0.05609   0.00778   0.06665   0.00302   0.00316   0.03945   0.00088   0.02136   0.01081   0.01628   0.04859   0.02569   0.00519   0.01012   0.01795   0.00435   0.00760   0.32925   0.15228   0.01704   0.19951   0.09871   0.04553   0.05032   0.12264   4.31929   0.37717   0.78418   1.46725   0.17364   1.10978  
 69 1502.2096  13660.353228  x:  0.41591   0.10749   0.29392   0.14976   0.00968   0.10903   0.01944   0.09341   0.03516   0.01528   0.01795   0.10135   0.10398   0.07787   0.03639   0.03773   0.01142   0.02061   0.00371   0.00266   0.01695   0.00894   0.00467   0.00703   0.00200   0.01231   0.00423   0.00810   0.00808   0.00804   0.01182   0.02611   0.03705   0.00413   0.02750   0.00858   0.02146   0.02551   0.05590   0.00688   0.06025   0.00305   0.00326   0.04110   0.00088   0.02041   0.01053   0.01525   0.04976   0.02609   0.00585   0.01000   0.01807   0.00437   0.01047   0.33899   0.14738   0.01523   0.19741   0.09897   0.04836   0.04783   0.11679   4.38824   0.38039   0.78100   1.47501   0.17163   1.10730  
 70 3981.2309  13656.428890  x:  0.41453   0.10114   0.27557   0.14675   0.01222   0.10437   0.02156   0.08669   0.03941   0.01428   0.02003   0.09710   0.10326   0.07880   0.03695   0.03571   0.00636   0.01791   0.00369   0.00263   0.01546   0.00784   0.00508   0.00708   0.00209   0.01213   0.00400   0.00802   0.00821   0.00819   0.00996   0.02440   0.03772   0.00398   0.02614   0.00925   0.02109   0.02126   0.05467   0.00558   0.05786   0.00303   0.00332   0.04111   0.00082   0.01853   0.00998   0.01787   0.04779   0.02959   0.00517   0.01056   0.01813   0.00460   0.00941   0.35056   0.14552   0.01624   0.19611   0.10007   0.04956   0.04513   0.11135   4.46385   0.38789   0.78056   1.48238   0.17011   1.10447  
 71 1587.4803  13653.216959  x:  0.41334   0.09316   0.25746   0.14387   0.01389   0.09954   0.02255   0.08161   0.04552   0.01283   0.02000   0.09197   0.10296   0.07951   0.03629   0.03340   0.01280   0.01651   0.00372   0.00264   0.01496   0.00802   0.00519   0.00713   0.00211   0.01236   0.00395   0.00781   0.00856   0.00802   0.01219   0.02418   0.03812   0.00398   0.02798   0.00943   0.01957   0.01770   0.05371   0.00780   0.06019   0.00303   0.00325   0.04023   0.00081   0.01927   0.01001   0.01794   0.04471   0.03170   0.00513   0.01070   0.01809   0.00452   0.00921   0.36209   0.14688   0.01941   0.19566   0.10128   0.04904   0.04431   0.10745   4.53597   0.39778   0.78247   1.48857   0.17028   1.10169  
 72 2034.8058  13649.864544  x:  0.41244   0.08413   0.23985   0.14159   0.01377   0.09535   0.02147   0.07990   0.05055   0.01474   0.01772   0.08644   0.10372   0.07983   0.03439   0.03146   0.01023   0.01995   0.00366   0.00265   0.01659   0.00803   0.00502   0.00699   0.00206   0.01207   0.00419   0.00797   0.00855   0.00791   0.01096   0.02593   0.03785   0.00401   0.03111   0.00955   0.01969   0.02284   0.05290   0.00961   0.06663   0.00303   0.00305   0.03911   0.00087   0.02159   0.01071   0.01508   0.04111   0.02986   0.00567   0.01033   0.01798   0.00418   0.00988   0.37398   0.15234   0.02323   0.19610   0.10197   0.04670   0.04626   0.10546   4.60744   0.41084   0.78757   1.49359   0.17233   1.09882  
 73 1535.2423  13647.332646  x:  0.41222   0.07797   0.22899   0.14169   0.01362   0.09545   0.01990   0.08444   0.04812   0.01413   0.01733   0.08404   0.10646   0.07925   0.03223   0.03541   0.01029   0.01817   0.00372   0.00267   0.01567   0.00824   0.00508   0.00697   0.00213   0.01242   0.00406   0.00800   0.00811   0.00797   0.01325   0.02536   0.03671   0.00410   0.02740   0.00912   0.02110   0.02432   0.05193   0.00644   0.07135   0.00298   0.00308   0.03924   0.00082   0.01989   0.01007   0.01909   0.04018   0.02540   0.00627   0.01042   0.01814   0.00426   0.00965   0.38342   0.16225   0.02257   0.19751   0.10070   0.04367   0.04917   0.10671   4.66230   0.42546   0.79695   1.49559   0.17371   1.09642  
 74 730.9686  13644.916348  x:  0.41216   0.07399   0.22137   0.14299   0.01408   0.09797   0.01993   0.09053   0.04331   0.01378   0.01948   0.08419   0.10993   0.07863   0.03269   0.03770   0.01068   0.01754   0.00372   0.00266   0.01594   0.00806   0.00472   0.00694   0.00205   0.01245   0.00430   0.00791   0.00849   0.00816   0.00913   0.02473   0.03653   0.00420   0.02546   0.00915   0.02007   0.02097   0.05157   0.00850   0.07319   0.00301   0.00294   0.04009   0.00088   0.01949   0.01046   0.01580   0.04219   0.02592   0.00619   0.01049   0.01801   0.00414   0.00962   0.39226   0.17384   0.01993   0.19931   0.09861   0.04194   0.05144   0.10915   4.71364   0.44176   0.80945   1.49621   0.17340   1.09400  
 75 995.6549  13643.215533  x:  0.41206   0.07277   0.21753   0.14462   0.01451   0.10102   0.02105   0.09492   0.04031   0.01402   0.01982   0.08615   0.11271   0.07802   0.03448   0.03637   0.00873   0.01915   0.00368   0.00268   0.01620   0.00804   0.00466   0.00696   0.00203   0.01239   0.00436   0.00799   0.00845   0.00791   0.01369   0.02490   0.03727   0.00420   0.02728   0.00892   0.01940   0.01979   0.05151   0.00898   0.07198   0.00305   0.00286   0.04031   0.00089   0.02054   0.01076   0.01502   0.04394   0.02961   0.00560   0.01055   0.01797   0.00405   0.00943   0.39902   0.18339   0.01774   0.20096   0.09694   0.04223   0.05169   0.11160   4.75408   0.45602   0.82186   1.49585   0.17197   1.09199  
 76 1110.9810  13641.528101  x:  0.41183   0.07390   0.21635   0.14655   0.01404   0.10419   0.02194   0.09753   0.04004   0.01413   0.01822   0.08957   0.11483   0.07728   0.03631   0.03320   0.01081   0.01953   0.00368   0.00272   0.01595   0.00811   0.00502   0.00705   0.00212   0.01240   0.00410   0.00804   0.00830   0.00792   0.01115   0.02576   0.03816   0.00401   0.03063   0.00962   0.02002   0.02219   0.05162   0.00691   0.06853   0.00306   0.00296   0.03975   0.00084   0.02104   0.01031   0.01836   0.04478   0.03219   0.00509   0.01053   0.01815   0.00410   0.00976   0.40515   0.19199   0.01684   0.20271   0.09593   0.04417   0.04989   0.11431   4.79289   0.47095   0.83644   1.49462   0.17023   1.08993  
 77 966.7154  13639.612521  x:  0.41108   0.07909   0.21958   0.14887   0.01119   0.10658   0.02050   0.09608   0.04447   0.01414   0.01798   0.09500   0.11506   0.07627   0.03573   0.03123   0.01042   0.01635   0.00374   0.00265   0.01503   0.00816   0.00489   0.00704   0.00209   0.01224   0.00415   0.00790   0.00842   0.00797   0.01200   0.02683   0.03804   0.00398   0.02989   0.00925   0.02083   0.02283   0.05225   0.00795   0.06365   0.00303   0.00325   0.03890   0.00087   0.01925   0.01056   0.01549   0.04473   0.02789   0.00554   0.01022   0.01810   0.00443   0.00975   0.41103   0.19859   0.01904   0.20470   0.09672   0.04789   0.04536   0.11737   4.83663   0.48930   0.85753   1.49174   0.16987   1.08738  
 78 590.7861  13638.427183  x:  0.41015   0.08362   0.22378   0.15018   0.01050   0.10697   0.01917   0.09287   0.04667   0.01419   0.01927   0.09849   0.11357   0.07558   0.03449   0.03360   0.01029   0.02055   0.00368   0.00265   0.01676   0.00813   0.00529   0.00705   0.00212   0.01196   0.00396   0.00794   0.00838   0.00801   0.01171   0.02659   0.03762   0.00384   0.02866   0.00927   0.01951   0.02062   0.05273   0.00782   0.06272   0.00300   0.00347   0.03914   0.00083   0.02063   0.01013   0.01692   0.04379   0.02619   0.00585   0.01007   0.01802   0.00466   0.00960   0.41393   0.19992   0.02025   0.20568   0.09826   0.04953   0.04350   0.11870   4.86544   0.50175   0.87394   1.48905   0.17104   1.08554  
 79 651.0926  13636.455779  x:  0.40756   0.09143   0.23390   0.15148   0.01221   0.10515   0.01882   0.08542   0.04512   0.01402   0.01862   0.10220   0.10771   0.07498   0.03456   0.03899   0.01001   0.01892   0.00370   0.00268   0.01440   0.00821   0.00490   0.00705   0.00212   0.01232   0.00410   0.00804   0.00816   0.00795   0.01158   0.02637   0.03730   0.00407   0.02997   0.00927   0.02063   0.02197   0.05382   0.00716   0.06740   0.00304   0.00310   0.04108   0.00086   0.02111   0.01013   0.01586   0.04240   0.03022   0.00541   0.01051   0.01800   0.00429   0.00973   0.41618   0.19479   0.01944   0.20619   0.10198   0.04920   0.04618   0.11888   4.91358   0.52249   0.90635   1.48302   0.17417   1.08210  
 80 525.6996  13635.210974  x:  0.40533   0.09490   0.24099   0.15157   0.01153   0.10324   0.02082   0.08360   0.04258   0.01475   0.01834   0.10132   0.10325   0.07490   0.03468   0.03605   0.00995   0.01732   0.00369   0.00273   0.01852   0.00807   0.00512   0.00705   0.00214   0.01223   0.00414   0.00803   0.00850   0.00798   0.01182   0.02629   0.03747   0.00387   0.02979   0.00931   0.02016   0.02203   0.05391   0.00871   0.07043   0.00305   0.00306   0.04060   0.00086   0.01910   0.01043   0.01765   0.04364   0.02942   0.00555   0.01016   0.01808   0.00417   0.00971   0.41567   0.18763   0.01750   0.20573   0.10370   0.04699   0.04858   0.11833   4.94477   0.53508   0.92984   1.47839   0.17448   1.07967  
 81 604.6601  13634.042997  x:  0.40305   0.09648   0.24730   0.15123   0.01045   0.10138   0.02241   0.08521   0.04091   0.01393   0.01867   0.09814   0.09971   0.07507   0.03465   0.03167   0.01042   0.01937   0.00372   0.00266   0.01541   0.00813   0.00474   0.00698   0.00205   0.01236   0.00424   0.00798   0.00833   0.00798   0.01165   0.02598   0.03762   0.00401   0.02892   0.00926   0.02001   0.02105   0.05332   0.00681   0.07146   0.00302   0.00310   0.03908   0.00088   0.01983   0.01030   0.01677   0.04488   0.02718   0.00574   0.01028   0.01805   0.00431   0.00971   0.41362   0.17888   0.01596   0.20481   0.10432   0.04448   0.05024   0.11771   4.97289   0.54541   0.95276   1.47373   0.17414   1.07732  
 82 706.8040  13632.796009  x:  0.40043   0.09484   0.25325   0.15048   0.01247   0.10039   0.02096   0.09380   0.04372   0.01371   0.01946   0.09152   0.09939   0.07644   0.03512   0.03412   0.01017   0.01825   0.00371   0.00270   0.01648   0.00813   0.00489   0.00696   0.00210   0.01236   0.00421   0.00809   0.00815   0.00785   0.01169   0.02526   0.03714   0.00399   0.02961   0.00919   0.02137   0.02145   0.05264   0.00712   0.06793   0.00305   0.00292   0.03838   0.00087   0.02196   0.01028   0.01690   0.04599   0.02813   0.00576   0.01031   0.01790   0.00406   0.00956   0.40784   0.16600   0.01866   0.20291   0.10246   0.04401   0.05040   0.11755   5.00438   0.55380   0.98202   1.46762   0.17544   1.07425  
 83 350.2373  13632.448293  x:  0.39999   0.09379   0.25402   0.15020   0.01289   0.10089   0.02054   0.09534   0.04411   0.01409   0.01830   0.09030   0.10084   0.07697   0.03492   0.03468   0.01026   0.01921   0.00370   0.00269   0.01594   0.00811   0.00487   0.00697   0.00209   0.01239   0.00420   0.00801   0.00842   0.00798   0.01174   0.02526   0.03723   0.00404   0.02974   0.00934   0.01960   0.02167   0.05276   0.00736   0.06747   0.00306   0.00291   0.03927   0.00087   0.01921   0.01033   0.01674   0.04498   0.02866   0.00565   0.01042   0.01814   0.00407   0.00981   0.40530   0.16259   0.01913   0.20215   0.10132   0.04456   0.04994   0.11751   5.01298   0.55463   0.99114   1.46569   0.17627   1.07326  
 84 278.6052  13631.761482  x:  0.40014   0.09060   0.25251   0.14933   0.01223   0.10387   0.02069   0.09387   0.04272   0.01421   0.01862   0.09057   0.10792   0.07785   0.03423   0.03336   0.01027   0.01865   0.00371   0.00267   0.01610   0.00812   0.00495   0.00703   0.00208   0.01227   0.00415   0.00802   0.00830   0.00795   0.01168   0.02618   0.03784   0.00391   0.02928   0.00928   0.02043   0.02126   0.05368   0.00789   0.06883   0.00304   0.00312   0.04232   0.00086   0.02047   0.01028   0.01687   0.04044   0.02816   0.00591   0.01033   0.01783   0.00431   0.00967   0.39750   0.15707   0.01844   0.19991   0.09762   0.04666   0.04826   0.11729   5.03058   0.55139   1.01337   1.46096   0.17835   1.07069  
 85 192.4917  13630.943918  x:  0.40172   0.08878   0.24687   0.14738   0.01258   0.10578   0.02081   0.08898   0.04327   0.01361   0.01976   0.09338   0.11604   0.07704   0.03540   0.03437   0.01020   0.01868   0.00371   0.00269   0.01599   0.00812   0.00489   0.00698   0.00209   0.01244   0.00418   0.00800   0.00840   0.00795   0.01176   0.02543   0.03688   0.00403   0.02939   0.00923   0.01957   0.02226   0.05359   0.00755   0.06958   0.00304   0.00293   0.03766   0.00087   0.02034   0.01025   0.01683   0.04345   0.02766   0.00586   0.01039   0.01880   0.00408   0.00968   0.38683   0.15461   0.01968   0.19710   0.09512   0.04503   0.04924   0.11676   5.05169   0.54137   1.04398   1.45438   0.17884   1.06694  
 86 208.7689  13630.503952  x:  0.40297   0.08955   0.24282   0.14596   0.01168   0.10487   0.02018   0.08798   0.04386   0.01455   0.01717   0.09415   0.11813   0.07626   0.03491   0.03456   0.01014   0.01885   0.00372   0.00267   0.01610   0.00810   0.00487   0.00694   0.00207   0.01231   0.00420   0.00804   0.00819   0.00798   0.01162   0.02508   0.03724   0.00398   0.02905   0.00931   0.02078   0.02082   0.05294   0.00723   0.06906   0.00302   0.00299   0.03785   0.00087   0.02036   0.01032   0.01677   0.04532   0.02821   0.00587   0.01026   0.01673   0.00416   0.00972   0.38177   0.15524   0.01973   0.19606   0.09553   0.04381   0.04973   0.11611   5.06289   0.53369   1.06150   1.45059   0.17963   1.06468  
 87 296.9599  13629.489895  x:  0.40640   0.09414   0.23197   0.14233   0.01036   0.10031   0.01987   0.08887   0.04477   0.01383   0.01857   0.09429   0.11871   0.07496   0.03315   0.03376   0.01040   0.01878   0.00373   0.00263   0.01621   0.00810   0.00480   0.00696   0.00204   0.01236   0.00424   0.00797   0.00823   0.00793   0.01171   0.02568   0.03852   0.00388   0.02904   0.00922   0.02052   0.02159   0.05170   0.00698   0.06678   0.00301   0.00311   0.04249   0.00086   0.02043   0.01038   0.01680   0.04691   0.02900   0.00547   0.01020   0.01950   0.00430   0.00960   0.37157   0.15967   0.01888   0.19467   0.09918   0.04250   0.05074   0.11388   5.08964   0.51152   1.10532   1.44105   0.18304   1.05882  
 88 437.0806  13628.798962  x:  0.40838   0.09764   0.22486   0.14067   0.01318   0.09813   0.02164   0.09043   0.04375   0.01339   0.01966   0.09352   0.11674   0.07552   0.03405   0.03361   0.01040   0.01872   0.00371   0.00269   0.01611   0.00807   0.00487   0.00699   0.00206   0.01253   0.00422   0.00800   0.00837   0.00794   0.01177   0.02591   0.03747   0.00396   0.02960   0.00923   0.01960   0.02219   0.05253   0.00723   0.06590   0.00306   0.00292   0.04197   0.00086   0.02019   0.01042   0.01682   0.04456   0.02757   0.00606   0.01037   0.01646   0.00409   0.00963   0.36693   0.16335   0.01863   0.19453   0.10154   0.04415   0.05089   0.11229   5.10742   0.49480   1.13537   1.43442   0.18496   1.05465  
 89 496.0874  13628.368398  x:  0.40918   0.09935   0.22085   0.14037   0.01360   0.09781   0.02199   0.09117   0.04224   0.01411   0.01808   0.09196   0.11425   0.07670   0.03474   0.03407   0.01017   0.01871   0.00370   0.00270   0.01603   0.00806   0.00492   0.00699   0.00207   0.01235   0.00418   0.00804   0.00829   0.00795   0.01163   0.02541   0.03662   0.00395   0.02965   0.00928   0.02041   0.02100   0.05382   0.00784   0.06607   0.00305   0.00290   0.03949   0.00086   0.02044   0.01034   0.01678   0.04239   0.02728   0.00611   0.01044   0.01876   0.00406   0.00969   0.36596   0.16566   0.01862   0.19493   0.10213   0.04573   0.04989   0.11148   5.11865   0.48295   1.15490   1.43002   0.18567   1.05179  
 90 435.2663  13627.957405  x:  0.40900   0.09926   0.21839   0.14157   0.01102   0.09946   0.02054   0.09058   0.04144   0.01370   0.01909   0.08933   0.11073   0.07835   0.03434   0.03456   0.01018   0.01858   0.00372   0.00263   0.01601   0.00807   0.00489   0.00696   0.00204   0.01230   0.00417   0.00797   0.00835   0.00793   0.01167   0.02475   0.03736   0.00393   0.02949   0.00922   0.02000   0.02173   0.05516   0.00780   0.06715   0.00299   0.00310   0.03807   0.00086   0.02023   0.01014   0.01686   0.04236   0.02880   0.00595   0.01024   0.01769   0.00431   0.00964   0.36872   0.16732   0.01890   0.19595   0.10068   0.04621   0.04790   0.11124   5.12911   0.46995   1.17386   1.42555   0.18590   1.04873  
 91 245.4069  13627.335021  x:  0.40751   0.09658   0.21663   0.14536   0.01363   0.10349   0.02080   0.08860   0.04323   0.01395   0.01854   0.08728   0.10564   0.08001   0.03451   0.03413   0.01022   0.01870   0.00369   0.00266   0.01604   0.00809   0.00496   0.00701   0.00205   0.01241   0.00416   0.00804   0.00827   0.00797   0.01169   0.02465   0.03816   0.00390   0.02933   0.00925   0.02016   0.02162   0.05582   0.00702   0.06832   0.00302   0.00296   0.04090   0.00085   0.02047   0.01022   0.01678   0.04505   0.02752   0.00612   0.01047   0.01814   0.00414   0.00968   0.37766   0.16897   0.01963   0.19794   0.09656   0.04564   0.04738   0.11129   5.14526   0.44768   1.20385   1.41817   0.18647   1.04348  
 92 292.9422  13626.891269  x:  0.40539   0.09219   0.21783   0.14837   0.01256   0.10238   0.02077   0.08791   0.04367   0.01389   0.01857   0.08859   0.10544   0.07815   0.03376   0.03407   0.01030   0.01870   0.00371   0.00267   0.01606   0.00806   0.00486   0.00697   0.00203   0.01238   0.00421   0.00800   0.00831   0.00792   0.01168   0.02549   0.03562   0.00397   0.02942   0.00924   0.02010   0.02160   0.05314   0.00770   0.06571   0.00302   0.00297   0.04052   0.00086   0.02041   0.01036   0.01683   0.04281   0.02803   0.00606   0.01035   0.01802   0.00415   0.00964   0.38807   0.16898   0.01862   0.19894   0.09509   0.04483   0.05026   0.11130   5.15658   0.43057   1.22516   1.41242   0.18718   1.03914  
 93 179.4299  13626.723350  x:  0.40429   0.09013   0.21924   0.14880   0.01252   0.10024   0.02108   0.08844   0.04309   0.01385   0.01856   0.08973   0.10737   0.07759   0.03436   0.03430   0.01025   0.01865   0.00371   0.00267   0.01604   0.00806   0.00487   0.00694   0.00204   0.01240   0.00422   0.00801   0.00831   0.00793   0.01167   0.02491   0.03847   0.00390   0.02932   0.00925   0.02003   0.02160   0.05306   0.00778   0.06572   0.00302   0.00290   0.03995   0.00086   0.02043   0.01029   0.01683   0.04233   0.02767   0.00621   0.01036   0.01805   0.00406   0.00966   0.39336   0.16885   0.01947   0.19890   0.09631   0.04483   0.05027   0.11129   5.16100   0.42359   1.23338   1.40983   0.18752   1.03707  
 94 127.9432  13626.632335  x:  0.40360   0.08900   0.22052   0.14788   0.01252   0.09879   0.02129   0.08912   0.04293   0.01388   0.01860   0.09015   0.10945   0.07773   0.03448   0.03420   0.01025   0.01865   0.00371   0.00266   0.01601   0.00808   0.00491   0.00697   0.00204   0.01237   0.00417   0.00800   0.00830   0.00794   0.01168   0.02504   0.03717   0.00393   0.02930   0.00925   0.02006   0.02161   0.05399   0.00751   0.06694   0.00300   0.00298   0.04032   0.00086   0.02043   0.01025   0.01682   0.04335   0.02786   0.00611   0.01035   0.01804   0.00415   0.00965   0.39678   0.16881   0.01961   0.19840   0.09812   0.04515   0.04871   0.11116   5.16339   0.41979   1.23761   1.40808   0.18719   1.03554  
 95 73.7930  13626.603737  x:  0.40345   0.08891   0.22124   0.14580   0.01268   0.09977   0.02115   0.08908   0.04334   0.01388   0.01860   0.08953   0.11012   0.07759   0.03408   0.03428   0.01027   0.01867   0.00371   0.00267   0.01602   0.00808   0.00490   0.00698   0.00204   0.01235   0.00418   0.00801   0.00830   0.00794   0.01168   0.02528   0.03742   0.00393   0.02927   0.00925   0.02009   0.02159   0.05408   0.00749   0.06704   0.00301   0.00299   0.04004   0.00086   0.02042   0.01029   0.01681   0.04358   0.02785   0.00609   0.01036   0.01805   0.00416   0.00965   0.39810   0.16902   0.01887   0.19761   0.09904   0.04590   0.04924   0.11117   5.16425   0.41866   1.23856   1.40688   0.18714   1.03430  
 96 19.7550  13626.585361  x:  0.40343   0.08900   0.22173   0.14399   0.01281   0.10052   0.02092   0.08888   0.04297   0.01388   0.01861   0.08916   0.11028   0.07735   0.03446   0.03412   0.01026   0.01866   0.00371   0.00267   0.01601   0.00808   0.00491   0.00697   0.00204   0.01237   0.00417   0.00801   0.00830   0.00794   0.01168   0.02514   0.03729   0.00393   0.02928   0.00925   0.02008   0.02159   0.05375   0.00756   0.06679   0.00300   0.00297   0.04019   0.00086   0.02042   0.01026   0.01683   0.04329   0.02785   0.00611   0.01035   0.01804   0.00414   0.00965   0.39887   0.16926   0.01932   0.19699   0.09930   0.04529   0.04905   0.11147   5.16489   0.41803   1.23887   1.40564   0.18739   1.03295  
 97 21.1639  13626.560359  x:  0.40358   0.08889   0.22197   0.14238   0.01242   0.10022   0.02191   0.08906   0.04301   0.01389   0.01856   0.08978   0.10979   0.07757   0.03419   0.03458   0.01023   0.01866   0.00371   0.00266   0.01599   0.00809   0.00490   0.00697   0.00204   0.01236   0.00418   0.00800   0.00830   0.00794   0.01167   0.02523   0.03733   0.00393   0.02941   0.00925   0.02008   0.02161   0.05369   0.00755   0.06683   0.00300   0.00300   0.04026   0.00086   0.02043   0.01026   0.01679   0.04324   0.02780   0.00611   0.01032   0.01803   0.00417   0.00965   0.39918   0.16939   0.01956   0.19652   0.09826   0.04522   0.04889   0.11192   5.16599   0.41752   1.23851   1.40262   0.18724   1.02956  
 98 12.3002  13626.502518  x:  0.40396   0.08862   0.22226   0.14027   0.01281   0.09910   0.02072   0.08943   0.04306   0.01386   0.01864   0.09127   0.10889   0.07811   0.03425   0.03411   0.01026   0.01866   0.00370   0.00267   0.01603   0.00808   0.00490   0.00697   0.00204   0.01236   0.00418   0.00801   0.00829   0.00794   0.01168   0.02513   0.03737   0.00393   0.02922   0.00925   0.02007   0.02160   0.05387   0.00752   0.06714   0.00300   0.00297   0.04015   0.00086   0.02041   0.01027   0.01683   0.04326   0.02787   0.00613   0.01036   0.01803   0.00414   0.00965   0.39949   0.16956   0.01933   0.19595   0.09634   0.04567   0.04900   0.11253   5.16861   0.41650   1.23728   1.39510   0.18722   1.02106  
 99 58.9444  13625.598052  x:  0.40984   0.08722   0.22410   0.14019   0.01149   0.09925   0.02191   0.09050   0.04666   0.01377   0.01851   0.09212   0.10847   0.07800   0.03837   0.03405   0.01017   0.01871   0.00365   0.00265   0.01596   0.00810   0.00470   0.00693   0.00195   0.01255   0.00428   0.00799   0.00822   0.00797   0.01168   0.02371   0.03737   0.00390   0.02835   0.00911   0.02007   0.02183   0.05426   0.00777   0.06783   0.00295   0.00296   0.03902   0.00087   0.02043   0.01022   0.01702   0.04318   0.02773   0.00658   0.01029   0.01789   0.00413   0.00960   0.39940   0.17091   0.01459   0.19734   0.09529   0.04442   0.04682   0.11267   5.21062   0.40250   1.21358   1.27051   0.19445   0.87924  
100 83.2408  13622.997140  x:  0.42274   0.08390   0.22817   0.14269   0.01184   0.10022   0.02169   0.09016   0.04534   0.01382   0.01852   0.09101   0.10856   0.07698   0.03642   0.03387   0.01019   0.01869   0.00352   0.00271   0.01595   0.00806   0.00457   0.00669   0.00191   0.01248   0.00440   0.00808   0.00812   0.00783   0.01161   0.02429   0.03731   0.00387   0.02820   0.00907   0.01997   0.02182   0.05468   0.00761   0.06730   0.00278   0.00267   0.03972   0.00089   0.02045   0.01032   0.01707   0.04235   0.02722   0.00744   0.01013   0.01771   0.00373   0.00952   0.39756   0.17466   0.01688   0.20123   0.09660   0.04530   0.04724   0.11326   5.31584   0.36759   1.15458   0.95827   0.19359   0.52333  
101 2240.9572  13622.599387  x:  0.40128   0.08462   0.22814   0.14443   0.01151   0.10056   0.02175   0.09020   0.04566   0.01382   0.01853   0.09211   0.10815   0.08124   0.03670   0.03382   0.01019   0.01871   0.00350   0.00271   0.01593   0.00806   0.00454   0.00666   0.00189   0.01248   0.00441   0.00807   0.00809   0.00783   0.01160   0.02432   0.03732   0.00385   0.02801   0.00905   0.01997   0.02185   0.05159   0.00769   0.06760   0.00274   0.00267   0.03956   0.00089   0.02044   0.01030   0.01710   0.04219   0.02714   0.00762   0.01006   0.01765   0.00372   0.00949   0.39287   0.18026   0.01654   0.19605   0.09760   0.04534   0.04708   0.11356   5.33277   0.36223   1.14725   0.92089   0.19499   0.45236  
102 61.5022  13622.352673  x:  0.39031   0.08506   0.22776   0.14336   0.01155   0.10026   0.02181   0.09028   0.04574   0.01379   0.01851   0.09159   0.10778   0.07454   0.03674   0.03380   0.01020   0.01869   0.00348   0.00271   0.01594   0.00804   0.00448   0.00663   0.00188   0.01251   0.00445   0.00809   0.00808   0.00781   0.01159   0.02413   0.03731   0.00386   0.02798   0.00903   0.01992   0.02188   0.05655   0.00759   0.06722   0.00273   0.00259   0.03974   0.00089   0.02047   0.01034   0.01712   0.04206   0.02708   0.00775   0.01007   0.01763   0.00363   0.00949   0.39051   0.18199   0.01621   0.19778   0.09612   0.04527   0.04680   0.11389   5.34258   0.35961   1.14429   0.90440   0.19555   0.40462  
103 106.0760  13619.132805  x:  0.37068   0.09046   0.22921   0.13188   0.01159   0.10040   0.02190   0.08980   0.04597   0.01373   0.01854   0.09189   0.11559   0.08058   0.03666   0.03367   0.01017   0.01872   0.00335   0.00275   0.01593   0.00801   0.00427   0.00644   0.00180   0.01256   0.00461   0.00816   0.00795   0.00770   0.01152   0.02400   0.03725   0.00382   0.02779   0.00892   0.01996   0.02185   0.05256   0.00750   0.06731   0.00258   0.00238   0.03960   0.00092   0.02043   0.01043   0.01725   0.04179   0.02633   0.00876   0.00990   0.01738   0.00332   0.00941   0.38579   0.18287   0.01484   0.23215   0.09408   0.04442   0.04746   0.11447   5.41226   0.34762   1.13713   0.83272   0.19639   0.00010  
104 102.6387  13618.822095  x:  0.36832   0.08893   0.23265   0.13408   0.01128   0.10066   0.02200   0.09022   0.04633   0.01374   0.01850   0.09206   0.11434   0.07864   0.03672   0.03354   0.01016   0.01873   0.00323   0.00278   0.01591   0.00798   0.00409   0.00626   0.00174   0.01260   0.00475   0.00822   0.00784   0.00761   0.01146   0.02383   0.03720   0.00380   0.02748   0.00883   0.01987   0.02192   0.05427   0.00742   0.06726   0.00245   0.00216   0.03982   0.00093   0.02046   0.01049   0.01736   0.04108   0.02584   0.00958   0.00976   0.01719   0.00302   0.00935   0.38307   0.18697   0.01484   0.22772   0.09412   0.04468   0.04686   0.11501   5.47045   0.33960   1.13404   0.78431   0.19702   0.00010  
105 20.3220  13609.247510  x:  0.37251   0.08504   0.26144   0.14180   0.01009   0.10302   0.02216   0.09269   0.04696   0.01392   0.01836   0.09283   0.11484   0.07919   0.03425   0.03273   0.01016   0.01891   0.00235   0.00297   0.01572   0.00771   0.00272   0.00504   0.00129   0.01260   0.00569   0.00861   0.00711   0.00689   0.01104   0.02365   0.03645   0.00409   0.02584   0.00832   0.01951   0.02221   0.05502   0.00751   0.06809   0.00146   0.00057   0.04089   0.00106   0.02045   0.01100   0.01841   0.03966   0.02684   0.01000   0.00972   0.01726   0.00088   0.00888   0.36870   0.20338   0.01669   0.22503   0.09630   0.04598   0.04512   0.11802   5.82393   0.34317   1.21788   0.97536   0.19100   0.00010  
106  2.0736  13600.993507  x:  0.39031   0.07693   0.29380   0.15451   0.00843   0.10731   0.02198   0.09725   0.04648   0.01480   0.01858   0.09615   0.10822   0.07424   0.03186   0.03222   0.01005   0.01908   0.00234   0.00332   0.01461   0.00759   0.00382   0.00624   0.00153   0.01212   0.00531   0.00895   0.00657   0.00625   0.01056   0.02628   0.03647   0.00415   0.02346   0.00801   0.01915   0.02253   0.05547   0.00819   0.07021   0.00048   0.00350   0.04130   0.00110   0.02025   0.01119   0.01892   0.03935   0.02786   0.01069   0.00980   0.01732   0.00266   0.00810   0.35303   0.21609   0.01976   0.21557   0.10111   0.04749   0.04445   0.12258   6.38907   0.33643   1.31460   1.13333   0.18636   0.00010  
107  1.5389  13598.270650  x:  0.41715   0.07690   0.29311   0.15527   0.00930   0.10732   0.02155   0.09709   0.04530   0.01497   0.01878   0.09809   0.10343   0.07391   0.03386   0.03320   0.00992   0.01880   0.00198   0.00391   0.01487   0.00767   0.00553   0.00788   0.00132   0.01203   0.00442   0.00863   0.00765   0.00718   0.01071   0.02725   0.03725   0.00364   0.02574   0.00852   0.01961   0.02228   0.05512   0.00779   0.06985   0.00253   0.00348   0.04124   0.00111   0.02021   0.01086   0.01791   0.04172   0.02815   0.00970   0.01062   0.01759   0.00232   0.00826   0.36667   0.20320   0.02003   0.21025   0.10482   0.04650   0.04768   0.12136   6.65610   0.33745   1.34872   1.16670   0.18726   0.00010  
108  0.3748  13596.831989  x:  0.43033   0.08082   0.28181   0.15069   0.01025   0.10606   0.02142   0.09484   0.04472   0.01415   0.01860   0.09907   0.10469   0.07707   0.03515   0.03376   0.01000   0.01870   0.00156   0.00372   0.01600   0.00747   0.00423   0.00753   0.00135   0.01216   0.00514   0.00845   0.00805   0.00747   0.01118   0.02540   0.03730   0.00395   0.02742   0.00880   0.02005   0.02192   0.05393   0.00703   0.06824   0.00166   0.00326   0.04172   0.00123   0.02035   0.01052   0.01776   0.04273   0.02807   0.00904   0.01044   0.01764   0.00234   0.00902   0.37937   0.18688   0.01928   0.21135   0.10694   0.04606   0.04766   0.11885   6.89963   0.32556   1.38688   1.18918   0.18935   0.00010  
109  0.2079  13596.482929  x:  0.42296   0.08119   0.27930   0.15018   0.00970   0.10573   0.02153   0.09457   0.04458   0.01426   0.01868   0.09876   0.10608   0.07672   0.03515   0.03366   0.01001   0.01874   0.00137   0.00387   0.01562   0.00754   0.00506   0.00728   0.00155   0.01212   0.00478   0.00833   0.00776   0.00734   0.01120   0.02568   0.03739   0.00373   0.02697   0.00873   0.01997   0.02192   0.05437   0.00714   0.06805   0.00107   0.00292   0.04155   0.00127   0.02027   0.01060   0.01755   0.04256   0.02766   0.00915   0.01041   0.01752   0.00221   0.00885   0.37678   0.18679   0.01905   0.21290   0.10548   0.04593   0.04800   0.11860   7.01134   0.32608   1.39633   1.19925   0.18984   0.00010  
110  0.1262  13596.371294  x:  0.41778   0.08098   0.27989   0.15090   0.00972   0.10588   0.02163   0.09490   0.04471   0.01432   0.01868   0.09809   0.10703   0.07643   0.03455   0.03342   0.01003   0.01883   0.00140   0.00382   0.01549   0.00755   0.00461   0.00731   0.00136   0.01214   0.00498   0.00842   0.00757   0.00716   0.01111   0.02580   0.03724   0.00388   0.02647   0.00865   0.01984   0.02200   0.05468   0.00732   0.06822   0.00112   0.00277   0.04141   0.00131   0.02026   0.01071   0.01780   0.04208   0.02769   0.00927   0.01040   0.01752   0.00244   0.00873   0.37285   0.19014   0.01925   0.21328   0.10442   0.04619   0.04759   0.11914   7.05640   0.32418   1.40013   1.20559   0.18934   0.00010  
111  0.0549  13596.338202  x:  0.42006   0.08081   0.28108   0.15161   0.00973   0.10607   0.02166   0.09534   0.04484   0.01438   0.01869   0.09789   0.10653   0.07646   0.03446   0.03341   0.01002   0.01880   0.00152   0.00384   0.01556   0.00756   0.00452   0.00741   0.00146   0.01219   0.00493   0.00847   0.00769   0.00722   0.01102   0.02586   0.03718   0.00390   0.02642   0.00869   0.01984   0.02204   0.05471   0.00737   0.06861   0.00110   0.00254   0.04135   0.00136   0.02029   0.01071   0.01780   0.04208   0.02795   0.00911   0.01035   0.01759   0.00233   0.00878   0.37386   0.19142   0.01957   0.21295   0.10450   0.04623   0.04778   0.11959   7.08567   0.32389   1.40025   1.20258   0.18885   0.00010  
112  0.0169  13596.328612  x:  0.42040   0.08100   0.28118   0.15149   0.00970   0.10603   0.02164   0.09523   0.04485   0.01435   0.01868   0.09803   0.10651   0.07652   0.03459   0.03347   0.01002   0.01880   0.00154   0.00383   0.01551   0.00756   0.00455   0.00739   0.00139   0.01218   0.00489   0.00845   0.00765   0.00721   0.01107   0.02581   0.03722   0.00385   0.02646   0.00867   0.01986   0.02204   0.05467   0.00733   0.06852   0.00117   0.00240   0.04143   0.00139   0.02029   0.01070   0.01777   0.04208   0.02781   0.00918   0.01031   0.01755   0.00229   0.00876   0.37421   0.19112   0.01948   0.21309   0.10469   0.04620   0.04766   0.11945   7.09056   0.32203   1.40132   1.19872   0.18912   0.00010  
113  0.0052  13596.327013  x:  0.42010   0.08100   0.28116   0.15136   0.00973   0.10599   0.02164   0.09515   0.04484   0.01433   0.01868   0.09809   0.10662   0.07653   0.03461   0.03346   0.01002   0.01881   0.00154   0.00381   0.01552   0.00756   0.00452   0.00737   0.00138   0.01217   0.00490   0.00845   0.00765   0.00721   0.01108   0.02577   0.03722   0.00386   0.02650   0.00867   0.01986   0.02202   0.05466   0.00731   0.06844   0.00116   0.00238   0.04145   0.00141   0.02029   0.01070   0.01777   0.04210   0.02778   0.00919   0.01031   0.01755   0.00229   0.00876   0.37428   0.19085   0.01942   0.21314   0.10473   0.04621   0.04762   0.11939   7.08764   0.32336   1.40035   1.19854   0.18913   0.00010  
114  0.0045  13596.326065  x:  0.41973   0.08097   0.28106   0.15128   0.00974   0.10598   0.02163   0.09509   0.04480   0.01433   0.01868   0.09812   0.10668   0.07651   0.03458   0.03344   0.01002   0.01881   0.00153   0.00379   0.01554   0.00756   0.00451   0.00735   0.00140   0.01216   0.00490   0.00844   0.00766   0.00721   0.01108   0.02576   0.03722   0.00386   0.02653   0.00868   0.01986   0.02201   0.05467   0.00730   0.06839   0.00115   0.00237   0.04144   0.00142   0.02028   0.01070   0.01777   0.04212   0.02780   0.00919   0.01033   0.01756   0.00227   0.00877   0.37389   0.19068   0.01937   0.21311   0.10469   0.04621   0.04764   0.11934   7.08267   0.32272   1.40023   1.19705   0.18919   0.00010  
115  0.0043  13596.325218  x:  0.41975   0.08088   0.28122   0.15134   0.00971   0.10602   0.02164   0.09516   0.04478   0.01434   0.01869   0.09810   0.10655   0.07650   0.03453   0.03345   0.01002   0.01881   0.00153   0.00377   0.01553   0.00756   0.00453   0.00734   0.00140   0.01216   0.00488   0.00845   0.00765   0.00720   0.01107   0.02581   0.03721   0.00387   0.02648   0.00867   0.01985   0.02202   0.05464   0.00732   0.06845   0.00117   0.00238   0.04140   0.00146   0.02028   0.01070   0.01776   0.04211   0.02782   0.00918   0.01034   0.01756   0.00227   0.00877   0.37388   0.19076   0.01939   0.21308   0.10467   0.04621   0.04762   0.11941   7.07777   0.32298   1.39969   1.19642   0.18918   0.00010  
116  0.0019  13596.324658  x:  0.41993   0.08094   0.28114   0.15136   0.00973   0.10601   0.02164   0.09517   0.04481   0.01434   0.01868   0.09808   0.10657   0.07650   0.03457   0.03346   0.01002   0.01881   0.00152   0.00376   0.01552   0.00756   0.00452   0.00734   0.00140   0.01217   0.00488   0.00845   0.00766   0.00721   0.01107   0.02580   0.03722   0.00387   0.02650   0.00868   0.01986   0.02202   0.05464   0.00731   0.06846   0.00115   0.00239   0.04142   0.00149   0.02029   0.01069   0.01775   0.04210   0.02779   0.00919   0.01033   0.01755   0.00228   0.00876   0.37403   0.19080   0.01941   0.21312   0.10469   0.04621   0.04761   0.11943   7.08241   0.32283   1.40029   1.19704   0.18919   0.00010  
117  0.0025  13596.324525  x:  0.41989   0.08096   0.28110   0.15134   0.00973   0.10600   0.02164   0.09514   0.04481   0.01434   0.01868   0.09809   0.10663   0.07651   0.03458   0.03345   0.01002   0.01881   0.00153   0.00376   0.01553   0.00756   0.00453   0.00735   0.00140   0.01217   0.00488   0.00845   0.00765   0.00721   0.01108   0.02578   0.03722   0.00386   0.02651   0.00867   0.01986   0.02202   0.05465   0.00731   0.06843   0.00116   0.00240   0.04144   0.00150   0.02029   0.01070   0.01775   0.04211   0.02780   0.00919   0.01033   0.01756   0.00228   0.00877   0.37400   0.19080   0.01940   0.21311   0.10470   0.04621   0.04764   0.11939   7.08289   0.32289   1.40028   1.19742   0.18917   0.00010  
118  0.0005  13596.324503  x:  0.41987   0.08095   0.28111   0.15133   0.00972   0.10599   0.02164   0.09514   0.04481   0.01434   0.01868   0.09809   0.10662   0.07651   0.03457   0.03345   0.01002   0.01881   0.00153   0.00377   0.01553   0.00756   0.00453   0.00735   0.00140   0.01216   0.00488   0.00844   0.00766   0.00721   0.01108   0.02578   0.03722   0.00386   0.02650   0.00867   0.01986   0.02202   0.05466   0.00731   0.06844   0.00116   0.00240   0.04143   0.00151   0.02028   0.01070   0.01775   0.04212   0.02780   0.00919   0.01033   0.01756   0.00228   0.00877   0.37400   0.19078   0.01940   0.21310   0.10469   0.04621   0.04764   0.11938   7.08252   0.32290   1.40020   1.19743   0.18917   0.00010  
119  0.0002  13596.324497  x:  0.41987   0.08095   0.28111   0.15133   0.00973   0.10600   0.02164   0.09514   0.04481   0.01434   0.01868   0.09809   0.10661   0.07651   0.03458   0.03345   0.01002   0.01881   0.00153   0.00378   0.01553   0.00756   0.00453   0.00735   0.00140   0.01216   0.00488   0.00844   0.00765   0.00721   0.01108   0.02579   0.03722   0.00386   0.02650   0.00867   0.01986   0.02202   0.05466   0.00731   0.06844   0.00116   0.00240   0.04143   0.00151   0.02028   0.01070   0.01775   0.04211   0.02780   0.00919   0.01033   0.01756   0.00228   0.00877   0.37400   0.19078   0.01940   0.21311   0.10469   0.04621   0.04764   0.11938   7.08223   0.32291   1.40014   1.19742   0.18917   0.00010  
120  0.0002  13596.324496  x:  0.41987   0.08095   0.28111   0.15133   0.00973   0.10600   0.02164   0.09514   0.04481   0.01434   0.01868   0.09809   0.10661   0.07651   0.03458   0.03345   0.01002   0.01881   0.00153   0.00378   0.01553   0.00756   0.00453   0.00735   0.00140   0.01216   0.00488   0.00844   0.00765   0.00721   0.01108   0.02578   0.03722   0.00386   0.02650   0.00867   0.01986   0.02202   0.05465   0.00731   0.06844   0.00116   0.00240   0.04143   0.00151   0.02028   0.01070   0.01775   0.04211   0.02780   0.00919   0.01033   0.01756   0.00228   0.00877   0.37399   0.19078   0.01940   0.21311   0.10469   0.04621   0.04763   0.11939   7.08213   0.32291   1.40012   1.19742   0.18917   0.00010  
121  0.0001  13596.324496  x:  0.41987   0.08095   0.28111   0.15133   0.00973   0.10600   0.02164   0.09514   0.04481   0.01434   0.01868   0.09809   0.10661   0.07651   0.03458   0.03345   0.01002   0.01881   0.00153   0.00378   0.01553   0.00756   0.00453   0.00735   0.00140   0.01216   0.00488   0.00844   0.00765   0.00721   0.01108   0.02578   0.03722   0.00386   0.02650   0.00867   0.01986   0.02202   0.05466   0.00731   0.06844   0.00116   0.00239   0.04143   0.00151   0.02028   0.01070   0.01775   0.04211   0.02780   0.00919   0.01033   0.01756   0.00228   0.00877   0.37399   0.19078   0.01940   0.21310   0.10469   0.04621   0.04763   0.11939   7.08210   0.32291   1.40012   1.19744   0.18917   0.00010  
122  0.0000  13596.324496  x:  0.41987   0.08095   0.28111   0.15133   0.00973   0.10600   0.02164   0.09514   0.04481   0.01434   0.01868   0.09809   0.10661   0.07651   0.03458   0.03345   0.01002   0.01881   0.00153   0.00378   0.01553   0.00756   0.00453   0.00735   0.00140   0.01216   0.00488   0.00844   0.00765   0.00721   0.01108   0.02578   0.03722   0.00386   0.02650   0.00867   0.01986   0.02202   0.05466   0.00731   0.06844   0.00116   0.00239   0.04143   0.00151   0.02028   0.01070   0.01775   0.04211   0.02780   0.00919   0.01033   0.01756   0.00228   0.00877   0.37399   0.19078   0.01940   0.21311   0.10469   0.04621   0.04764   0.11938   7.08208   0.32292   1.40012   1.19745   0.18917   0.00010  
123  0.0000  13596.324496  x:  0.41987   0.08095   0.28111   0.15133   0.00973   0.10600   0.02164   0.09514   0.04481   0.01434   0.01868   0.09809   0.10661   0.07651   0.03458   0.03345   0.01002   0.01881   0.00153   0.00378   0.01553   0.00756   0.00453   0.00735   0.00140   0.01216   0.00488   0.00844   0.00765   0.00721   0.01108   0.02578   0.03722   0.00386   0.02650   0.00867   0.01986   0.02202   0.05466   0.00731   0.06844   0.00116   0.00239   0.04143   0.00151   0.02028   0.01070   0.01775   0.04211   0.02780   0.00919   0.01033   0.01756   0.00228   0.00877   0.37399   0.19078   0.01940   0.21310   0.10469   0.04621   0.04764   0.11938   7.08206   0.32292   1.40012   1.19746   0.18917   0.00010  
124  0.0000  13596.324496  x:  0.41987   0.08095   0.28111   0.15133   0.00973   0.10600   0.02164   0.09514   0.04481   0.01434   0.01868   0.09809   0.10661   0.07651   0.03458   0.03345   0.01002   0.01881   0.00153   0.00378   0.01553   0.00756   0.00453   0.00735   0.00140   0.01216   0.00488   0.00844   0.00765   0.00721   0.01108   0.02578   0.03722   0.00386   0.02650   0.00867   0.01986   0.02202   0.05466   0.00731   0.06844   0.00116   0.00239   0.04143   0.00151   0.02028   0.01070   0.01775   0.04211   0.02780   0.00919   0.01033   0.01756   0.00228   0.00877   0.37399   0.19078   0.01940   0.21310   0.10469   0.04621   0.04764   0.11938   7.08206   0.32292   1.40012   1.19747   0.18917   0.00010  
125  0.0000  13596.324496  x:  0.41987   0.08095   0.28111   0.15133   0.00973   0.10600   0.02164   0.09514   0.04481   0.01434   0.01868   0.09809   0.10661   0.07651   0.03458   0.03345   0.01002   0.01881   0.00153   0.00378   0.01553   0.00756   0.00453   0.00735   0.00140   0.01216   0.00488   0.00844   0.00765   0.00721   0.01108   0.02578   0.03722   0.00386   0.02650   0.00867   0.01986   0.02202   0.05466   0.00731   0.06844   0.00116   0.00239   0.04143   0.00151   0.02028   0.01070   0.01775   0.04211   0.02780   0.00919   0.01033   0.01756   0.00228   0.00877   0.37399   0.19078   0.01940   0.21310   0.10469   0.04621   0.04764   0.11938   7.08206   0.32292   1.40012   1.19747   0.18917   0.00010  