Supplemental results for CODEML (seqf: paml_alt_hominini_trimmed_dna_aligned_combined_TAS1R3  treef: paml_alt_hominini_ML_tree_trimmed_dna_aligned_combined_TAS1R3.txt)

I	J	ij	2Ns_IJ	pMut_IJ	pSub_IJ	2Ns_JI	pMut_JI	pSub_JI

TTC	TTT	CT	-1.16643	0.07510	0.03963	1.16643	0.02339	0.03963	0.03963	0.03963
TTA	TTT	AT	3.30453	0.00018	0.00061	-3.30453	0.00485	0.00061	0.00061	0.00061
TTA	TTC	AC	4.47096	0.00041	0.00186	-4.47096	0.03596	0.00186	0.00186	0.00186
TTG	TTT	GT	1.00685	0.00209	0.00331	-1.00685	0.00572	0.00331	0.00331	0.00331
TTG	TTC	GC	2.17328	0.00482	0.01183	-2.17328	0.04238	0.01183	0.01183	0.01183
TTG	TTA	GA	-2.29768	0.01438	0.00369	2.29768	0.00145	0.00369	0.00369	0.00369
TCT	TTT	CT	1.45400	0.00547	0.01037	-1.45400	0.02339	0.01037	0.01037	0.01037
TCC	TTC	CT	1.97194	0.02413	0.05528	-1.97194	0.17339	0.05528	0.05528	0.05528
TCC	TCT	CT	-0.64848	0.02413	0.01715	0.64848	0.01262	0.01715	0.01715	0.01715
TCA	TTA	CT	-2.00186	0.01154	0.00361	2.00186	0.00156	0.00361	0.00361	0.00361
TCA	TCT	AT	-0.15132	0.00304	0.00282	0.15132	0.00262	0.00282	0.00282	0.00282
TCA	TCC	AC	0.49716	0.00703	0.00892	-0.49716	0.01156	0.00892	0.00892	0.00892
TCG	TTG	CT	0.08338	0.01683	0.01754	-0.08338	0.01829	0.01754	0.01754	0.01754
TCG	TCT	GT	-0.36377	0.00444	0.00368	0.36377	0.00308	0.00368	0.00368	0.00368
TCG	TCC	GC	0.28471	0.01024	0.01177	-0.28471	0.01362	0.01177	0.01177	0.01177
TCG	TCA	GA	-0.21245	0.03055	0.02742	0.21245	0.02470	0.02742	0.02742	0.02742
TAT	TTT	AT	1.22509	0.00143	0.00247	-1.22509	0.00485	0.00247	0.00247	0.00247
TAT	TCT	AC	-0.22891	0.00329	0.00293	0.22891	0.00262	0.00293	0.00293	0.00293
TAC	TTC	AT	1.39019	0.00896	0.01658	-1.39019	0.03596	0.01658	0.01658	0.01658
TAC	TCC	AC	-0.58176	0.02068	0.01524	0.58176	0.01156	0.01524	0.01524	0.01524
TAC	TAT	CT	-1.00133	0.03396	0.01975	1.00133	0.01248	0.01975	0.01975	0.01975
TGT	TTT	GT	1.10449	0.00189	0.00313	-1.10449	0.00572	0.00313	0.00313	0.00313
TGT	TCT	GC	-0.34951	0.00437	0.00365	0.34951	0.00308	0.00365	0.00365	0.00365
TGT	TAT	GA	-0.12060	0.01305	0.01227	0.12060	0.01156	0.01227	0.01227	0.01227
TGC	TTC	GT	1.02603	0.01519	0.02429	-1.02603	0.04238	0.02429	0.02429	0.02429
TGC	TCC	GC	-0.94591	0.03507	0.02106	0.94591	0.01362	0.02106	0.02106	0.02106
TGC	TAC	GA	-0.36416	0.10459	0.08670	0.36416	0.07266	0.08670	0.08670	0.08670
TGC	TGT	CT	-1.24489	0.05760	0.02900	1.24489	0.01659	0.02900	0.02900	0.02900
TGG	TTG	GT	-0.92338	0.01125	0.00685	0.92338	0.00447	0.00685	0.00685	0.00685
TGG	TCG	GC	-1.00675	0.02598	0.01506	1.00675	0.00949	0.01506	0.01506	0.01506
TGG	TGT	GT	-1.02102	0.01125	0.00647	1.02102	0.00405	0.00647	0.00647	0.00647
TGG	TGC	GC	0.22387	0.02598	0.02900	-0.22387	0.03250	0.02900	0.02900	0.02900
CTT	TTT	CT	0.70089	0.01161	0.01614	-0.70089	0.02339	0.01614	0.01614	0.01614
CTC	TTC	CT	1.09669	0.05791	0.09535	-1.09669	0.17339	0.09535	0.09535	0.09535
CTC	CTT	CT	-0.77063	0.05791	0.03843	0.77063	0.02679	0.03843	0.03843	0.03843
CTA	TTA	CT	-1.73523	0.00884	0.00329	1.73523	0.00156	0.00329	0.00329	0.00329
CTA	CTT	AT	0.86842	0.00233	0.00349	-0.86842	0.00556	0.00349	0.00349	0.00349
CTA	CTC	AC	1.63905	0.00538	0.01095	-1.63905	0.02773	0.01095	0.01095	0.01095
CTG	TTG	CT	-2.26870	0.17679	0.04628	2.26870	0.01829	0.04628	0.04628	0.04628
CTG	CTT	GT	-1.96273	0.04662	0.01496	1.96273	0.00655	0.01496	0.01496	0.01496
CTG	CTC	GC	-1.19210	0.10764	0.05594	1.19210	0.03268	0.05594	0.05594	0.05594
CTG	CTA	GA	-2.83115	0.32100	0.05693	2.83115	0.01892	0.05693	0.05693	0.05693
CCT	TCT	CT	-0.33125	0.01757	0.01482	0.33125	0.01262	0.01482	0.01482	0.01482
CCT	CTT	CT	0.42186	0.01757	0.02154	-0.42186	0.02679	0.02154	0.02154	0.02154
CCC	TCC	CT	0.06940	0.05198	0.05381	-0.06940	0.05572	0.05381	0.05381	0.05381
CCC	CTC	CT	0.94465	0.05198	0.08034	-0.94465	0.13369	0.08034	0.08034	0.08034
CCC	CCT	CT	-0.24784	0.05198	0.04581	0.24784	0.04057	0.04581	0.04581	0.04581
CCA	TCA	CT	0.55912	0.01524	0.01989	-0.55912	0.02665	0.01989	0.01989	0.01989
CCA	CTA	CT	0.29249	0.01524	0.01757	-0.29249	0.02042	0.01757	0.01757	0.01757
CCA	CCT	AT	0.73905	0.00402	0.00568	-0.73905	0.00841	0.00568	0.00568	0.00568
CCA	CCC	AC	0.98688	0.00928	0.01460	-0.98688	0.02489	0.01460	0.01460	0.01460
CCG	TCG	CT	0.65014	0.02028	0.02758	-0.65014	0.03885	0.02758	0.02758	0.02758
CCG	CTG	CT	3.00221	0.02028	0.06406	-3.00221	0.40816	0.06406	0.06406	0.06406
CCG	CCT	GT	0.61762	0.00535	0.00717	-0.61762	0.00992	0.00717	0.00717	0.00717
CCG	CCC	GC	0.86546	0.01235	0.01845	-0.86546	0.02933	0.01845	0.01845	0.01845
CCG	CCA	GA	-0.12143	0.03682	0.03463	0.12143	0.03261	0.03463	0.03463	0.03463
CAT	TAT	CT	0.82539	0.00547	0.00803	-0.82539	0.01248	0.00803	0.00803	0.00803
CAT	CTT	AT	1.34959	0.00144	0.00263	-1.34959	0.00556	0.00263	0.00263	0.00263
CAT	CCT	AC	0.92773	0.00333	0.00511	-0.92773	0.00841	0.00511	0.00511	0.00511
CAC	TAC	CT	0.62996	0.04176	0.05628	-0.62996	0.07840	0.05628	0.05628	0.05628
CAC	CTC	AT	0.92346	0.01101	0.01687	-0.92346	0.02773	0.01687	0.01687	0.01687
CAC	CCC	AC	-0.02120	0.02542	0.02516	0.02120	0.02489	0.02516	0.02516	0.02516
CAC	CAT	CT	-1.19677	0.04176	0.02164	1.19677	0.01262	0.02164	0.02164	0.02164
CAA	CTA	AT	1.31780	0.00113	0.00204	-1.31780	0.00423	0.00204	0.00204	0.00204
CAA	CCA	AC	1.02531	0.00262	0.00418	-1.02531	0.00730	0.00418	0.00418	0.00418
CAA	CAT	AT	0.83662	0.00113	0.00167	-0.83662	0.00262	0.00167	0.00167	0.00167
CAA	CAC	AC	2.03339	0.00262	0.00612	-2.03339	0.01999	0.00612	0.00612	0.00612
CAG	CTG	AT	1.35012	0.02194	0.03999	-1.35012	0.08465	0.03999	0.03999	0.03999
CAG	CCG	AC	-1.65209	0.05066	0.01984	1.65209	0.00971	0.01984	0.01984	0.01984
CAG	CAT	GT	-1.96220	0.02194	0.00704	1.96220	0.00308	0.00704	0.00704	0.00704
CAG	CAC	GC	-0.76543	0.05066	0.03372	0.76543	0.02356	0.03372	0.03372	0.03372
CAG	CAA	GA	-2.79882	0.15108	0.02741	2.79882	0.00920	0.02741	0.02741	0.02741
CGT	TGT	CT	0.56843	0.00940	0.01232	-0.56843	0.01659	0.01232	0.01232	0.01232
CGT	CTT	GT	0.97203	0.00248	0.00387	-0.97203	0.00655	0.00387	0.00387	0.00387
CGT	CCT	GC	0.55017	0.00572	0.00744	-0.55017	0.00992	0.00744	0.00744	0.00744
CGT	CAT	GA	-0.37756	0.01706	0.01404	0.37756	0.01169	0.01404	0.01404	0.01404
CGC	TGC	CT	1.24750	0.03820	0.06685	-1.24750	0.13298	0.06685	0.06685	0.06685
CGC	CTC	GT	1.17685	0.01007	0.01714	-1.17685	0.03268	0.01714	0.01714	0.01714
CGC	CCC	GC	0.23219	0.02326	0.02606	-0.23219	0.02933	0.02606	0.02606	0.02606
CGC	CAC	GA	0.25339	0.06935	0.07851	-0.25339	0.08935	0.07851	0.07851	0.07851
CGC	CGT	CT	-0.56581	0.03820	0.02840	0.56581	0.02169	0.02840	0.02840	0.02840
CGA	CTA	GT	1.77929	0.00084	0.00180	-1.77929	0.00499	0.00180	0.00180	0.00180
CGA	CCA	GC	1.48680	0.00194	0.00374	-1.48680	0.00860	0.00374	0.00374	0.00374
CGA	CAA	GA	0.46149	0.00580	0.00724	-0.46149	0.00920	0.00724	0.00724	0.00724
CGA	CGT	AT	1.67568	0.00084	0.00174	-1.67568	0.00450	0.00174	0.00174	0.00174
CGA	CGC	AC	2.24149	0.00194	0.00488	-2.24149	0.01829	0.00488	0.00488	0.00488
CGG	TGG	CT	1.15012	0.03119	0.05250	-1.15012	0.09853	0.05250	0.05250	0.05250
CGG	CTG	GT	2.49544	0.00823	0.02237	-2.49544	0.09976	0.02237	0.02237	0.02237
CGG	CCG	GC	-0.50677	0.01899	0.01459	0.50677	0.01144	0.01459	0.01459	0.01459
CGG	CAG	GA	1.14531	0.05664	0.09514	-1.14531	0.17805	0.09514	0.09514	0.09514
CGG	CGT	GT	-0.43932	0.00823	0.00655	0.43932	0.00530	0.00655	0.00655	0.00655
CGG	CGC	GC	0.12649	0.01899	0.02022	-0.12649	0.02155	0.02022	0.02022	0.02022
CGG	CGA	GA	-2.11500	0.05664	0.01643	2.11500	0.00683	0.01643	0.01643	0.01643
ATT	TTT	AT	1.49754	0.00109	0.00209	-1.49754	0.00485	0.00209	0.00209	0.00209
ATT	CTT	AC	0.79665	0.00251	0.00363	-0.79665	0.00556	0.00363	0.00363	0.00363
ATC	TTC	AT	1.71389	0.00648	0.01354	-1.71389	0.03596	0.01354	0.01354	0.01354
ATC	CTC	AC	0.61720	0.01496	0.02005	-0.61720	0.02773	0.02005	0.02005	0.02005
ATC	ATT	CT	-0.95008	0.02457	0.01472	0.95008	0.00950	0.01472	0.01472	0.01472
ATA	TTA	AT	-0.26391	0.00042	0.00037	0.26391	0.00032	0.00037	0.00037	0.00037
ATA	CTA	AC	1.47132	0.00097	0.00186	-1.47132	0.00423	0.00186	0.00186	0.00186
ATA	ATT	AT	1.54308	0.00042	0.00083	-1.54308	0.00197	0.00083	0.00083	0.00083
ATA	ATC	AC	2.49316	0.00097	0.00264	-2.49316	0.01176	0.00264	0.00264	0.00264
ATG	TTG	AT	-0.92740	0.00959	0.00582	0.92740	0.00379	0.00582	0.00582	0.00582
ATG	CTG	AC	1.34129	0.02214	0.04021	-1.34129	0.08465	0.04021	0.04021	0.04021
ATG	ATT	GT	-1.41809	0.00959	0.00435	1.41809	0.00232	0.00435	0.00435	0.00435
ATG	ATC	GC	-0.46801	0.02214	0.01736	0.46801	0.01386	0.01736	0.01736	0.01736
ATG	ATA	GA	-2.96117	0.06602	0.01067	2.96117	0.00342	0.01067	0.01067	0.01067
ACT	TCT	AT	0.97405	0.00099	0.00155	-0.97405	0.00262	0.00155	0.00155	0.00155
ACT	CCT	AC	1.30530	0.00228	0.00408	-1.30530	0.00841	0.00408	0.00408	0.00408
ACT	ATT	CT	0.93051	0.00375	0.00576	-0.93051	0.00950	0.00576	0.00576	0.00576
ACC	TCC	AT	0.35349	0.00811	0.00963	-0.35349	0.01156	0.00963	0.00963	0.00963
ACC	CCC	AC	0.28410	0.01873	0.02152	-0.28410	0.02489	0.02152	0.02152	0.02152
ACC	ATC	CT	0.61155	0.03077	0.04113	-0.61155	0.05672	0.04113	0.04113	0.04113
ACC	ACT	CT	-1.26904	0.03077	0.01527	1.26904	0.00865	0.01527	0.01527	0.01527
ACA	TCA	AT	0.19082	0.00457	0.00502	-0.19082	0.00553	0.00502	0.00502	0.00502
ACA	CCA	AC	-0.36830	0.01055	0.00872	0.36830	0.00730	0.00872	0.00872	0.00872
ACA	ATA	CT	-1.54712	0.01732	0.00725	1.54712	0.00369	0.00725	0.00725	0.00725
ACA	ACT	AT	-0.93455	0.00457	0.00276	0.93455	0.00179	0.00276	0.00276	0.00276
ACA	ACC	AC	0.33449	0.01055	0.01241	-0.33449	0.01473	0.01241	0.01241	0.01241
ACG	TCG	AT	0.32331	0.00583	0.00682	-0.32331	0.00806	0.00682	0.00682	0.00682
ACG	CCG	AC	-0.32683	0.01346	0.01138	0.32683	0.00971	0.01138	0.01138	0.01138
ACG	ATG	CT	1.33409	0.02211	0.04005	-1.33409	0.08394	0.04005	0.04005	0.04005
ACG	ACT	GT	-1.01451	0.00583	0.00336	1.01451	0.00211	0.00336	0.00336	0.00336
ACG	ACC	GC	0.25453	0.01346	0.01525	-0.25453	0.01736	0.01525	0.01525	0.01525
ACG	ACA	GA	-0.07996	0.04015	0.03856	0.07996	0.03706	0.03856	0.03856	0.03856
AAT	TAT	AT	0.41019	0.00172	0.00209	-0.41019	0.00259	0.00209	0.00209	0.00209
AAT	CAT	AC	-0.41520	0.00396	0.00320	0.41520	0.00262	0.00320	0.00320	0.00320
AAT	ATT	AT	0.13774	0.00172	0.00184	-0.13774	0.00197	0.00184	0.00184	0.00184
AAT	ACT	AC	-0.79277	0.00396	0.00260	0.79277	0.00179	0.00260	0.00260	0.00260
AAC	TAC	AT	0.38077	0.01111	0.01336	-0.38077	0.01626	0.01336	0.01336	0.01336
AAC	CAC	AC	-0.24919	0.02565	0.02259	0.24919	0.01999	0.02259	0.02259	0.02259
AAC	ATC	AT	0.05707	0.01111	0.01143	-0.05707	0.01176	0.01143	0.01143	0.01143
AAC	ACC	AC	-0.55448	0.02565	0.01919	0.55448	0.01473	0.01919	0.01919	0.01919
AAC	AAT	CT	-1.03075	0.04213	0.02408	1.03075	0.01503	0.02408	0.02408	0.02408
AAA	CAA	AC	-0.21141	0.00254	0.00228	0.21141	0.00206	0.00228	0.00228	0.00228
AAA	ATA	AT	-0.36493	0.00110	0.00091	0.36493	0.00076	0.00091	0.00091	0.00091
AAA	ACA	AC	1.18219	0.00254	0.00434	-1.18219	0.00829	0.00434	0.00434	0.00434
AAA	AAT	AT	1.04041	0.00110	0.00177	-1.04041	0.00312	0.00177	0.00177	0.00177
AAA	AAC	AC	2.07116	0.00254	0.00603	-2.07116	0.02018	0.00603	0.00603	0.00603
AAG	CAG	AC	0.74462	0.01892	0.02683	-0.74462	0.03984	0.02683	0.02683	0.02683
AAG	ATG	AT	0.75345	0.00820	0.01167	-0.75345	0.01741	0.01167	0.01167	0.01167
AAG	ACG	AC	-0.58064	0.01892	0.01396	0.58064	0.01059	0.01396	0.01396	0.01396
AAG	AAT	GT	-0.80238	0.00820	0.00534	0.80238	0.00367	0.00534	0.00534	0.00534
AAG	AAC	GC	0.22837	0.01892	0.02116	-0.22837	0.02378	0.02116	0.02116	0.02116
AAG	AAA	GA	-1.84279	0.05643	0.01957	1.84279	0.00894	0.01957	0.01957	0.01957
AGT	TGT	AT	0.67633	0.00175	0.00241	-0.67633	0.00344	0.00241	0.00241	0.00241
AGT	CGT	AC	0.10791	0.00404	0.00426	-0.10791	0.00450	0.00426	0.00426	0.00426
AGT	ATT	GT	0.28328	0.00175	0.00201	-0.28328	0.00232	0.00201	0.00201	0.00201
AGT	ACT	GC	-0.64723	0.00404	0.00287	0.64723	0.00211	0.00287	0.00287	0.00287
AGT	AAT	GA	0.14554	0.01204	0.01294	-0.14554	0.01393	0.01294	0.01294	0.01294
AGC	TGC	AT	0.46650	0.01730	0.02165	-0.46650	0.02758	0.02165	0.02165	0.02165
AGC	CGC	AC	-0.78100	0.03994	0.02635	0.78100	0.01829	0.02635	0.02635	0.02635
AGC	ATC	GT	-0.22136	0.01730	0.01545	0.22136	0.01386	0.01545	0.01545	0.01545
AGC	ACC	GC	-0.83291	0.03994	0.02559	0.83291	0.01736	0.02559	0.02559	0.02559
AGC	AAC	GA	-0.27843	0.11910	0.10329	0.27843	0.09016	0.10329	0.10329	0.10329
AGC	AGT	CT	-1.45472	0.06560	0.02906	1.45472	0.01531	0.02906	0.02906	0.02906
AGA	CGA	AC	0.93825	0.00060	0.00092	-0.93825	0.00153	0.00092	0.00092	0.00092
AGA	ATA	GT	1.24623	0.00026	0.00045	-1.24623	0.00090	0.00045	0.00045	0.00045
AGA	ACA	GC	2.79335	0.00060	0.00178	-2.79335	0.00977	0.00178	0.00178	0.00178
AGA	AAA	GA	1.61116	0.00178	0.00359	-1.61116	0.00894	0.00359	0.00359	0.00359
AGA	AGT	AT	2.50603	0.00026	0.00071	-2.50603	0.00318	0.00071	0.00071	0.00071
AGA	AGC	AC	3.96075	0.00060	0.00242	-3.96075	0.03141	0.00242	0.00242	0.00242
AGG	TGG	AT	1.38446	0.00512	0.00945	-1.38446	0.02044	0.00945	0.00945	0.00945
AGG	CGG	AC	0.23434	0.01182	0.01326	-0.23434	0.01494	0.01326	0.01326	0.01326
AGG	ATG	GT	1.38848	0.00512	0.00947	-1.38848	0.02052	0.00947	0.00947	0.00947
AGG	ACG	GC	0.05439	0.01182	0.01214	-0.05439	0.01248	0.01214	0.01214	0.01214
AGG	AAG	GA	0.63503	0.03524	0.04761	-0.63503	0.06650	0.04761	0.04761	0.04761
AGG	AGT	GT	-0.31289	0.00512	0.00436	0.31289	0.00374	0.00436	0.00436	0.00436
AGG	AGC	GC	1.14183	0.01182	0.01982	-1.14183	0.03702	0.01982	0.01982	0.01982
AGG	AGA	GA	-2.81892	0.03524	0.00630	2.81892	0.00210	0.00630	0.00630	0.00630
GTT	TTT	GT	2.01652	0.00076	0.00177	-2.01652	0.00572	0.00177	0.00177	0.00177
GTT	CTT	GC	1.31563	0.00176	0.00316	-1.31563	0.00655	0.00316	0.00316	0.00316
GTT	ATT	GA	0.51898	0.00524	0.00672	-0.51898	0.00881	0.00672	0.00672	0.00672
GTC	TTC	GT	1.78756	0.00709	0.01523	-1.78756	0.04238	0.01523	0.01523	0.01523
GTC	CTC	GC	0.69088	0.01638	0.02268	-0.69088	0.03268	0.02268	0.02268	0.02268
GTC	ATC	GA	0.07368	0.04884	0.05066	-0.07368	0.05257	0.05066	0.05066	0.05066
GTC	GTT	CT	-1.39538	0.02690	0.01236	1.39538	0.00666	0.01236	0.01236	0.01236
GTA	TTA	GT	-0.47897	0.00062	0.00048	0.47897	0.00038	0.00048	0.00048	0.00048
GTA	CTA	GC	1.25626	0.00142	0.00250	-1.25626	0.00499	0.00250	0.00250	0.00250
GTA	ATA	GA	-0.21506	0.00424	0.00380	0.21506	0.00342	0.00380	0.00380	0.00380
GTA	GTT	AT	0.80904	0.00062	0.00090	-0.80904	0.00138	0.00090	0.00090	0.00090
GTA	GTC	AC	2.20443	0.00142	0.00352	-2.20443	0.01288	0.00352	0.00352	0.00352
GTG	TTG	GT	-1.82897	0.02784	0.00974	1.82897	0.00447	0.00974	0.00974	0.00974
GTG	CTG	GC	0.43973	0.06427	0.07943	-0.43973	0.09976	0.07943	0.07943	0.07943
GTG	ATG	GA	-0.90156	0.19167	0.11808	0.90156	0.07780	0.11808	0.11808	0.11808
GTG	GTT	GT	-2.83863	0.02784	0.00491	2.83863	0.00163	0.00491	0.00491	0.00491
GTG	GTC	GC	-1.44325	0.06427	0.02868	1.44325	0.01518	0.02868	0.02868	0.02868
GTG	GTA	GA	-3.64767	0.19167	0.01870	3.64767	0.00499	0.01870	0.01870	0.01870
GCT	TCT	GT	-0.70907	0.00627	0.00431	0.70907	0.00308	0.00431	0.00431	0.00431
GCT	CCT	GC	-0.37782	0.01447	0.01191	0.37782	0.00992	0.01191	0.01191	0.01191
GCT	ACT	GA	-1.68312	0.04315	0.01657	1.68312	0.00802	0.01657	0.01657	0.01657
GCT	GTT	CT	-1.27159	0.02376	0.01177	1.27159	0.00666	0.01177	0.01177	0.01177
GCC	TCC	GT	-0.75320	0.02892	0.01938	0.75320	0.01362	0.01938	0.01938	0.01938
GCC	CCC	GC	-0.82260	0.06677	0.04303	0.82260	0.02933	0.04303	0.04303	0.04303
GCC	ACC	GA	-1.10670	0.19914	0.10887	1.10670	0.06584	0.10887	0.10887	0.10887
GCC	GTC	CT	-0.56882	0.10967	0.08142	0.56882	0.06210	0.08142	0.08142	0.08142
GCC	GCT	CT	-0.69262	0.10967	0.07604	0.69262	0.05487	0.07604	0.07604	0.07604
GCA	TCA	GT	0.44809	0.00416	0.00516	-0.44809	0.00651	0.00516	0.00516	0.00516
GCA	CCA	GC	-0.11103	0.00961	0.00909	0.11103	0.00860	0.00909	0.00909	0.00909
GCA	ACA	GA	0.25726	0.02866	0.03250	-0.25726	0.03706	0.03250	0.03250	0.03250
GCA	GTA	CT	-1.07480	0.01578	0.00879	1.07480	0.00539	0.00879	0.00879	0.00879
GCA	GCT	AT	1.00583	0.00416	0.00660	-1.00583	0.01138	0.00660	0.00660	0.00660
GCA	GCC	AC	1.69845	0.00961	0.01997	-1.69845	0.05252	0.01997	0.01997	0.01997
GCG	TCG	GT	0.59002	0.00526	0.00697	-0.59002	0.00949	0.00697	0.00697	0.00697
GCG	CCG	GC	-0.06012	0.01215	0.01179	0.06012	0.01144	0.01179	0.01179	0.01179
GCG	ACG	GA	0.26671	0.03624	0.04128	-0.26671	0.04731	0.04128	0.04128	0.04128
GCG	GTG	CT	2.50236	0.01996	0.05439	-2.50236	0.24371	0.05439	0.05439	0.05439
GCG	GCT	GT	0.93532	0.00526	0.00810	-0.93532	0.01341	0.00810	0.00810	0.00810
GCG	GCC	GC	1.62794	0.01215	0.02461	-1.62794	0.06189	0.02461	0.02461	0.02461
GCG	GCA	GA	-0.07051	0.03624	0.03497	0.07051	0.03377	0.03497	0.03497	0.03497
GAT	TAT	GT	0.29641	0.00227	0.00262	-0.29641	0.00305	0.00262	0.00262	0.00262
GAT	CAT	GC	-0.52898	0.00523	0.00397	0.52898	0.00308	0.00397	0.00397	0.00397
GAT	AAT	GA	-0.11377	0.01561	0.01474	0.11377	0.01393	0.01474	0.01474	0.01474
GAT	GTT	AT	-0.49501	0.00227	0.00175	0.49501	0.00138	0.00175	0.00175	0.00175
GAT	GCT	AC	0.77657	0.00523	0.00753	-0.77657	0.01138	0.00753	0.00753	0.00753
GAC	TAC	GT	0.32264	0.01388	0.01624	-0.32264	0.01916	0.01624	0.01624	0.01624
GAC	CAC	GC	-0.30732	0.03204	0.02737	0.30732	0.02356	0.02737	0.02737	0.02737
GAC	AAC	GA	-0.05813	0.09555	0.09280	0.05813	0.09016	0.09280	0.09280	0.09280
GAC	GTC	AT	-0.07474	0.01388	0.01337	0.07474	0.01288	0.01337	0.01337	0.01337
GAC	GCC	AC	0.49409	0.03204	0.04061	-0.49409	0.05252	0.04061	0.04061	0.04061
GAC	GAT	CT	-0.97510	0.05263	0.03107	0.97510	0.01985	0.03107	0.03107	0.03107
GAA	CAA	GC	-0.01713	0.00247	0.00245	0.01713	0.00243	0.00245	0.00245	0.00245
GAA	AAA	GA	0.19428	0.00736	0.00810	-0.19428	0.00894	0.00810	0.00810	0.00810
GAA	GTA	AT	0.04441	0.00107	0.00109	-0.04441	0.00112	0.00109	0.00109	0.00109
GAA	GCA	AC	1.11921	0.00247	0.00410	-1.11921	0.00756	0.00410	0.00410	0.00410
GAA	GAT	AT	1.34847	0.00107	0.00195	-1.34847	0.00412	0.00195	0.00195	0.00195
GAA	GAC	AC	2.32358	0.00247	0.00636	-2.32358	0.02520	0.00636	0.00636	0.00636
GAG	CAG	GC	0.14074	0.04079	0.04373	-0.14074	0.04695	0.04373	0.04373	0.04373
GAG	AAG	GA	-0.60388	0.12164	0.08859	0.60388	0.06650	0.08859	0.08859	0.08859
GAG	GTG	AT	1.05113	0.01767	0.02855	-1.05113	0.05055	0.02855	0.02855	0.02855
GAG	GCG	AC	-1.45123	0.04079	0.01811	1.45123	0.00956	0.01811	0.01811	0.01811
GAG	GAT	GT	-1.29249	0.01767	0.00864	1.29249	0.00485	0.00864	0.00864	0.00864
GAG	GAC	GC	-0.31738	0.04079	0.03466	0.31738	0.02970	0.03466	0.03466	0.03466
GAG	GAA	GA	-2.64096	0.12164	0.02466	2.64096	0.00867	0.02466	0.02466	0.02466
GGT	TGT	GT	0.61762	0.00219	0.00293	-0.61762	0.00405	0.00293	0.00293	0.00293
GGT	CGT	GC	0.04919	0.00505	0.00517	-0.04919	0.00530	0.00517	0.00517	0.00517
GGT	AGT	GA	-0.05871	0.01505	0.01461	0.05871	0.01419	0.01461	0.01461	0.01461
GGT	GTT	GT	-0.29441	0.00219	0.00188	0.29441	0.00163	0.00188	0.00188	0.00188
GGT	GCT	GC	0.97718	0.00505	0.00791	-0.97718	0.01341	0.00791	0.00791	0.00791
GGT	GAT	GA	0.20060	0.01505	0.01661	-0.20060	0.01840	0.01661	0.01661	0.01661
GGC	TGC	GT	0.36310	0.02261	0.02696	-0.36310	0.03250	0.02696	0.02696	0.02696
GGC	CGC	GC	-0.88440	0.05219	0.03247	0.88440	0.02155	0.03247	0.03247	0.03247
GGC	AGC	GA	-0.10339	0.15565	0.14774	0.10339	0.14036	0.14774	0.14774	0.14774
GGC	GTC	GT	-0.39843	0.02261	0.01840	0.39843	0.01518	0.01840	0.01840	0.01840
GGC	GCC	GC	0.17040	0.05219	0.05677	-0.17040	0.06189	0.05677	0.05677	0.05677
GGC	GAC	GA	-0.32369	0.15565	0.13182	0.32369	0.11261	0.13182	0.13182	0.13182
GGC	GGT	CT	-1.49940	0.08572	0.03695	1.49940	0.01914	0.03695	0.03695	0.03695
GGA	CGA	GC	-0.90385	0.00445	0.00274	0.90385	0.00180	0.00274	0.00274	0.00274
GGA	AGA	GA	-1.84210	0.01327	0.00460	1.84210	0.00210	0.00460	0.00460	0.00460
GGA	GTA	GT	-0.38082	0.00193	0.00158	0.38082	0.00132	0.00158	0.00158	0.00158
GGA	GCA	GC	0.69398	0.00445	0.00617	-0.69398	0.00891	0.00617	0.00617	0.00617
GGA	GAA	GA	-0.42523	0.01327	0.01065	0.42523	0.00867	0.01065	0.01065	0.01065
GGA	GGT	AT	0.72263	0.00193	0.00271	-0.72263	0.00397	0.00271	0.00271	0.00271
GGA	GGC	AC	2.22204	0.00445	0.01109	-2.22204	0.04105	0.01109	0.01109	0.01109
GGG	TGG	GT	0.85101	0.01028	0.01527	-0.85101	0.02408	0.01527	0.01527	0.01527
GGG	CGG	GC	-0.29911	0.02374	0.02037	0.29911	0.01760	0.02037	0.02037	0.02037
GGG	AGG	GA	-0.53345	0.07080	0.05359	0.53345	0.04153	0.05359	0.05359	0.05359
GGG	GTG	GT	1.75659	0.01028	0.02183	-1.75659	0.05957	0.02183	0.02183	0.02183
GGG	GCG	GC	-0.74577	0.02374	0.01598	0.74577	0.01126	0.01598	0.01598	0.01598
GGG	GAG	GA	0.70546	0.07080	0.09869	-0.70546	0.14336	0.09869	0.09869	0.09869
GGG	GGT	GT	-0.78763	0.01028	0.00676	0.78763	0.00468	0.00676	0.00676	0.00676
GGG	GGC	GC	0.71177	0.02374	0.03318	-0.71177	0.04837	0.03318	0.03318	0.03318
GGG	GGA	GA	-1.51026	0.07080	0.03031	1.51026	0.01564	0.03031	0.03031	0.03031


Histograms
2Ns	FMut	FSub(CodonUsage)	FSubw(after w)

-4.25806	0.00263	0.00017	0.00017
-3.83225	0.01631	0.00195	0.00195
-3.40645	0.00035	0.00006	0.00006
-2.98064	0.07453	0.01587	0.01587
-2.55483	0.03511	0.00966	0.00966
-2.12903	0.05024	0.01834	0.01834
-1.70322	0.04968	0.02437	0.02437
-1.27742	0.13578	0.08682	0.08682
-0.85161	0.13184	0.10589	0.10589
-0.42581	0.15968	0.16254	0.16254
0.00000	0.11814	0.14866	0.14866
0.42581	0.10616	0.16254	0.16254
0.85161	0.05697	0.10589	0.10589
1.27742	0.03971	0.08682	0.08682
1.70322	0.00945	0.02437	0.02437
2.12903	0.00606	0.01834	0.01834
2.55483	0.00279	0.00966	0.00966
2.98064	0.00411	0.01587	0.01587
3.40645	0.00001	0.00006	0.00006
3.83225	0.00041	0.00195	0.00195
4.25806	0.00003	0.00017	0.00017

Proportion of advantageous (S > 0) mutations:
 0.28177

Proportions of good & bad mutations (|S| > 2.0000) among mutations:
0.01094  0.16149

mean |Ns| = 1.11345	mean Ns+ = 0.68482	mean Ns- = -1.28160

