Supplemental results for CODEML (seqf: paml_alt_apes_trimmed_dna_aligned_combined_TAS1R3  treef: paml_alt_apes_ML_tree_trimmed_dna_aligned_combined_TAS1R3.txt)

I	J	ij	2Ns_IJ	pMut_IJ	pSub_IJ	2Ns_JI	pMut_JI	pSub_JI

TTC	TTT	CT	-1.16542	0.07507	0.03963	1.16542	0.02341	0.03963	0.03963	0.03963
TTA	TTT	AT	3.30488	0.00018	0.00061	-3.30488	0.00485	0.00061	0.00061	0.00061
TTA	TTC	AC	4.47030	0.00041	0.00186	-4.47030	0.03593	0.00186	0.00186	0.00186
TTG	TTT	GT	1.00795	0.00209	0.00331	-1.00795	0.00572	0.00331	0.00331	0.00331
TTG	TTC	GC	2.17337	0.00482	0.01183	-2.17337	0.04238	0.01183	0.01183	0.01183
TTG	TTA	GA	-2.29693	0.01438	0.00369	2.29693	0.00145	0.00369	0.00369	0.00369
TCT	TTT	CT	1.45500	0.00546	0.01037	-1.45500	0.02341	0.01037	0.01037	0.01037
TCC	TTC	CT	1.97295	0.02412	0.05528	-1.97295	0.17348	0.05528	0.05528	0.05528
TCC	TCT	CT	-0.64748	0.02412	0.01715	0.64748	0.01262	0.01715	0.01715	0.01715
TCA	TTA	CT	-2.00085	0.01154	0.00361	2.00085	0.00156	0.00361	0.00361	0.00361
TCA	TCT	AT	-0.15098	0.00304	0.00282	0.15098	0.00261	0.00282	0.00282	0.00282
TCA	TCC	AC	0.49650	0.00703	0.00892	-0.49650	0.01155	0.00892	0.00892	0.00892
TCG	TTG	CT	0.08438	0.01682	0.01754	-0.08438	0.01830	0.01754	0.01754	0.01754
TCG	TCT	GT	-0.36268	0.00443	0.00368	0.36268	0.00308	0.00368	0.00368	0.00368
TCG	TCC	GC	0.28480	0.01024	0.01177	-0.28480	0.01362	0.01177	0.01177	0.01177
TCG	TCA	GA	-0.21170	0.03055	0.02743	0.21170	0.02472	0.02743	0.02743	0.02743
TAT	TTT	AT	1.22543	0.00142	0.00247	-1.22543	0.00485	0.00247	0.00247	0.00247
TAT	TCT	AC	-0.22957	0.00329	0.00293	0.22957	0.00261	0.00293	0.00293	0.00293
TAC	TTC	AT	1.39053	0.00895	0.01656	-1.39053	0.03593	0.01656	0.01656	0.01656
TAC	TCC	AC	-0.58242	0.02067	0.01523	0.58242	0.01155	0.01523	0.01523	0.01523
TAC	TAT	CT	-1.00033	0.03394	0.01975	1.00033	0.01248	0.01975	0.01975	0.01975
TGT	TTT	GT	1.10558	0.00189	0.00313	-1.10558	0.00572	0.00313	0.00313	0.00313
TGT	TCT	GC	-0.34942	0.00437	0.00365	0.34942	0.00308	0.00365	0.00365	0.00365
TGT	TAT	GA	-0.11985	0.01304	0.01228	0.11985	0.01157	0.01228	0.01228	0.01228
TGC	TTC	GT	1.02712	0.01517	0.02428	-1.02712	0.04238	0.02428	0.02428	0.02428
TGC	TCC	GC	-0.94582	0.03507	0.02106	0.94582	0.01362	0.02106	0.02106	0.02106
TGC	TAC	GA	-0.36341	0.10457	0.08672	0.36341	0.07271	0.08672	0.08672	0.08672
TGC	TGT	CT	-1.24388	0.05757	0.02901	1.24388	0.01660	0.02901	0.02901	0.02901
TGG	TTG	GT	-0.92229	0.01124	0.00684	0.92229	0.00447	0.00684	0.00684	0.00684
TGG	TCG	GC	-1.00667	0.02598	0.01506	1.00667	0.00949	0.01506	0.01506	0.01506
TGG	TGT	GT	-1.01993	0.01124	0.00647	1.01993	0.00405	0.00647	0.00647	0.00647
TGG	TGC	GC	0.22395	0.02598	0.02900	-0.22395	0.03250	0.02900	0.02900	0.02900
CTT	TTT	CT	0.70189	0.01160	0.01614	-0.70189	0.02341	0.01614	0.01614	0.01614
CTC	TTC	CT	1.09769	0.05788	0.09535	-1.09769	0.17348	0.09535	0.09535	0.09535
CTC	CTT	CT	-0.76962	0.05788	0.03844	0.76962	0.02681	0.03844	0.03844	0.03844
CTA	TTA	CT	-1.73422	0.00884	0.00329	1.73422	0.00156	0.00329	0.00329	0.00329
CTA	CTT	AT	0.86876	0.00233	0.00349	-0.86876	0.00555	0.00349	0.00349	0.00349
CTA	CTC	AC	1.63838	0.00538	0.01095	-1.63838	0.02771	0.01095	0.01095	0.01095
CTG	TTG	CT	-2.26769	0.17671	0.04629	2.26769	0.01830	0.04629	0.04629	0.04629
CTG	CTT	GT	-1.96164	0.04657	0.01495	1.96164	0.00655	0.01495	0.01495	0.01495
CTG	CTC	GC	-1.19202	0.10763	0.05593	1.19202	0.03268	0.05593	0.05593	0.05593
CTG	CTA	GA	-2.83040	0.32097	0.05695	2.83040	0.01893	0.05695	0.05695	0.05695
CCT	TCT	CT	-0.33024	0.01756	0.01482	0.33024	0.01262	0.01482	0.01482	0.01482
CCT	CTT	CT	0.42287	0.01756	0.02154	-0.42287	0.02681	0.02154	0.02154	0.02154
CCC	TCC	CT	0.07040	0.05196	0.05381	-0.07040	0.05575	0.05381	0.05381	0.05381
CCC	CTC	CT	0.94566	0.05196	0.08034	-0.94566	0.13376	0.08034	0.08034	0.08034
CCC	CCT	CT	-0.24683	0.05196	0.04581	0.24683	0.04059	0.04581	0.04581	0.04581
CCA	TCA	CT	0.56012	0.01523	0.01989	-0.56012	0.02667	0.01989	0.01989	0.01989
CCA	CTA	CT	0.29350	0.01523	0.01758	-0.29350	0.02043	0.01758	0.01758	0.01758
CCA	CCT	AT	0.73939	0.00401	0.00568	-0.73939	0.00841	0.00568	0.00568	0.00568
CCA	CCC	AC	0.98622	0.00928	0.01459	-0.98622	0.02487	0.01459	0.01459	0.01459
CCG	TCG	CT	0.65115	0.02027	0.02758	-0.65115	0.03887	0.02758	0.02758	0.02758
CCG	CTG	CT	3.00322	0.02027	0.06404	-3.00322	0.40839	0.06404	0.06404	0.06404
CCG	CCT	GT	0.61871	0.00534	0.00716	-0.61871	0.00992	0.00716	0.00716	0.00716
CCG	CCC	GC	0.86554	0.01234	0.01845	-0.86554	0.02933	0.01845	0.01845	0.01845
CCG	CCA	GA	-0.12068	0.03681	0.03464	0.12068	0.03263	0.03464	0.03464	0.03464
CAT	TAT	CT	0.82640	0.00546	0.00803	-0.82640	0.01248	0.00803	0.00803	0.00803
CAT	CTT	AT	1.34994	0.00144	0.00262	-1.34994	0.00555	0.00262	0.00262	0.00262
CAT	CCT	AC	0.92707	0.00333	0.00510	-0.92707	0.00841	0.00510	0.00510	0.00510
CAC	TAC	CT	0.63096	0.04174	0.05628	-0.63096	0.07844	0.05628	0.05628	0.05628
CAC	CTC	AT	0.92380	0.01100	0.01685	-0.92380	0.02771	0.01685	0.01685	0.01685
CAC	CCC	AC	-0.02186	0.02542	0.02514	0.02186	0.02487	0.02514	0.02514	0.02514
CAC	CAT	CT	-1.19576	0.04174	0.02164	1.19576	0.01262	0.02164	0.02164	0.02164
CAA	CTA	AT	1.31814	0.00113	0.00204	-1.31814	0.00423	0.00204	0.00204	0.00204
CAA	CCA	AC	1.02465	0.00262	0.00418	-1.02465	0.00729	0.00418	0.00418	0.00418
CAA	CAT	AT	0.83697	0.00113	0.00167	-0.83697	0.00261	0.00167	0.00167	0.00167
CAA	CAC	AC	2.03273	0.00262	0.00612	-2.03273	0.01998	0.00612	0.00612	0.00612
CAG	CTG	AT	1.35047	0.02192	0.03995	-1.35047	0.08459	0.03995	0.03995	0.03995
CAG	CCG	AC	-1.65275	0.05066	0.01983	1.65275	0.00970	0.01983	0.01983	0.01983
CAG	CAT	GT	-1.96111	0.02192	0.00704	1.96111	0.00308	0.00704	0.00704	0.00704
CAG	CAC	GC	-0.76535	0.05066	0.03372	0.76535	0.02356	0.03372	0.03372	0.03372
CAG	CAA	GA	-2.79807	0.15106	0.02742	2.79807	0.00920	0.02742	0.02742	0.02742
CGT	TGT	CT	0.56943	0.00939	0.01232	-0.56943	0.01660	0.01232	0.01232	0.01232
CGT	CTT	GT	0.97312	0.00247	0.00387	-0.97312	0.00655	0.00387	0.00387	0.00387
CGT	CCT	GC	0.55025	0.00572	0.00744	-0.55025	0.00992	0.00744	0.00744	0.00744
CGT	CAT	GA	-0.37681	0.01706	0.01404	0.37681	0.01170	0.01404	0.01404	0.01404
CGC	TGC	CT	1.24851	0.03818	0.06685	-1.24851	0.13305	0.06685	0.06685	0.06685
CGC	CTC	GT	1.17794	0.01006	0.01713	-1.17794	0.03268	0.01713	0.01713	0.01713
CGC	CCC	GC	0.23228	0.02325	0.02606	-0.23228	0.02933	0.02606	0.02606	0.02606
CGC	CAC	GA	0.25414	0.06934	0.07853	-0.25414	0.08941	0.07853	0.07853	0.07853
CGC	CGT	CT	-0.56481	0.03818	0.02841	0.56481	0.02170	0.02841	0.02841	0.02841
CGA	CTA	GT	1.78038	0.00084	0.00180	-1.78038	0.00499	0.00180	0.00180	0.00180
CGA	CCA	GC	1.48689	0.00194	0.00373	-1.48689	0.00860	0.00373	0.00373	0.00373
CGA	CAA	GA	0.46224	0.00580	0.00724	-0.46224	0.00920	0.00724	0.00724	0.00724
CGA	CGT	AT	1.67602	0.00084	0.00173	-1.67602	0.00450	0.00173	0.00173	0.00173
CGA	CGC	AC	2.24083	0.00194	0.00487	-2.24083	0.01828	0.00487	0.00487	0.00487
CGG	TGG	CT	1.15113	0.03118	0.05250	-1.15113	0.09859	0.05250	0.05250	0.05250
CGG	CTG	GT	2.49653	0.00822	0.02236	-2.49653	0.09976	0.02236	0.02236	0.02236
CGG	CCG	GC	-0.50669	0.01899	0.01458	0.50669	0.01144	0.01458	0.01458	0.01458
CGG	CAG	GA	1.14606	0.05663	0.09516	-1.14606	0.17816	0.09516	0.09516	0.09516
CGG	CGT	GT	-0.43823	0.00822	0.00655	0.43823	0.00530	0.00655	0.00655	0.00655
CGG	CGC	GC	0.12657	0.01899	0.02022	-0.12657	0.02155	0.02022	0.02022	0.02022
CGG	CGA	GA	-2.11425	0.05663	0.01644	2.11425	0.00684	0.01644	0.01644	0.01644
ATT	TTT	AT	1.49788	0.00108	0.00209	-1.49788	0.00485	0.00209	0.00209	0.00209
ATT	CTT	AC	0.79599	0.00251	0.00363	-0.79599	0.00555	0.00363	0.00363	0.00363
ATC	TTC	AT	1.71423	0.00647	0.01353	-1.71423	0.03593	0.01353	0.01353	0.01353
ATC	CTC	AC	0.61654	0.01496	0.02004	-0.61654	0.02771	0.02004	0.02004	0.02004
ATC	ATT	CT	-0.94908	0.02456	0.01472	0.94908	0.00951	0.01472	0.01472	0.01472
ATA	TTA	AT	-0.26357	0.00042	0.00037	0.26357	0.00032	0.00037	0.00037	0.00037
ATA	CTA	AC	1.47065	0.00097	0.00186	-1.47065	0.00423	0.00186	0.00186	0.00186
ATA	ATT	AT	1.54342	0.00042	0.00083	-1.54342	0.00197	0.00083	0.00083	0.00083
ATA	ATC	AC	2.49250	0.00097	0.00264	-2.49250	0.01176	0.00264	0.00264	0.00264
ATG	TTG	AT	-0.92706	0.00958	0.00581	0.92706	0.00379	0.00581	0.00581	0.00581
ATG	CTG	AC	1.34063	0.02214	0.04019	-1.34063	0.08459	0.04019	0.04019	0.04019
ATG	ATT	GT	-1.41700	0.00958	0.00434	1.41700	0.00232	0.00434	0.00434	0.00434
ATG	ATC	GC	-0.46793	0.02214	0.01736	0.46793	0.01386	0.01736	0.01736	0.01736
ATG	ATA	GA	-2.96042	0.06601	0.01068	2.96042	0.00342	0.01068	0.01068	0.01068
ACT	TCT	AT	0.97439	0.00099	0.00154	-0.97439	0.00261	0.00154	0.00154	0.00154
ACT	CCT	AC	1.30464	0.00228	0.00408	-1.30464	0.00841	0.00408	0.00408	0.00408
ACT	ATT	CT	0.93151	0.00374	0.00576	-0.93151	0.00951	0.00576	0.00576	0.00576
ACC	TCC	AT	0.35384	0.00811	0.00962	-0.35384	0.01155	0.00962	0.00962	0.00962
ACC	CCC	AC	0.28343	0.01873	0.02151	-0.28343	0.02487	0.02151	0.02151	0.02151
ACC	ATC	CT	0.61255	0.03076	0.04113	-0.61255	0.05675	0.04113	0.04113	0.04113
ACC	ACT	CT	-1.26804	0.03076	0.01527	1.26804	0.00865	0.01527	0.01527	0.01527
ACA	TCA	AT	0.19117	0.00456	0.00501	-0.19117	0.00552	0.00501	0.00501	0.00501
ACA	CCA	AC	-0.36896	0.01054	0.00872	0.36896	0.00729	0.00872	0.00872	0.00872
ACA	ATA	CT	-1.54611	0.01731	0.00725	1.54611	0.00369	0.00725	0.00725	0.00725
ACA	ACT	AT	-0.93421	0.00456	0.00276	0.93421	0.00179	0.00276	0.00276	0.00276
ACA	ACC	AC	0.33383	0.01054	0.01240	-0.33383	0.01472	0.01240	0.01240	0.01240
ACG	TCG	AT	0.32366	0.00582	0.00682	-0.32366	0.00805	0.00682	0.00682	0.00682
ACG	CCG	AC	-0.32749	0.01346	0.01138	0.32749	0.00970	0.01138	0.01138	0.01138
ACG	ATG	CT	1.33510	0.02210	0.04004	-1.33510	0.08399	0.04004	0.04004	0.04004
ACG	ACT	GT	-1.01342	0.00582	0.00336	1.01342	0.00211	0.00336	0.00336	0.00336
ACG	ACC	GC	0.25462	0.01346	0.01525	-0.25462	0.01736	0.01525	0.01525	0.01525
ACG	ACA	GA	-0.07921	0.04014	0.03857	0.07921	0.03709	0.03857	0.03857	0.03857
AAT	TAT	AT	0.41053	0.00172	0.00209	-0.41053	0.00259	0.00209	0.00209	0.00209
AAT	CAT	AC	-0.41587	0.00396	0.00320	0.41587	0.00261	0.00320	0.00320	0.00320
AAT	ATT	AT	0.13808	0.00172	0.00184	-0.13808	0.00197	0.00184	0.00184	0.00184
AAT	ACT	AC	-0.79344	0.00396	0.00260	0.79344	0.00179	0.00260	0.00260	0.00260
AAC	TAC	AT	0.38111	0.01110	0.01335	-0.38111	0.01625	0.01335	0.01335	0.01335
AAC	CAC	AC	-0.24985	0.02565	0.02258	0.24985	0.01998	0.02258	0.02258	0.02258
AAC	ATC	AT	0.05741	0.01110	0.01142	-0.05741	0.01176	0.01142	0.01142	0.01142
AAC	ACC	AC	-0.55514	0.02565	0.01919	0.55514	0.01472	0.01919	0.01919	0.01919
AAC	AAT	CT	-1.02974	0.04211	0.02409	1.02974	0.01504	0.02409	0.02409	0.02409
AAA	CAA	AC	-0.21208	0.00254	0.00228	0.21208	0.00206	0.00228	0.00228	0.00228
AAA	ATA	AT	-0.36459	0.00110	0.00091	0.36459	0.00076	0.00091	0.00091	0.00091
AAA	ACA	AC	1.18153	0.00254	0.00433	-1.18153	0.00829	0.00433	0.00433	0.00433
AAA	AAT	AT	1.04076	0.00110	0.00177	-1.04076	0.00312	0.00177	0.00177	0.00177
AAA	AAC	AC	2.07050	0.00254	0.00602	-2.07050	0.02016	0.00602	0.00602	0.00602
AAG	CAG	AC	0.74396	0.01892	0.02682	-0.74396	0.03981	0.02682	0.02682	0.02682
AAG	ATG	AT	0.75380	0.00819	0.01166	-0.75380	0.01740	0.01166	0.01166	0.01166
AAG	ACG	AC	-0.58130	0.01892	0.01395	0.58130	0.01058	0.01395	0.01395	0.01395
AAG	AAT	GT	-0.80129	0.00819	0.00534	0.80129	0.00367	0.00534	0.00534	0.00534
AAG	AAC	GC	0.22846	0.01892	0.02116	-0.22846	0.02378	0.02116	0.02116	0.02116
AAG	AAA	GA	-1.84204	0.05642	0.01958	1.84204	0.00894	0.01958	0.01958	0.01958
AGT	TGT	AT	0.67667	0.00175	0.00240	-0.67667	0.00344	0.00240	0.00240	0.00240
AGT	CGT	AC	0.10724	0.00404	0.00426	-0.10724	0.00450	0.00426	0.00426	0.00426
AGT	ATT	GT	0.28437	0.00175	0.00201	-0.28437	0.00232	0.00201	0.00201	0.00201
AGT	ACT	GC	-0.64714	0.00404	0.00287	0.64714	0.00211	0.00287	0.00287	0.00287
AGT	AAT	GA	0.14629	0.01204	0.01295	-0.14629	0.01394	0.01295	0.01295	0.01295
AGC	TGC	AT	0.46684	0.01728	0.02163	-0.46684	0.02756	0.02163	0.02163	0.02163
AGC	CGC	AC	-0.78167	0.03993	0.02634	0.78167	0.01828	0.02634	0.02634	0.02634
AGC	ATC	GT	-0.22027	0.01728	0.01545	0.22027	0.01386	0.01545	0.01545	0.01545
AGC	ACC	GC	-0.83282	0.03993	0.02559	0.83282	0.01736	0.02559	0.02559	0.02559
AGC	AAC	GA	-0.27768	0.11909	0.10332	0.27768	0.09022	0.10332	0.10332	0.10332
AGC	AGT	CT	-1.45372	0.06557	0.02907	1.45372	0.01532	0.02907	0.02907	0.02907
AGA	CGA	AC	0.93759	0.00060	0.00092	-0.93759	0.00153	0.00092	0.00092	0.00092
AGA	ATA	GT	1.24732	0.00026	0.00045	-1.24732	0.00090	0.00045	0.00045	0.00045
AGA	ACA	GC	2.79343	0.00060	0.00178	-2.79343	0.00977	0.00178	0.00178	0.00178
AGA	AAA	GA	1.61191	0.00178	0.00359	-1.61191	0.00894	0.00359	0.00359	0.00359
AGA	AGT	AT	2.50637	0.00026	0.00071	-2.50637	0.00317	0.00071	0.00071	0.00071
AGA	AGC	AC	3.96008	0.00060	0.00242	-3.96008	0.03139	0.00242	0.00242	0.00242
AGG	TGG	AT	1.38480	0.00511	0.00944	-1.38480	0.02042	0.00944	0.00944	0.00944
AGG	CGG	AC	0.23367	0.01182	0.01325	-0.23367	0.01493	0.01325	0.01325	0.01325
AGG	ATG	GT	1.38958	0.00511	0.00946	-1.38958	0.02052	0.00946	0.00946	0.00946
AGG	ACG	GC	0.05448	0.01182	0.01214	-0.05448	0.01248	0.01214	0.01214	0.01214
AGG	AAG	GA	0.63578	0.03524	0.04762	-0.63578	0.06654	0.04762	0.04762	0.04762
AGG	AGT	GT	-0.31180	0.00511	0.00436	0.31180	0.00374	0.00436	0.00436	0.00436
AGG	AGC	GC	1.14192	0.01182	0.01982	-1.14192	0.03702	0.01982	0.01982	0.01982
AGG	AGA	GA	-2.81817	0.03524	0.00631	2.81817	0.00210	0.00631	0.00631	0.00631
GTT	TTT	GT	2.01761	0.00076	0.00177	-2.01761	0.00572	0.00177	0.00177	0.00177
GTT	CTT	GC	1.31572	0.00176	0.00316	-1.31572	0.00655	0.00316	0.00316	0.00316
GTT	ATT	GA	0.51973	0.00524	0.00672	-0.51973	0.00881	0.00672	0.00672	0.00672
GTC	TTC	GT	1.78866	0.00709	0.01522	-1.78866	0.04238	0.01522	0.01522	0.01522
GTC	CTC	GC	0.69096	0.01637	0.02268	-0.69096	0.03268	0.02268	0.02268	0.02268
GTC	ATC	GA	0.07443	0.04883	0.05067	-0.07443	0.05260	0.05067	0.05067	0.05067
GTC	GTT	CT	-1.39438	0.02688	0.01236	1.39438	0.00667	0.01236	0.01236	0.01236
GTA	TTA	GT	-0.47788	0.00061	0.00048	0.47788	0.00038	0.00048	0.00048	0.00048
GTA	CTA	GC	1.25634	0.00142	0.00250	-1.25634	0.00499	0.00250	0.00250	0.00250
GTA	ATA	GA	-0.21431	0.00424	0.00380	0.21431	0.00342	0.00380	0.00380	0.00380
GTA	GTT	AT	0.80939	0.00061	0.00090	-0.80939	0.00138	0.00090	0.00090	0.00090
GTA	GTC	AC	2.20376	0.00142	0.00352	-2.20376	0.01287	0.00352	0.00352	0.00352
GTG	TTG	GT	-1.82787	0.02781	0.00974	1.82787	0.00447	0.00974	0.00974	0.00974
GTG	CTG	GC	0.43982	0.06426	0.07943	-0.43982	0.09976	0.07943	0.07943	0.07943
GTG	ATG	GA	-0.90081	0.19164	0.11811	0.90081	0.07785	0.11811	0.11811	0.11811
GTG	GTT	GT	-2.83754	0.02781	0.00491	2.83754	0.00163	0.00491	0.00491	0.00491
GTG	GTC	GC	-1.44316	0.06426	0.02868	1.44316	0.01518	0.02868	0.02868	0.02868
GTG	GTA	GA	-3.64692	0.19164	0.01871	3.64692	0.00500	0.01871	0.01871	0.01871
GCT	TCT	GT	-0.70798	0.00626	0.00430	0.70798	0.00308	0.00430	0.00430	0.00430
GCT	CCT	GC	-0.37773	0.01447	0.01191	0.37773	0.00992	0.01191	0.01191	0.01191
GCT	ACT	GA	-1.68237	0.04314	0.01658	1.68237	0.00802	0.01658	0.01658	0.01658
GCT	GTT	CT	-1.27058	0.02375	0.01178	1.27058	0.00667	0.01178	0.01178	0.01178
GCC	TCC	GT	-0.75211	0.02889	0.01938	0.75211	0.01362	0.01938	0.01938	0.01938
GCC	CCC	GC	-0.82251	0.06677	0.04303	0.82251	0.02933	0.04303	0.04303	0.04303
GCC	ACC	GA	-1.10595	0.19911	0.10890	1.10595	0.06589	0.10890	0.10890	0.10890
GCC	GTC	CT	-0.56782	0.10962	0.08143	0.56782	0.06213	0.08143	0.08143	0.08143
GCC	GCT	CT	-0.69161	0.10962	0.07605	0.69161	0.05490	0.07605	0.07605	0.07605
GCA	TCA	GT	0.44918	0.00416	0.00516	-0.44918	0.00651	0.00516	0.00516	0.00516
GCA	CCA	GC	-0.11095	0.00961	0.00908	0.11095	0.00860	0.00908	0.00908	0.00908
GCA	ACA	GA	0.25801	0.02865	0.03251	-0.25801	0.03709	0.03251	0.03251	0.03251
GCA	GTA	CT	-1.07379	0.01577	0.00879	1.07379	0.00539	0.00879	0.00879	0.00879
GCA	GCT	AT	1.00617	0.00416	0.00659	-1.00617	0.01137	0.00659	0.00659	0.00659
GCA	GCC	AC	1.69779	0.00961	0.01997	-1.69779	0.05248	0.01997	0.01997	0.01997
GCG	TCG	GT	0.59111	0.00526	0.00696	-0.59111	0.00949	0.00696	0.00696	0.00696
GCG	CCG	GC	-0.06003	0.01215	0.01179	0.06003	0.01144	0.01179	0.01179	0.01179
GCG	ACG	GA	0.26746	0.03623	0.04129	-0.26746	0.04734	0.04129	0.04129	0.04129
GCG	GTG	CT	2.50337	0.01995	0.05439	-2.50337	0.24384	0.05439	0.05439	0.05439
GCG	GCT	GT	0.93641	0.00526	0.00810	-0.93641	0.01341	0.00810	0.00810	0.00810
GCG	GCC	GC	1.62802	0.01215	0.02461	-1.62802	0.06189	0.02461	0.02461	0.02461
GCG	GCA	GA	-0.06976	0.03623	0.03498	0.06976	0.03379	0.03498	0.03498	0.03498
GAT	TAT	GT	0.29751	0.00226	0.00262	-0.29751	0.00305	0.00262	0.00262	0.00262
GAT	CAT	GC	-0.52889	0.00523	0.00397	0.52889	0.00308	0.00397	0.00397	0.00397
GAT	AAT	GA	-0.11302	0.01561	0.01474	0.11302	0.01394	0.01474	0.01474	0.01474
GAT	GTT	AT	-0.49467	0.00226	0.00175	0.49467	0.00138	0.00175	0.00175	0.00175
GAT	GCT	AC	0.77591	0.00523	0.00752	-0.77591	0.01137	0.00752	0.00752	0.00752
GAC	TAC	GT	0.32373	0.01386	0.01623	-0.32373	0.01916	0.01623	0.01623	0.01623
GAC	CAC	GC	-0.30723	0.03204	0.02737	0.30723	0.02356	0.02737	0.02737	0.02737
GAC	AAC	GA	-0.05738	0.09554	0.09283	0.05738	0.09022	0.09283	0.09283	0.09283
GAC	GTC	AT	-0.07439	0.01386	0.01335	0.07439	0.01287	0.01335	0.01335	0.01335
GAC	GCC	AC	0.49343	0.03204	0.04059	-0.49343	0.05248	0.04059	0.04059	0.04059
GAC	GAT	CT	-0.97410	0.05260	0.03108	0.97410	0.01986	0.03108	0.03108	0.03108
GAA	CAA	GC	-0.01704	0.00247	0.00245	0.01704	0.00243	0.00245	0.00245	0.00245
GAA	AAA	GA	0.19503	0.00736	0.00810	-0.19503	0.00894	0.00810	0.00810	0.00810
GAA	GTA	AT	0.04476	0.00107	0.00109	-0.04476	0.00112	0.00109	0.00109	0.00109
GAA	GCA	AC	1.11855	0.00247	0.00410	-1.11855	0.00755	0.00410	0.00410	0.00410
GAA	GAT	AT	1.34881	0.00107	0.00194	-1.34881	0.00411	0.00194	0.00194	0.00194
GAA	GAC	AC	2.32291	0.00247	0.00635	-2.32291	0.02518	0.00635	0.00635	0.00635
GAG	CAG	GC	0.14082	0.04079	0.04373	-0.14082	0.04695	0.04373	0.04373	0.04373
GAG	AAG	GA	-0.60313	0.12163	0.08862	0.60313	0.06654	0.08862	0.08862	0.08862
GAG	GTG	AT	1.05147	0.01765	0.02852	-1.05147	0.05051	0.02852	0.02852	0.02852
GAG	GCG	AC	-1.45190	0.04079	0.01810	1.45190	0.00955	0.01810	0.01810	0.01810
GAG	GAT	GT	-1.29140	0.01765	0.00864	1.29140	0.00485	0.00864	0.00864	0.00864
GAG	GAC	GC	-0.31730	0.04079	0.03466	0.31730	0.02970	0.03466	0.03466	0.03466
GAG	GAA	GA	-2.64021	0.12163	0.02467	2.64021	0.00868	0.02467	0.02467	0.02467
GGT	TGT	GT	0.61871	0.00218	0.00293	-0.61871	0.00405	0.00293	0.00293	0.00293
GGT	CGT	GC	0.04928	0.00505	0.00517	-0.04928	0.00530	0.00517	0.00517	0.00517
GGT	AGT	GA	-0.05796	0.01505	0.01462	0.05796	0.01420	0.01462	0.01462	0.01462
GGT	GTT	GT	-0.29332	0.00218	0.00188	0.29332	0.00163	0.00188	0.00188	0.00188
GGT	GCT	GC	0.97727	0.00505	0.00791	-0.97727	0.01341	0.00791	0.00791	0.00791
GGT	GAT	GA	0.20135	0.01505	0.01662	-0.20135	0.01841	0.01662	0.01662	0.01662
GGC	TGC	GT	0.36420	0.02258	0.02694	-0.36420	0.03250	0.02694	0.02694	0.02694
GGC	CGC	GC	-0.88431	0.05219	0.03247	0.88431	0.02155	0.03247	0.03247	0.03247
GGC	AGC	GA	-0.10264	0.15563	0.14778	0.10264	0.14045	0.14778	0.14778	0.14778
GGC	GTC	GT	-0.39734	0.02258	0.01839	0.39734	0.01518	0.01839	0.01839	0.01839
GGC	GCC	GC	0.17048	0.05219	0.05676	-0.17048	0.06189	0.05676	0.05676	0.05676
GGC	GAC	GA	-0.32294	0.15563	0.13185	0.32294	0.11268	0.13185	0.13185	0.13185
GGC	GGT	CT	-1.49840	0.08569	0.03695	1.49840	0.01915	0.03695	0.03695	0.03695
GGA	CGA	GC	-0.90376	0.00445	0.00274	0.90376	0.00180	0.00274	0.00274	0.00274
GGA	AGA	GA	-1.84135	0.01327	0.00460	1.84135	0.00210	0.00460	0.00460	0.00460
GGA	GTA	GT	-0.37973	0.00192	0.00158	0.37973	0.00132	0.00158	0.00158	0.00158
GGA	GCA	GC	0.69407	0.00445	0.00617	-0.69407	0.00891	0.00617	0.00617	0.00617
GGA	GAA	GA	-0.42448	0.01327	0.01065	0.42448	0.00868	0.01065	0.01065	0.01065
GGA	GGT	AT	0.72298	0.00192	0.00270	-0.72298	0.00397	0.00270	0.00270	0.00270
GGA	GGC	AC	2.22137	0.00445	0.01108	-2.22137	0.04102	0.01108	0.01108	0.01108
GGG	TGG	GT	0.85210	0.01027	0.01526	-0.85210	0.02408	0.01526	0.01526	0.01526
GGG	CGG	GC	-0.29903	0.02374	0.02037	0.29903	0.01760	0.02037	0.02037	0.02037
GGG	AGG	GA	-0.53270	0.07079	0.05360	0.53270	0.04156	0.05360	0.05360	0.05360
GGG	GTG	GT	1.75769	0.01027	0.02182	-1.75769	0.05957	0.02182	0.02182	0.02182
GGG	GCG	GC	-0.74568	0.02374	0.01598	0.74568	0.01126	0.01598	0.01598	0.01598
GGG	GAG	GA	0.70621	0.07079	0.09871	-0.70621	0.14345	0.09871	0.09871	0.09871
GGG	GGT	GT	-0.78654	0.01027	0.00676	0.78654	0.00468	0.00676	0.00676	0.00676
GGG	GGC	GC	0.71186	0.02374	0.03318	-0.71186	0.04837	0.03318	0.03318	0.03318
GGG	GGA	GA	-1.50951	0.07079	0.03032	1.50951	0.01565	0.03032	0.03032	0.03032


Histograms
2Ns	FMut	FSub(CodonUsage)	FSubw(after w)

-4.25742	0.00263	0.00017	0.00017
-3.83168	0.01631	0.00195	0.00195
-3.40594	0.00035	0.00006	0.00006
-2.98020	0.07454	0.01587	0.01587
-2.55445	0.03512	0.00966	0.00966
-2.12871	0.05023	0.01834	0.01834
-1.70297	0.04967	0.02437	0.02437
-1.27723	0.13578	0.08682	0.08682
-0.85148	0.13183	0.10589	0.10589
-0.42574	0.15968	0.16254	0.16254
0.00000	0.11815	0.14868	0.14868
0.42574	0.10617	0.16254	0.16254
0.85148	0.05697	0.10589	0.10589
1.27723	0.03971	0.08682	0.08682
1.70297	0.00945	0.02437	0.02437
2.12871	0.00606	0.01834	0.01834
2.55445	0.00278	0.00966	0.00966
2.98020	0.00411	0.01587	0.01587
3.40594	0.00001	0.00006	0.00006
3.83168	0.00041	0.00195	0.00195
4.25742	0.00003	0.00017	0.00017

Proportion of advantageous (S > 0) mutations:
 0.28179

Proportions of good & bad mutations (|S| > 2.0000) among mutations:
0.01094  0.16149

mean |Ns| = 1.11335	mean Ns+ = 0.68469	mean Ns- = -1.28154

