Supplemental results for CODEML (seqf: ../TAS1R3_DNA_alignment.fa  treef: TAS1R3_ML.raxml.bestTree)

I	J	ij	2Ns_IJ	pMut_IJ	pSub_IJ	2Ns_JI	pMut_JI	pSub_JI

TTC	TTT	CT	-0.63659	0.10441	0.07468	0.63659	0.05524	0.07468	0.07468	0.07468
TTA	TTT	AT	3.79738	0.00019	0.00072	-3.79738	0.00825	0.00072	0.00015	0.00015
TTA	TTC	AC	4.43396	0.00072	0.00322	-4.43396	0.06044	0.00322	0.00067	0.00067
TTG	TTT	GT	1.22377	0.00172	0.00298	-1.22377	0.00584	0.00298	0.00062	0.00062
TTG	TTC	GC	1.86036	0.00666	0.01467	-1.86036	0.04280	0.01467	0.00304	0.00304
TTG	TTA	GA	-2.57361	0.04281	0.00910	2.57361	0.00326	0.00910	0.00910	0.00910
TCT	TTT	CT	2.00247	0.00746	0.01727	-2.00247	0.05524	0.01727	0.00357	0.00357
TCC	TTC	CT	2.51057	0.03287	0.08981	-2.51057	0.40466	0.08981	0.01858	0.01858
TCC	TCT	CT	-0.12849	0.03287	0.03080	0.12849	0.02890	0.03080	0.03080	0.03080
TCA	TTA	CT	-1.24269	0.01630	0.00822	1.24269	0.00471	0.00822	0.00170	0.00170
TCA	TCT	AT	0.55222	0.00249	0.00323	-0.55222	0.00432	0.00323	0.00323	0.00323
TCA	TCC	AC	0.68071	0.00963	0.01328	-0.68071	0.01903	0.01328	0.01328	0.01328
TCG	TTG	CT	0.66155	0.02255	0.03082	-0.66155	0.04369	0.03082	0.00637	0.00637
TCG	TCT	GT	-0.11715	0.00344	0.00324	0.11715	0.00306	0.00324	0.00324	0.00324
TCG	TCC	GC	0.01134	0.01332	0.01340	-0.01134	0.01347	0.01340	0.01340	0.01340
TCG	TCA	GA	-0.66937	0.08562	0.06014	0.66937	0.04384	0.06014	0.06014	0.06014
TAT	TTT	AT	1.93662	0.00119	0.00269	-1.93662	0.00825	0.00269	0.00056	0.00056
TAT	TCT	AC	-0.06585	0.00461	0.00446	0.06585	0.00432	0.00446	0.00092	0.00092
TAC	TTC	AT	2.11417	0.00730	0.01755	-2.11417	0.06044	0.01755	0.00363	0.00363
TAC	TCC	AC	-0.39640	0.02828	0.02305	0.39640	0.01903	0.02305	0.00477	0.00477
TAC	TAT	CT	-0.45904	0.04787	0.03772	0.45904	0.03025	0.03772	0.03772	0.03772
TGT	TTT	GT	1.28728	0.00161	0.00287	-1.28728	0.00584	0.00287	0.00059	0.00059
TGT	TCT	GC	-0.71519	0.00625	0.00428	0.71519	0.00306	0.00428	0.00089	0.00089
TGT	TAT	GA	-0.64934	0.04018	0.02853	0.64934	0.02099	0.02853	0.00590	0.00590
TGC	TTC	GT	1.27244	0.01199	0.02120	-1.27244	0.04280	0.02120	0.00438	0.00438
TGC	TCC	GC	-1.23812	0.04647	0.02349	1.23812	0.01347	0.02349	0.00486	0.00486
TGC	TAC	GA	-0.84172	0.29869	0.19041	0.84172	0.12873	0.19041	0.03938	0.03938
TGC	TGT	CT	-0.65142	0.07866	0.05580	0.65142	0.04100	0.05580	0.05580	0.05580
TGG	TTG	GT	-0.64907	0.00884	0.00628	0.64907	0.00462	0.00628	0.00130	0.00130
TGG	TCG	GC	-1.31062	0.03428	0.01659	1.31062	0.00924	0.01659	0.00343	0.00343
TGG	TGT	GT	-0.71258	0.00884	0.00606	0.71258	0.00434	0.00606	0.00125	0.00125
TGG	TGC	GC	-0.06116	0.03428	0.03324	0.06116	0.03224	0.03324	0.00687	0.00687
CTT	TTT	CT	1.32466	0.01469	0.02651	-1.32466	0.05524	0.02651	0.00548	0.00548
CTC	TTC	CT	1.60116	0.08161	0.16367	-1.60116	0.40466	0.16367	0.03385	0.03385
CTC	CTT	CT	-0.36009	0.08161	0.06779	0.36009	0.05693	0.06779	0.06779	0.06779
CTA	TTA	CT	-1.00346	0.01283	0.00745	1.00346	0.00471	0.00745	0.00745	0.00745
CTA	CTT	AT	1.46925	0.00196	0.00373	-1.46925	0.00850	0.00373	0.00373	0.00373
CTA	CTC	AC	1.82935	0.00758	0.01652	-1.82935	0.04724	0.01652	0.01652	0.01652
CTG	TTG	CT	-1.71906	0.24377	0.09151	1.71906	0.04369	0.09151	0.09151	0.09151
CTG	CTT	GT	-1.81996	0.03716	0.01308	1.81996	0.00602	0.01308	0.01308	0.01308
CTG	CTC	GC	-1.45987	0.14402	0.06361	1.45987	0.03345	0.06361	0.06361	0.06361
CTG	CTA	GA	-3.28921	0.92571	0.11792	3.28921	0.03451	0.11792	0.11792	0.11792
CCT	TCT	CT	0.27962	0.02185	0.02505	-0.27962	0.02890	0.02505	0.00518	0.00518
CCT	CTT	CT	0.95742	0.02185	0.03396	-0.95742	0.05693	0.03396	0.00702	0.00702
CCC	TCC	CT	0.59027	0.07059	0.09346	-0.59027	0.12738	0.09346	0.01933	0.01933
CCC	CTC	CT	1.49968	0.07059	0.13628	-1.49968	0.31627	0.13628	0.02819	0.02819
CCC	CCT	CT	0.18217	0.07059	0.07722	-0.18217	0.08470	0.07722	0.07722	0.07722
CCA	TCA	CT	1.03818	0.02237	0.03596	-1.03818	0.06319	0.03596	0.00744	0.00744
CCA	CTA	CT	0.79895	0.02237	0.03249	-0.79895	0.04974	0.03249	0.00672	0.00672
CCA	CCT	AT	1.31078	0.00341	0.00612	-1.31078	0.01265	0.00612	0.00612	0.00612
CCA	CCC	AC	1.12862	0.01322	0.02205	-1.12862	0.04086	0.02205	0.02205	0.02205
CCG	TCG	CT	1.17238	0.02706	0.04595	-1.17238	0.08739	0.04595	0.00950	0.00950
CCG	CTG	CT	3.55299	0.02706	0.09897	-3.55299	0.94477	0.09897	0.02047	0.02047
CCG	CCT	GT	0.77561	0.00412	0.00593	-0.77561	0.00896	0.00593	0.00593	0.00593
CCG	CCC	GC	0.59344	0.01599	0.02120	-0.59344	0.02894	0.02120	0.02120	0.02120
CCG	CCA	GA	-0.53517	0.10275	0.07769	0.53517	0.06016	0.07769	0.07769	0.07769
CAT	TAT	CT	1.44779	0.00711	0.01346	-1.44779	0.03025	0.01346	0.00278	0.00278
CAT	CTT	AT	2.05975	0.00108	0.00256	-2.05975	0.00850	0.00256	0.00053	0.00053
CAT	CCT	AC	1.10233	0.00420	0.00693	-1.10233	0.01265	0.00693	0.00143	0.00143
CAC	TAC	CT	1.17449	0.05732	0.09743	-1.17449	0.18553	0.09743	0.02015	0.02015
CAC	CTC	AT	1.68750	0.00874	0.01809	-1.68750	0.04724	0.01809	0.00374	0.00374
CAC	CCC	AC	0.18782	0.03387	0.03715	-0.18782	0.04086	0.03715	0.00768	0.00768
CAC	CAT	CT	-0.73234	0.05732	0.03887	0.73234	0.02756	0.03887	0.03887	0.03887
CAA	CTA	AT	2.08303	0.00093	0.00220	-2.08303	0.00743	0.00220	0.00046	0.00046
CAA	CCA	AC	1.28408	0.00359	0.00637	-1.28408	0.01295	0.00637	0.00132	0.00132
CAA	CAT	AT	1.49254	0.00093	0.00178	-1.49254	0.00412	0.00178	0.00037	0.00037
CAA	CAC	AC	2.22487	0.00359	0.00895	-2.22487	0.03318	0.00895	0.00185	0.00185
CAG	CTG	AT	2.08493	0.01754	0.04177	-2.08493	0.14112	0.04177	0.00864	0.00864
CAG	CCG	AC	-1.46806	0.06799	0.02988	1.46806	0.01566	0.02988	0.00618	0.00618
CAG	CAT	GT	-1.79477	0.01754	0.00627	1.79477	0.00292	0.00627	0.00130	0.00130
CAG	CAC	GC	-1.06244	0.06799	0.03815	1.06244	0.02350	0.03815	0.00789	0.00789
CAG	CAA	GA	-3.28731	0.43700	0.05574	3.28731	0.01632	0.05574	0.05574	0.05574
CGT	TGT	CT	1.18890	0.01249	0.02135	-1.18890	0.04100	0.02135	0.00442	0.00442
CGT	CTT	GT	1.15152	0.00190	0.00321	-1.15152	0.00602	0.00321	0.00066	0.00066
CGT	CCT	GC	0.19410	0.00738	0.00812	-0.19410	0.00896	0.00812	0.00168	0.00168
CGT	CAT	GA	-0.90822	0.04742	0.02910	0.90822	0.01912	0.02910	0.00602	0.00602
CGC	TGC	CT	1.79152	0.05082	0.10926	-1.79152	0.30484	0.10926	0.02260	0.02260
CGC	CTC	GT	1.46281	0.00775	0.01475	-1.46281	0.03345	0.01475	0.00305	0.00305
CGC	CCC	GC	-0.03687	0.03002	0.02947	0.03687	0.02894	0.02947	0.00610	0.00610
CGC	CAC	GA	-0.22470	0.19298	0.17211	0.22470	0.15414	0.17211	0.03560	0.03560
CGC	CGT	CT	-0.04881	0.05082	0.04959	0.04881	0.04840	0.04959	0.04959	0.04959
CGA	CTA	GT	2.03515	0.00069	0.00161	-2.03515	0.00526	0.00161	0.00033	0.00033
CGA	CCA	GC	1.23620	0.00266	0.00464	-1.23620	0.00917	0.00464	0.00096	0.00096
CGA	CAA	GA	-0.04788	0.01712	0.01672	0.04788	0.01632	0.01672	0.00346	0.00346
CGA	CGT	AT	2.35288	0.00069	0.00179	-2.35288	0.00723	0.00179	0.00179	0.00179
CGA	CGC	AC	2.40169	0.00266	0.00704	-2.40169	0.02942	0.00704	0.00704	0.00704
CGG	TGG	CT	1.65391	0.04301	0.08797	-1.65391	0.22485	0.08797	0.01819	0.01819
CGG	CTG	GT	2.72390	0.00656	0.01912	-2.72390	0.09993	0.01912	0.00395	0.00395
CGG	CCG	GC	-0.82909	0.02541	0.01632	0.82909	0.01109	0.01632	0.00337	0.00337
CGG	CAG	GA	0.63897	0.16334	0.22105	-0.63897	0.30945	0.22105	0.04572	0.04572
CGG	CGT	GT	-0.24758	0.00656	0.00578	0.24758	0.00512	0.00578	0.00578	0.00578
CGG	CGC	GC	-0.19877	0.02541	0.02297	0.19877	0.02083	0.02297	0.02297	0.02297
CGG	CGA	GA	-2.60046	0.16334	0.03406	2.60046	0.01213	0.03406	0.03406	0.03406
ATT	TTT	AT	2.27530	0.00085	0.00215	-2.27530	0.00825	0.00215	0.00044	0.00044
ATT	CTT	AC	0.95063	0.00329	0.00509	-0.95063	0.00850	0.00509	0.00105	0.00105
ATC	TTC	AT	2.44883	0.00522	0.01400	-2.44883	0.06044	0.01400	0.00289	0.00289
ATC	CTC	AC	0.84767	0.02024	0.03001	-0.84767	0.04724	0.03001	0.00621	0.00621
ATC	ATT	CT	-0.46305	0.03426	0.02693	0.46305	0.02156	0.02693	0.02693	0.02693
ATA	TTA	AT	0.64117	0.00037	0.00050	-0.64117	0.00070	0.00050	0.00010	0.00010
ATA	CTA	AC	1.64462	0.00143	0.00292	-1.64462	0.00743	0.00292	0.00060	0.00060
ATA	ATT	AT	2.16325	0.00037	0.00090	-2.16325	0.00322	0.00090	0.00090	0.00090
ATA	ATC	AC	2.62630	0.00143	0.00406	-2.62630	0.01983	0.00406	0.00406	0.00406
ATG	TTG	AT	-0.16462	0.00769	0.00708	0.16462	0.00653	0.00708	0.00146	0.00146
ATG	CTG	AC	1.55444	0.02982	0.05877	-1.55444	0.14112	0.05877	0.01216	0.01216
ATG	ATT	GT	-1.21615	0.00769	0.00394	1.21615	0.00228	0.00394	0.00082	0.00082
ATG	ATC	GC	-0.75310	0.02982	0.01999	0.75310	0.01404	0.01999	0.00413	0.00413
ATG	ATA	GA	-3.37940	0.19166	0.02284	3.37940	0.00653	0.02284	0.00472	0.00472
ACT	TCT	AT	1.64552	0.00083	0.00170	-1.64552	0.00432	0.00170	0.00035	0.00035
ACT	CCT	AC	1.36591	0.00323	0.00592	-1.36591	0.01265	0.00592	0.00122	0.00122
ACT	ATT	CT	1.37270	0.00546	0.01005	-1.37270	0.02156	0.01005	0.00208	0.00208
ACC	TCC	AT	1.03157	0.00678	0.01087	-1.03157	0.01903	0.01087	0.00225	0.00225
ACC	CCC	AC	0.44130	0.02628	0.03251	-0.44130	0.04086	0.03251	0.00672	0.00672
ACC	ATC	CT	1.09331	0.04449	0.07315	-1.09331	0.13276	0.07315	0.01513	0.01513
ACC	ACT	CT	-0.74244	0.04449	0.03000	0.74244	0.02117	0.03000	0.03000	0.03000
ACA	TCA	AT	0.90087	0.00383	0.00582	-0.90087	0.00944	0.00582	0.00120	0.00120
ACA	CCA	AC	-0.13731	0.01486	0.01386	0.13731	0.01295	0.01386	0.00287	0.00287
ACA	ATA	CT	-0.98298	0.02515	0.01478	0.98298	0.00941	0.01478	0.00306	0.00306
ACA	ACT	AT	-0.19243	0.00383	0.00348	0.19243	0.00316	0.00348	0.00348	0.00348
ACA	ACC	AC	0.55001	0.01486	0.01932	-0.55001	0.02575	0.01932	0.01932	0.01932
ACG	TCG	AT	1.08685	0.00440	0.00722	-1.08685	0.01305	0.00722	0.00149	0.00149
ACG	CCG	AC	-0.08552	0.01706	0.01634	0.08552	0.01566	0.01634	0.00338	0.00338
ACG	ATG	CT	1.91302	0.02888	0.06481	-1.91302	0.19561	0.06481	0.01341	0.01341
ACG	ACT	GT	-0.67583	0.00440	0.00308	0.67583	0.00224	0.00308	0.00308	0.00308
ACG	ACC	GC	0.06662	0.01706	0.01764	-0.06662	0.01824	0.01764	0.01764	0.01764
ACG	ACA	GA	-0.48339	0.10966	0.08528	0.48339	0.06763	0.08528	0.08528	0.08528
AAT	TAT	AT	1.15199	0.00143	0.00240	-1.15199	0.00452	0.00240	0.00050	0.00050
AAT	CAT	AC	-0.29580	0.00553	0.00476	0.29580	0.00412	0.00476	0.00098	0.00098
AAT	ATT	AT	0.81332	0.00143	0.00209	-0.81332	0.00322	0.00209	0.00043	0.00043
AAT	ACT	AC	-0.55938	0.00553	0.00413	0.55938	0.00316	0.00413	0.00085	0.00085
AAC	TAC	AT	1.14208	0.00884	0.01484	-1.14208	0.02771	0.01484	0.00307	0.00307
AAC	CAC	AC	-0.03241	0.03428	0.03372	0.03241	0.03318	0.03372	0.00698	0.00698
AAC	ATC	AT	0.80741	0.00884	0.01289	-0.80741	0.01983	0.01289	0.00267	0.00267
AAC	ACC	AC	-0.28589	0.03428	0.02961	0.28589	0.02575	0.02961	0.00612	0.00612
AAC	AAT	CT	-0.46896	0.05802	0.04547	0.46896	0.03630	0.04547	0.04547	0.04547
AAA	CAA	AC	0.06923	0.00328	0.00339	-0.06923	0.00351	0.00339	0.00070	0.00070
AAA	ATA	AT	0.50763	0.00085	0.00108	-0.50763	0.00141	0.00108	0.00022	0.00022
AAA	ACA	AC	1.49061	0.00328	0.00631	-1.49061	0.01456	0.00631	0.00130	0.00130
AAA	AAT	AT	1.85756	0.00085	0.00186	-1.85756	0.00542	0.00186	0.00039	0.00039
AAA	AAC	AC	2.32652	0.00328	0.00845	-2.32652	0.03358	0.00845	0.00175	0.00175
AAG	CAG	AC	0.98614	0.02485	0.03908	-0.98614	0.06662	0.03908	0.00808	0.00808
AAG	ATG	AT	1.51663	0.00641	0.01246	-1.51663	0.02922	0.01246	0.00258	0.00258
AAG	ACG	AC	-0.39639	0.02485	0.02025	0.39639	0.01672	0.02025	0.00419	0.00419
AAG	AAT	GT	-0.51284	0.00641	0.00491	0.51284	0.00384	0.00491	0.00102	0.00102
AAG	AAC	GC	-0.04388	0.02485	0.02431	0.04388	0.02378	0.02431	0.00503	0.00503
AAG	AAA	GA	-2.37040	0.15972	0.03902	2.37040	0.01492	0.03902	0.03902	0.03902
AGT	TGT	AT	1.33431	0.00161	0.00292	-1.33431	0.00612	0.00292	0.00060	0.00060
AGT	CGT	AC	0.14541	0.00625	0.00672	-0.14541	0.00723	0.00672	0.00139	0.00139
AGT	ATT	GT	0.34630	0.00161	0.00191	-0.34630	0.00228	0.00191	0.00039	0.00039
AGT	ACT	GC	-1.02640	0.00625	0.00358	1.02640	0.00224	0.00358	0.00074	0.00074
AGT	AAT	GA	-0.46702	0.04018	0.03152	0.46702	0.02519	0.03152	0.00652	0.00652
AGC	TGC	AT	1.15604	0.01433	0.02418	-1.15604	0.04553	0.02418	0.00500	0.00500
AGC	CGC	AC	-0.63548	0.05554	0.03975	0.63548	0.02942	0.03975	0.00822	0.00822
AGC	ATC	GT	-0.02034	0.01433	0.01419	0.02034	0.01404	0.01419	0.00293	0.00293
AGC	ACC	GC	-1.11365	0.05554	0.03024	1.11365	0.01824	0.03024	0.00625	0.00625
AGC	AAC	GA	-0.82776	0.35698	0.22939	0.82776	0.15601	0.22939	0.04744	0.04744
AGC	AGT	CT	-0.82970	0.09401	0.06034	0.82970	0.04100	0.06034	0.06034	0.06034
AGA	CGA	AC	0.98642	0.00097	0.00153	-0.98642	0.00261	0.00153	0.00153	0.00153
AGA	ATA	GT	1.37695	0.00025	0.00046	-1.37695	0.00100	0.00046	0.00010	0.00010
AGA	ACA	GC	2.35993	0.00097	0.00254	-2.35993	0.01031	0.00254	0.00052	0.00052
AGA	AAA	GA	0.86931	0.00626	0.00937	-0.86931	0.01492	0.00937	0.00194	0.00194
AGA	AGT	AT	3.19389	0.00025	0.00084	-3.19389	0.00612	0.00084	0.00017	0.00017
AGA	AGC	AC	4.02359	0.00097	0.00399	-4.02359	0.05442	0.00399	0.00082	0.00082
AGG	TGG	AT	2.15312	0.00390	0.00950	-2.15312	0.03358	0.00950	0.00196	0.00196
AGG	CGG	AC	0.49922	0.01511	0.01920	-0.49922	0.02490	0.01920	0.01920	0.01920
AGG	ATG	GT	1.66868	0.00390	0.00802	-1.66868	0.02069	0.00802	0.00166	0.00166
AGG	ACG	GC	-0.24435	0.01511	0.01334	0.24435	0.01184	0.01334	0.00276	0.00276
AGG	AAG	GA	0.15204	0.09715	0.10472	-0.15204	0.11310	0.10472	0.02166	0.02166
AGG	AGT	GT	0.10623	0.00390	0.00411	-0.10623	0.00434	0.00411	0.00085	0.00085
AGG	AGC	GC	0.93592	0.01511	0.02327	-0.93592	0.03854	0.02327	0.00481	0.00481
AGG	AGA	GA	-3.08767	0.09715	0.01433	3.08767	0.00443	0.01433	0.01433	0.01433
GTT	TTT	GT	2.26041	0.00061	0.00154	-2.26041	0.00584	0.00154	0.00032	0.00032
GTT	CTT	GC	0.93574	0.00236	0.00364	-0.93574	0.00602	0.00364	0.00075	0.00075
GTT	ATT	GA	-0.01489	0.01518	0.01507	0.01489	0.01496	0.01507	0.00312	0.00312
GTC	TTC	GT	2.03285	0.00561	0.01311	-2.03285	0.04280	0.01311	0.00271	0.00271
GTC	CTC	GC	0.43170	0.02172	0.02675	-0.43170	0.03345	0.02675	0.00553	0.00553
GTC	ATC	GA	-0.41598	0.13963	0.11260	0.41598	0.09211	0.11260	0.02329	0.02329
GTC	GTT	CT	-0.86414	0.03677	0.02314	0.86414	0.01550	0.02314	0.02314	0.02314
GTA	TTA	GT	-0.22191	0.00062	0.00055	0.22191	0.00050	0.00055	0.00011	0.00011
GTA	CTA	GC	0.78155	0.00241	0.00347	-0.78155	0.00526	0.00347	0.00072	0.00072
GTA	ATA	GA	-0.86307	0.01548	0.00975	0.86307	0.00653	0.00975	0.00202	0.00202
GTA	GTT	AT	1.31506	0.00062	0.00112	-1.31506	0.00231	0.00112	0.00112	0.00112
GTA	GTC	AC	2.17920	0.00241	0.00592	-2.17920	0.02129	0.00592	0.00592	0.00592
GTG	TTG	GT	-1.58578	0.02257	0.00922	1.58578	0.00462	0.00922	0.00191	0.00191
GTG	CTG	GC	0.13329	0.08746	0.09342	-0.13329	0.09993	0.09342	0.01932	0.01932
GTG	ATG	GA	-1.42115	0.56214	0.25427	1.42115	0.13572	0.25427	0.05259	0.05259
GTG	GTT	GT	-2.62241	0.02257	0.00463	2.62241	0.00164	0.00463	0.00463	0.00463
GTG	GTC	GC	-1.75827	0.08746	0.03202	1.75827	0.01507	0.03202	0.03202	0.03202
GTG	GTA	GA	-3.93747	0.56214	0.04401	3.93747	0.01096	0.04401	0.04401	0.04401
GCT	TCT	GT	-0.44257	0.00476	0.00378	0.44257	0.00306	0.00378	0.00078	0.00078
GCT	CCT	GC	-0.72219	0.01844	0.01258	0.72219	0.00896	0.01258	0.00260	0.00260
GCT	ACT	GA	-2.08810	0.11855	0.03502	2.08810	0.01469	0.03502	0.00724	0.00724
GCT	GTT	CT	-0.70051	0.03122	0.02155	0.70051	0.01550	0.02155	0.00446	0.00446
GCC	TCC	GT	-0.52336	0.02274	0.01730	0.52336	0.01347	0.01730	0.00358	0.00358
GCC	CCC	GC	-1.11363	0.08813	0.04798	1.11363	0.02894	0.04798	0.00992	0.00992
GCC	ACC	GA	-1.55493	0.56642	0.23582	1.55493	0.11963	0.23582	0.04878	0.04878
GCC	GTC	CT	-0.04565	0.14916	0.14578	0.04565	0.14251	0.14578	0.03015	0.03015
GCC	GCT	CT	-0.20928	0.14916	0.13410	0.20928	0.12099	0.13410	0.13410	0.13410
GCA	TCA	GT	0.70416	0.00331	0.00460	-0.70416	0.00668	0.00460	0.00095	0.00095
GCA	CCA	GC	-0.33402	0.01281	0.01079	0.33402	0.00917	0.01079	0.00223	0.00223
GCA	ACA	GA	-0.19671	0.08233	0.07450	0.19671	0.06763	0.07450	0.01541	0.01541
GCA	GTA	CT	-0.31662	0.02168	0.01843	0.31662	0.01580	0.01843	0.00381	0.00381
GCA	GCT	AT	1.69896	0.00331	0.00687	-1.69896	0.01807	0.00687	0.00687	0.00687
GCA	GCC	AC	1.90823	0.01281	0.02870	-1.90823	0.08635	0.02870	0.02870	0.02870
GCG	TCG	GT	0.81007	0.00411	0.00600	-0.81007	0.00924	0.00600	0.00124	0.00124
GCG	CCG	GC	-0.36230	0.01593	0.01322	0.36230	0.01109	0.01322	0.00273	0.00273
GCG	ACG	GA	-0.27678	0.10242	0.08890	0.27678	0.07765	0.08890	0.01839	0.01839
GCG	GTG	CT	3.05740	0.02697	0.08653	-3.05740	0.57372	0.08653	0.01790	0.01790
GCG	GCT	GT	1.13549	0.00411	0.00688	-1.13549	0.01280	0.00688	0.00688	0.00688
GCG	GCC	GC	1.34477	0.01593	0.02898	-1.34477	0.06114	0.02898	0.02898	0.02898
GCG	GCA	GA	-0.56346	0.10242	0.07626	0.56346	0.05830	0.07626	0.07626	0.07626
GAT	TAT	GT	0.54023	0.00186	0.00241	-0.54023	0.00320	0.00241	0.00050	0.00050
GAT	CAT	GC	-0.90756	0.00722	0.00444	0.90756	0.00292	0.00444	0.00092	0.00092
GAT	AAT	GA	-0.61176	0.04643	0.03367	0.61176	0.02519	0.03367	0.00696	0.00696
GAT	GTT	AT	0.21645	0.00186	0.00207	-0.21645	0.00231	0.00207	0.00043	0.00043
GAT	GCT	AC	0.91696	0.00722	0.01104	-0.91696	0.01807	0.01104	0.00228	0.00228
GAC	TAC	GT	0.59221	0.01085	0.01438	-0.59221	0.01962	0.01438	0.00297	0.00297
GAC	CAC	GC	-0.58228	0.04206	0.03100	0.58228	0.02350	0.03100	0.00641	0.00641
GAC	AAC	GA	-0.54987	0.27037	0.20281	0.54987	0.15601	0.20281	0.04195	0.04195
GAC	GTC	AT	0.67352	0.01085	0.01492	-0.67352	0.02129	0.01492	0.00309	0.00309
GAC	GCC	AC	0.71917	0.04206	0.05899	-0.71917	0.08635	0.05899	0.01220	0.01220
GAC	GAT	CT	-0.40707	0.07120	0.05769	0.40707	0.04739	0.05769	0.05769	0.05769
GAA	CAA	GC	-0.26015	0.00323	0.00283	0.26015	0.00249	0.00283	0.00058	0.00058
GAA	AAA	GA	-0.32938	0.02075	0.01752	0.32938	0.01492	0.01752	0.00362	0.00362
GAA	GTA	AT	1.04133	0.00083	0.00134	-1.04133	0.00236	0.00134	0.00028	0.00028
GAA	GCA	AC	1.35794	0.00323	0.00590	-1.35794	0.01255	0.00590	0.00122	0.00122
GAA	GAT	AT	2.13994	0.00083	0.00202	-2.13994	0.00708	0.00202	0.00042	0.00042
GAA	GAC	AC	2.54700	0.00323	0.00892	-2.54700	0.04122	0.00892	0.00184	0.00184
GAG	CAG	GC	-0.15212	0.05492	0.05085	0.15212	0.04717	0.05085	0.01052	0.01052
GAG	AAG	GA	-1.13826	0.35303	0.18943	1.13826	0.11310	0.18943	0.03918	0.03918
GAG	GTG	AT	1.79952	0.01417	0.03056	-1.79952	0.08569	0.03056	0.00632	0.00632
GAG	GCG	AC	-1.25787	0.05492	0.02744	1.25787	0.01561	0.02744	0.00568	0.00568
GAG	GAT	GT	-1.03934	0.01417	0.00806	1.03934	0.00501	0.00806	0.00167	0.00167
GAG	GAC	GC	-0.63227	0.05492	0.03938	0.63227	0.02919	0.03938	0.00814	0.00814
GAG	GAA	GA	-3.17928	0.35303	0.04874	3.17928	0.01469	0.04874	0.04874	0.04874
GGT	TGT	GT	0.95692	0.00167	0.00259	-0.95692	0.00434	0.00259	0.00054	0.00054
GGT	CGT	GC	-0.23198	0.00646	0.00574	0.23198	0.00512	0.00574	0.00119	0.00119
GGT	AGT	GA	-0.37739	0.04149	0.03416	0.37739	0.02845	0.03416	0.00706	0.00706
GGT	GTT	GT	-0.01620	0.00167	0.00165	0.01620	0.00164	0.00165	0.00034	0.00034
GGT	GCT	GC	0.68431	0.00646	0.00891	-0.68431	0.01280	0.00891	0.00184	0.00184
GGT	GAT	GA	-0.23265	0.04149	0.03685	0.23265	0.03288	0.03685	0.00762	0.00762
GGC	TGC	GT	0.61167	0.01749	0.02338	-0.61167	0.03224	0.02338	0.00484	0.00484
GGC	CGC	GC	-1.17985	0.06778	0.03548	1.17985	0.02083	0.03548	0.00734	0.00734
GGC	AGC	GA	-0.54437	0.43568	0.32780	0.54437	0.25279	0.32780	0.06780	0.06780
GGC	GTC	GT	-0.14874	0.01749	0.01622	0.14874	0.01507	0.01622	0.00336	0.00336
GGC	GCC	GC	-0.10309	0.06778	0.06435	0.10309	0.06114	0.06435	0.01331	0.01331
GGC	GAC	GA	-0.82226	0.43568	0.28084	0.82226	0.19146	0.28084	0.05809	0.05809
GGC	GGT	CT	-0.99668	0.11473	0.06690	0.99668	0.04235	0.06690	0.06690	0.06690
GGA	CGA	GC	-1.15920	0.00589	0.00312	1.15920	0.00185	0.00312	0.00065	0.00065
GGA	AGA	GA	-2.14562	0.03787	0.01077	2.14562	0.00443	0.01077	0.00223	0.00223
GGA	GTA	GT	0.09440	0.00152	0.00159	-0.09440	0.00167	0.00159	0.00033	0.00033
GGA	GCA	GC	0.41101	0.00589	0.00719	-0.41101	0.00889	0.00719	0.00149	0.00149
GGA	GAA	GA	-0.94693	0.03787	0.02273	0.94693	0.01469	0.02273	0.00470	0.00470
GGA	GGT	AT	1.42566	0.00152	0.00285	-1.42566	0.00633	0.00285	0.00285	0.00285
GGA	GGC	AC	2.42234	0.00589	0.01566	-2.42234	0.06642	0.01566	0.01566	0.01566
GGG	TGG	GT	1.09637	0.00795	0.01308	-1.09637	0.02378	0.01308	0.00271	0.00271
GGG	CGG	GC	-0.55753	0.03079	0.02300	0.55753	0.01763	0.02300	0.00476	0.00476
GGG	AGG	GA	-1.05675	0.19792	0.11143	1.05675	0.06879	0.11143	0.02305	0.02305
GGG	GTG	GT	2.03308	0.00795	0.01859	-2.03308	0.06068	0.01859	0.00384	0.00384
GGG	GCG	GC	-1.02432	0.03079	0.01767	1.02432	0.01106	0.01767	0.00365	0.00365
GGG	GAG	GA	0.23356	0.19792	0.22193	-0.23356	0.24999	0.22193	0.04590	0.04590
GGG	GGT	GT	-0.57313	0.00795	0.00588	0.57313	0.00448	0.00588	0.00588	0.00588
GGG	GGC	GC	0.42355	0.03079	0.03777	-0.42355	0.04703	0.03777	0.03777	0.03777
GGG	GGA	GA	-1.99879	0.19792	0.06200	1.99879	0.02682	0.06200	0.06200	0.06200


Histograms
2Ns	FMut	FSub(CodonUsage)	FSubw(after w)

-4.22282	0.00452	0.00040	0.00021
-3.80054	0.02247	0.00246	0.00613
-3.37826	0.11258	0.01894	0.03437
-2.95598	0.02642	0.00554	0.00447
-2.53369	0.04575	0.01418	0.02010
-2.11141	0.04484	0.01920	0.02076
-1.68913	0.10609	0.05851	0.04818
-1.26685	0.10808	0.07592	0.05456
-0.84456	0.12161	0.11069	0.10638
-0.42228	0.11703	0.12976	0.13241
0.00000	0.09273	0.12885	0.14488
0.42228	0.07566	0.12976	0.13241
0.84456	0.05488	0.11069	0.10638
1.26685	0.03133	0.07592	0.05456
1.68913	0.02071	0.05851	0.04818
2.11141	0.00590	0.01920	0.02076
2.53369	0.00373	0.01418	0.02010
2.95598	0.00124	0.00554	0.00447
3.37826	0.00391	0.01894	0.03437
3.80054	0.00044	0.00246	0.00613
4.22282	0.00007	0.00040	0.00021

Proportion of advantageous (S > 0) mutations:
 0.24141

Proportions of good & bad mutations (|S| > 2.0000) among mutations:
0.01255  0.23736

mean |Ns| = 1.43152	mean Ns+ = 0.80060	mean Ns- = -1.63231

