

TREE # 1

  0  0.0000  17461.023002  x:  0.02505   0.00663   0.00469   0.01272   0.00913   0.00504   0.01085   0.00738   0.01092   0.01882   0.00694   0.01624   0.03166   0.06071   0.07426   0.13849   0.04297   0.26835   0.13989   0.07480   0.08749   0.00213   0.14980   0.07057   0.01522   0.04917   0.02943   0.04196   0.10319   0.01729   0.42660   0.24598   0.04033   0.05939   0.12847   0.01743   0.05981   0.08105   0.00015   0.07138   0.11049   0.04112   0.00096   0.07223   0.00222   0.00284   0.03231   0.00618   0.01421   0.00314   0.00938   0.01516   0.02974   0.03824   0.01855   0.01324   0.03159   0.02894   0.00392   0.02780   0.00000   0.03563   0.03074   3.47956   0.55255   1.00301   0.44983   1.08543  
  1 99.0000  17438.055114  x:  0.02511   0.00684   0.00446   0.01273   0.00910   0.00501   0.01076   0.00736   0.01091   0.01887   0.00681   0.01628   0.03166   0.06076   0.07437   0.13864   0.04316   0.26837   0.13986   0.07476   0.08772   0.00272   0.14986   0.07062   0.01529   0.04915   0.02949   0.04196   0.10323   0.01756   0.42660   0.24601   0.04033   0.05937   0.12856   0.01755   0.05984   0.08105   0.00112   0.07146   0.11047   0.04120   0.00143   0.07221   0.00204   0.00277   0.03239   0.00633   0.01427   0.00305   0.00933   0.01510   0.02970   0.03826   0.01852   0.01322   0.03156   0.02891   0.00399   0.02778   0.01361   0.03576   0.03078   3.47961   0.55244   1.00302   0.44992   1.08505  
  2 29714.9136  17416.000779  x:  0.02590   0.00923   0.00158   0.01289   0.00867   0.00473   0.00967   0.00717   0.01082   0.01949   0.00533   0.01673   0.03163   0.06138   0.07575   0.14058   0.04556   0.26850   0.13940   0.07429   0.09045   0.00931   0.15052   0.07126   0.01613   0.04902   0.03027   0.04200   0.10377   0.02085   0.42661   0.24634   0.04040   0.05916   0.12969   0.01871   0.06014   0.08107   0.00959   0.07228   0.11027   0.04209   0.00585   0.07197   0.00000   0.00205   0.03342   0.00806   0.01494   0.00197   0.00881   0.01430   0.02917   0.03840   0.01825   0.01296   0.03131   0.02835   0.00349   0.02725   0.01336   0.03638   0.03014   3.48025   0.55118   1.00319   0.45101   1.08039  
  3 2673.3251  17408.453709  x:  0.02628   0.01040   0.00017   0.01297   0.00846   0.00460   0.00913   0.00708   0.01077   0.01979   0.00460   0.01695   0.03162   0.06168   0.07643   0.14154   0.04675   0.26857   0.13917   0.07405   0.09180   0.01254   0.15084   0.07158   0.01655   0.04895   0.03065   0.04201   0.10404   0.02247   0.42662   0.24651   0.04043   0.05906   0.13025   0.01928   0.06030   0.08107   0.01373   0.07268   0.11017   0.04254   0.00801   0.07185   0.00033   0.00171   0.03393   0.00890   0.01528   0.00145   0.00855   0.01390   0.02892   0.03846   0.01811   0.01284   0.03119   0.02808   0.00324   0.02699   0.01324   0.03669   0.02983   3.48056   0.55055   1.00327   0.45155   1.07809  
  4 81676.0642  17395.342730  x:  0.02806   0.01488   0.01017   0.01332   0.00762   0.00417   0.00689   0.00673   0.01059   0.02123   0.00191   0.01794   0.03151   0.06312   0.07974   0.14620   0.05231   0.26890   0.13807   0.07291   0.09826   0.02569   0.15238   0.07297   0.01840   0.04861   0.03243   0.04206   0.10519   0.03009   0.42663   0.24732   0.04059   0.05854   0.13290   0.02141   0.06099   0.08110   0.02909   0.07450   0.10958   0.04461   0.01541   0.07124   0.00137   0.00162   0.03624   0.01213   0.01672   0.00134   0.00753   0.01213   0.02766   0.03864   0.01749   0.01231   0.03060   0.02681   0.00233   0.02578   0.01279   0.03814   0.02835   3.48213   0.54743   1.00367   0.45421   1.06664  
  5 8591.0549  17375.112020  x:  0.03105   0.01482   0.01252   0.01362   0.00841   0.00641   0.00805   0.00740   0.01058   0.02320   0.02468   0.01937   0.03097   0.06638   0.08834   0.15866   0.06469   0.26967   0.13505   0.06972   0.11431   0.04097   0.15608   0.07535   0.02106   0.04770   0.03601   0.04182   0.10675   0.04694   0.42630   0.24931   0.04112   0.05713   0.13948   0.02151   0.06244   0.08111   0.03954   0.07823   0.10719   0.04919   0.01382   0.06918   0.00168   0.01122   0.04056   0.01185   0.01812   0.01696   0.00853   0.01032   0.02440   0.03785   0.01658   0.01211   0.02942   0.02442   0.00613   0.02364   0.01249   0.04116   0.02534   3.48682   0.53824   1.00486   0.46200   1.03222  
  6 2545.4658  17309.300864  x:  0.03276   0.00883   0.01194   0.01325   0.00873   0.00243   0.00949   0.00702   0.01083   0.02306   0.02599   0.01863   0.03013   0.06981   0.09895   0.17522   0.07790   0.27043   0.13099   0.06551   0.13433   0.04852   0.16083   0.07725   0.02164   0.04666   0.03860   0.04115   0.10732   0.06485   0.42518   0.25180   0.04203   0.05525   0.14799   0.01792   0.06393   0.08104   0.03604   0.08236   0.10334   0.05379   0.00000   0.06628   0.00163   0.00266   0.04408   0.00739   0.01745   0.01275   0.00859   0.01286   0.02208   0.03639   0.01670   0.01299   0.02841   0.02288   0.00500   0.02141   0.01265   0.04430   0.02254   3.49418   0.52400   1.00671   0.47391   0.97753  
  7 2671.0596  17275.985439  x:  0.03324   0.00610   0.01158   0.01305   0.00892   0.00698   0.01002   0.00709   0.01092   0.02259   0.02588   0.01798   0.02982   0.07169   0.10505   0.18525   0.08498   0.27079   0.12855   0.06309   0.14615   0.04975   0.16367   0.07806   0.02138   0.04614   0.03957   0.04075   0.10724   0.07452   0.42427   0.25326   0.04262   0.05414   0.15312   0.01528   0.06467   0.08103   0.02922   0.08460   0.10090   0.05625   0.00252   0.06477   0.00156   0.00000   0.04584   0.00586   0.01675   0.00902   0.00877   0.01385   0.02167   0.03613   0.01691   0.01339   0.02806   0.02256   0.00542   0.02072   0.01276   0.04574   0.02166   3.49911   0.51456   1.00793   0.48174   0.94069  
  8 9640.1509  17223.270141  x:  0.03417   0.00046   0.01051   0.01261   0.00922   0.01524   0.01099   0.00711   0.01110   0.02157   0.02379   0.01657   0.02916   0.07549   0.11740   0.20557   0.09930   0.27151   0.12360   0.05819   0.17008   0.05227   0.16943   0.07969   0.02079   0.04508   0.04149   0.03992   0.10708   0.09404   0.42242   0.25623   0.04384   0.05191   0.16349   0.00990   0.06616   0.08100   0.01556   0.08913   0.09594   0.06120   0.00662   0.06169   0.00134   0.00018   0.04936   0.00265   0.01527   0.00000   0.00900   0.01609   0.02086   0.03556   0.01738   0.01424   0.02736   0.02192   0.00578   0.01927   0.01298   0.04867   0.01986   3.50911   0.49541   1.01042   0.49761   0.86593  
  9 238668.5733  17214.436989  x:  0.03429   0.00000   0.01010   0.01252   0.00921   0.01643   0.01107   0.00706   0.01113   0.02133   0.02226   0.01626   0.02906   0.07612   0.11951   0.20909   0.10170   0.27162   0.12274   0.05735   0.17420   0.05255   0.17043   0.07994   0.02062   0.04491   0.04176   0.03977   0.10701   0.09732   0.42208   0.25675   0.04405   0.05152   0.16529   0.00896   0.06641   0.08100   0.01305   0.08990   0.09507   0.06202   0.00729   0.06116   0.00129   0.00020   0.04992   0.00219   0.01498   0.00026   0.00897   0.01657   0.02080   0.03546   0.01750   0.01440   0.02726   0.02186   0.00560   0.01904   0.01303   0.04916   0.01959   3.51088   0.49203   1.01086   0.50041   0.85267  
 10 52658.6847  17168.994499  x:  0.03486   0.00184   0.00806   0.01209   0.00923   0.02218   0.01157   0.00685   0.01130   0.02015   0.01535   0.01476   0.02863   0.07926   0.13004   0.22667   0.11363   0.27220   0.11848   0.05316   0.19473   0.05356   0.17540   0.08120   0.01975   0.04404   0.04310   0.03904   0.10668   0.11361   0.42037   0.25929   0.04513   0.04960   0.17425   0.00423   0.06764   0.08098   0.00000   0.09372   0.09074   0.06607   0.00989   0.05852   0.00102   0.00031   0.05266   0.00018   0.01353   0.00068   0.00892   0.01898   0.02049   0.03496   0.01805   0.01522   0.02675   0.02157   0.00484   0.01791   0.01327   0.05155   0.01827   3.51973   0.47512   1.01305   0.51441   0.78638  
 11 362956.7637  17168.994499  x:  0.03486   0.00184   0.00806   0.01209   0.00923   0.02218   0.01157   0.00685   0.01130   0.02015   0.01535   0.01476   0.02863   0.07926   0.13004   0.22667   0.11363   0.27220   0.11848   0.05316   0.19473   0.05356   0.17540   0.08120   0.01975   0.04404   0.04310   0.03904   0.10668   0.11361   0.42037   0.25929   0.04513   0.04960   0.17425   0.00423   0.06764   0.08098   0.00000   0.09372   0.09074   0.06607   0.00989   0.05852   0.00102   0.00031   0.05266   0.00018   0.01353   0.00068   0.00892   0.01898   0.02049   0.03496   0.01805   0.01522   0.02675   0.02157   0.00484   0.01791   0.01327   0.05155   0.01827   3.51973   0.47512   1.01305   0.51441   0.78638  
 12 92285.2205  17136.732426  x:  0.03476   0.00625   0.00707   0.01221   0.00908   0.02113   0.01120   0.00689   0.01123   0.02025   0.01444   0.01503   0.02885   0.07907   0.12982   0.22658   0.11328   0.27213   0.11861   0.05335   0.19455   0.05312   0.17536   0.08110   0.01970   0.04414   0.04288   0.03913   0.10658   0.11323   0.42028   0.25927   0.04513   0.04968   0.17419   0.00706   0.06766   0.08104   0.00467   0.09369   0.09097   0.06582   0.00948   0.05867   0.00132   0.00889   0.05248   0.01840   0.01402   0.00373   0.00885   0.01866   0.02114   0.03497   0.01797   0.01503   0.02686   0.02180   0.00497   0.01824   0.01287   0.05133   0.01869   3.51991   0.47485   1.01309   0.51461   0.78483  
 13 13605.8882  17103.905855  x:  0.03395   0.01191   0.00100   0.01291   0.00827   0.01478   0.00908   0.00709   0.01087   0.02075   0.00898   0.01650   0.02962   0.07795   0.12844   0.22597   0.11115   0.27172   0.11938   0.05456   0.19343   0.05050   0.17512   0.08051   0.01940   0.04472   0.04153   0.03965   0.10594   0.11085   0.41975   0.25912   0.04515   0.05012   0.17377   0.01570   0.06751   0.08127   0.01165   0.09314   0.09188   0.06435   0.00720   0.05952   0.00000   0.00439   0.05092   0.01800   0.01541   0.00130   0.00837   0.01598   0.02251   0.03509   0.01753   0.01395   0.02737   0.02301   0.00599   0.02010   0.01058   0.05001   0.02104   3.52100   0.47320   1.01328   0.51581   0.77531  
 14 2259.5889  17100.524774  x:  0.03384   0.01269   0.00017   0.01300   0.00816   0.01388   0.00879   0.00712   0.01081   0.02082   0.00821   0.01671   0.02972   0.07779   0.12825   0.22588   0.11085   0.27167   0.11949   0.05473   0.19327   0.05013   0.17509   0.08043   0.01935   0.04481   0.04134   0.03973   0.10585   0.11052   0.41968   0.25910   0.04515   0.05019   0.17371   0.01690   0.06749   0.08131   0.01262   0.09307   0.09201   0.06415   0.00687   0.05963   0.00023   0.00377   0.05070   0.01794   0.01560   0.00098   0.00830   0.01561   0.02270   0.03511   0.01746   0.01380   0.02744   0.02318   0.00613   0.02037   0.01026   0.04982   0.02137   3.52116   0.47296   1.01331   0.51599   0.77397  
 15 119271.1591  17086.713923  x:  0.03320   0.01634   0.00275   0.01349   0.00763   0.00890   0.00733   0.00724   0.01056   0.02121   0.00410   0.01776   0.03026   0.07691   0.12714   0.22539   0.10914   0.27134   0.12010   0.05568   0.19237   0.04803   0.17490   0.07997   0.01912   0.04526   0.04029   0.04014   0.10535   0.10861   0.41925   0.25899   0.04515   0.05054   0.17336   0.02274   0.06734   0.08146   0.01724   0.09262   0.09269   0.06298   0.00519   0.06030   0.00090   0.00052   0.04947   0.01744   0.01659   0.00111   0.00801   0.01360   0.02371   0.03523   0.01714   0.01302   0.02782   0.02407   0.00672   0.02173   0.00860   0.04878   0.02310   3.52204   0.47163   1.01347   0.51696   0.76628  
 16 9435.7971  17076.595123  x:  0.03256   0.01829   0.00377   0.01384   0.00737   0.00405   0.00642   0.00730   0.01039   0.02157   0.00107   0.01862   0.03068   0.07600   0.12596   0.22487   0.10732   0.27099   0.12072   0.05666   0.19142   0.04582   0.17471   0.07950   0.01890   0.04572   0.03923   0.04055   0.10483   0.10656   0.41879   0.25887   0.04515   0.05089   0.17296   0.02703   0.06712   0.08158   0.02014   0.09213   0.09332   0.06176   0.00386   0.06099   0.00116   0.00375   0.04821   0.01415   0.01734   0.00284   0.00787   0.01181   0.02455   0.03541   0.01689   0.01238   0.02817   0.02485   0.00692   0.02290   0.00734   0.04771   0.02459   3.52299   0.47019   1.01364   0.51802   0.75793  
 17 6066.2692  17068.685338  x:  0.03200   0.01926   0.00425   0.01402   0.00742   0.00110   0.00630   0.00729   0.01033   0.02187   0.00428   0.01921   0.03094   0.07519   0.12487   0.22438   0.10563   0.27067   0.12127   0.05751   0.19055   0.04381   0.17453   0.07908   0.01871   0.04611   0.03834   0.04091   0.10439   0.10466   0.41837   0.25877   0.04514   0.05121   0.17257   0.02974   0.06688   0.08166   0.02192   0.09168   0.09382   0.06068   0.00324   0.06160   0.00130   0.00476   0.04713   0.01269   0.01780   0.00380   0.00788   0.01067   0.02520   0.03562   0.01675   0.01200   0.02845   0.02541   0.00671   0.02373   0.00679   0.04678   0.02564   3.52389   0.46884   1.01380   0.51901   0.75005  
 18 4742.7635  17022.220874  x:  0.02725   0.02466   0.00748   0.01508   0.00883   0.01463   0.00751   0.00702   0.01013   0.02408   0.01664   0.02319   0.03281   0.06814   0.11513   0.22008   0.09047   0.26776   0.12603   0.06489   0.18275   0.02595   0.17301   0.07548   0.01721   0.04942   0.03068   0.04394   0.10052   0.08753   0.41454   0.25784   0.04498   0.05393   0.16903   0.04951   0.06456   0.08226   0.03441   0.08771   0.09805   0.05112   0.00064   0.06700   0.00224   0.01103   0.03781   0.00319   0.02096   0.00979   0.00838   0.00304   0.03042   0.03765   0.01587   0.00959   0.03078   0.02971   0.00364   0.03011   0.00461   0.03862   0.03380   3.53202   0.45661   1.01521   0.52800   0.67840  
 19 6440.2370  16982.462276  x:  0.02443   0.02448   0.00877   0.01517   0.00938   0.01773   0.00877   0.00688   0.01031   0.02496   0.01983   0.02461   0.03358   0.06343   0.10808   0.21700   0.07941   0.26565   0.12923   0.06984   0.17711   0.01365   0.17199   0.07316   0.01641   0.05154   0.02621   0.04590   0.09806   0.07491   0.41171   0.25722   0.04476   0.05575   0.16637   0.05974   0.06280   0.08260   0.03917   0.08491   0.10076   0.04471   0.00628   0.07072   0.00261   0.01310   0.03215   0.00000   0.02201   0.01126   0.00867   0.01360   0.03322   0.03930   0.01581   0.00957   0.03217   0.03188   0.00151   0.03355   0.00720   0.03336   0.03825   3.53819   0.44739   1.01625   0.53483   0.62368  
 20 10234.2222  16922.422400  x:  0.02127   0.01551   0.00884   0.01514   0.01005   0.01786   0.00999   0.00671   0.01052   0.02582   0.01974   0.02593   0.03415   0.05808   0.09987   0.21342   0.06653   0.26319   0.13291   0.07551   0.17054   0.00000   0.17084   0.07059   0.01557   0.05396   0.02148   0.04812   0.09537   0.06016   0.40841   0.25651   0.04448   0.05784   0.16324   0.06727   0.06065   0.08292   0.03578   0.08152   0.10366   0.03743   0.00808   0.07495   0.00259   0.01317   0.02603   0.00172   0.02281   0.01077   0.00903   0.01671   0.03578   0.04101   0.01579   0.00962   0.03372   0.03419   0.00037   0.03727   0.00843   0.02755   0.04307   3.54549   0.43652   1.01747   0.54290   0.55881  
 21 18617.4023  16784.170560  x:  0.02002   0.00161   0.01089   0.01227   0.00853   0.02059   0.01143   0.00739   0.01165   0.02472   0.02282   0.02280   0.03450   0.04652   0.07559   0.20328   0.02880   0.25596   0.14216   0.08992   0.15155   0.00406   0.16896   0.06759   0.01605   0.05942   0.02140   0.05326   0.09334   0.01485   0.39814   0.25488   0.04279   0.06308   0.15356   0.08386   0.05464   0.08397   0.03275   0.07276   0.11138   0.02234   0.01118   0.08602   0.00298   0.01626   0.01914   0.00260   0.01951   0.00774   0.00844   0.02072   0.03922   0.04480   0.01822   0.01631   0.03673   0.03655   0.03698   0.04201   0.01375   0.02042   0.04969   3.57057   0.39982   1.02121   0.57082   0.33322  
 22 11417.9298  16745.874002  x:  0.02116   0.01313   0.01130   0.01205   0.00909   0.02024   0.01211   0.00693   0.01167   0.02424   0.02259   0.02113   0.03448   0.04518   0.06892   0.20070   0.01981   0.25392   0.14464   0.09385   0.14607   0.00425   0.16863   0.06723   0.01619   0.06076   0.02257   0.05457   0.09307   0.00362   0.39504   0.25498   0.04211   0.06457   0.15076   0.08309   0.05303   0.08433   0.02294   0.07047   0.11342   0.02168   0.01104   0.08914   0.00302   0.01676   0.02048   0.00249   0.01799   0.00562   0.00886   0.02003   0.03893   0.04590   0.01834   0.01645   0.03720   0.03601   0.03610   0.04168   0.01388   0.02201   0.05003   3.57952   0.38706   1.02222   0.58105   0.25406  
 23 10793.4966  16716.809158  x:  0.02228   0.00659   0.01116   0.01362   0.00877   0.02048   0.01025   0.00704   0.01093   0.02406   0.02281   0.02106   0.03400   0.04793   0.06733   0.20060   0.02364   0.25338   0.14553   0.09548   0.14425   0.00907   0.16914   0.06833   0.01615   0.06122   0.02432   0.05513   0.09392   0.01170   0.39388   0.25672   0.04158   0.06535   0.15004   0.08777   0.05325   0.08506   0.02712   0.07056   0.11498   0.02743   0.01062   0.09059   0.00301   0.01655   0.02436   0.00238   0.01879   0.00677   0.00863   0.02032   0.03882   0.04628   0.01731   0.01343   0.03697   0.03478   0.02485   0.04021   0.01105   0.02628   0.04924   3.58679   0.37733   1.02229   0.59012   0.19922  
 24 3405.9198  16713.213049  x:  0.02366   0.00563   0.01146   0.01008   0.00838   0.01970   0.01241   0.00730   0.01285   0.02362   0.02217   0.01968   0.03432   0.04977   0.07053   0.20266   0.02681   0.25437   0.14458   0.09422   0.14517   0.00734   0.17088   0.07063   0.01662   0.06076   0.02638   0.05505   0.09606   0.00829   0.39383   0.25877   0.04132   0.06534   0.15152   0.08802   0.05451   0.08611   0.03088   0.07273   0.11539   0.02603   0.00938   0.08989   0.00306   0.01669   0.02266   0.00208   0.01763   0.00539   0.00880   0.01827   0.03740   0.04537   0.01941   0.01837   0.03592   0.03298   0.02117   0.03728   0.01362   0.02262   0.04534   3.59297   0.37032   1.02077   0.59938   0.19373  
 25 402.9077  16709.620843  x:  0.02314   0.00479   0.01134   0.01715   0.01015   0.01930   0.01184   0.00598   0.01048   0.02366   0.02182   0.01951   0.03508   0.05057   0.07427   0.20599   0.02625   0.25590   0.14327   0.09248   0.14616   0.00637   0.17396   0.07371   0.01646   0.06030   0.02524   0.05518   0.09964   0.00476   0.39376   0.26262   0.04109   0.06556   0.15366   0.08701   0.05559   0.08765   0.03328   0.07526   0.11600   0.02202   0.01016   0.08916   0.00304   0.01645   0.02199   0.00198   0.01751   0.00555   0.00856   0.01697   0.03595   0.04458   0.01855   0.01908   0.03498   0.03169   0.01995   0.03433   0.01483   0.02301   0.04054   3.60521   0.35695   1.01780   0.61734   0.19097  
 26 541.1942  16703.203447  x:  0.02090   0.00538   0.01099   0.01488   0.00731   0.01942   0.01005   0.01194   0.01141   0.02447   0.02185   0.02121   0.03644   0.05030   0.07824   0.21191   0.02102   0.25854   0.14163   0.09040   0.14698   0.00379   0.17958   0.07759   0.01559   0.06032   0.02112   0.05600   0.10513   0.00790   0.39367   0.27061   0.04081   0.06650   0.15691   0.08487   0.05605   0.09001   0.03342   0.07794   0.11728   0.01828   0.01179   0.08885   0.00298   0.01607   0.02122   0.00196   0.01879   0.00671   0.00909   0.01650   0.03530   0.04432   0.01598   0.01632   0.03499   0.03197   0.02219   0.03236   0.01397   0.02421   0.03542   3.63205   0.32873   1.01165   0.65561   0.18873  
 27 1088.8861  16696.385972  x:  0.02025   0.00541   0.01087   0.00994   0.01047   0.01952   0.01085   0.00532   0.01175   0.02521   0.02184   0.02296   0.03705   0.04965   0.07893   0.21686   0.01771   0.26084   0.14107   0.08975   0.14710   0.00471   0.18431   0.07917   0.01513   0.06121   0.02072   0.05720   0.10838   0.00785   0.39339   0.27803   0.04053   0.06780   0.15918   0.08496   0.05529   0.09150   0.03229   0.07833   0.11861   0.02209   0.01202   0.08960   0.00296   0.01594   0.02111   0.00209   0.01998   0.00705   0.00854   0.01769   0.03683   0.04515   0.01624   0.01340   0.03652   0.03405   0.02339   0.03391   0.01147   0.02379   0.03563   3.66076   0.30068   1.00553   0.69494   0.18881  
 28 1723.9503  16690.728694  x:  0.02230   0.00560   0.01121   0.01381   0.00927   0.02000   0.01297   0.00944   0.01155   0.02501   0.02232   0.02277   0.03639   0.04795   0.07563   0.22045   0.02092   0.26271   0.14170   0.09060   0.14669   0.00583   0.18749   0.07774   0.01549   0.06271   0.02521   0.05839   0.10825   0.00583   0.39299   0.28458   0.04004   0.06922   0.16012   0.08672   0.05335   0.09169   0.02960   0.07603   0.11974   0.02727   0.01047   0.09129   0.00302   0.01649   0.02248   0.00222   0.01945   0.00624   0.00883   0.01941   0.03968   0.04658   0.01962   0.01477   0.03873   0.03671   0.02358   0.03835   0.01074   0.02318   0.04133   3.69231   0.27451   0.99957   0.73539   0.19025  
 29 1570.8740  16688.400847  x:  0.02277   0.00614   0.01141   0.01374   0.00651   0.02022   0.01074   0.00662   0.01120   0.02400   0.02263   0.02055   0.03537   0.04697   0.07273   0.22089   0.02451   0.26306   0.14232   0.09128   0.14650   0.00555   0.18740   0.07561   0.01573   0.06277   0.02513   0.05813   0.10603   0.00753   0.39301   0.28651   0.03960   0.06940   0.15971   0.08752   0.05266   0.09084   0.02855   0.07412   0.11971   0.02467   0.00993   0.09185   0.00305   0.01680   0.02317   0.00221   0.01786   0.00579   0.00890   0.01914   0.03981   0.04659   0.01888   0.01675   0.03834   0.03614   0.02405   0.03963   0.01351   0.02470   0.04431   3.70743   0.26798   0.99741   0.75205   0.19065  
 30 790.5090  16686.740551  x:  0.02274   0.00639   0.01141   0.01255   0.01106   0.02006   0.00948   0.00803   0.01151   0.02314   0.02254   0.01872   0.03430   0.04744   0.07000   0.22048   0.02679   0.26299   0.14296   0.09180   0.14637   0.00653   0.18628   0.07314   0.01597   0.06228   0.02420   0.05723   0.10289   0.00807   0.39314   0.28740   0.03914   0.06917   0.15892   0.08820   0.05256   0.08951   0.02831   0.07232   0.11926   0.02251   0.01021   0.09199   0.00305   0.01675   0.02350   0.00224   0.01703   0.00578   0.00873   0.01875   0.03895   0.04615   0.01706   0.01752   0.03706   0.03431   0.02409   0.03956   0.01470   0.02524   0.04628   3.72255   0.26649   0.99578   0.76660   0.19093  
 31 776.7705  16681.620083  x:  0.02214   0.00612   0.01104   0.01234   0.00817   0.01972   0.01353   0.00810   0.01145   0.02269   0.02213   0.01859   0.03217   0.05326   0.06426   0.21763   0.02666   0.26190   0.14457   0.09240   0.14608   0.00924   0.18073   0.06607   0.01669   0.05955   0.02238   0.05323   0.09221   0.00536   0.39388   0.28791   0.03805   0.06761   0.15605   0.08869   0.05400   0.08478   0.02909   0.06841   0.11696   0.02335   0.01269   0.09118   0.00300   0.01617   0.02336   0.00232   0.01853   0.00701   0.00886   0.01779   0.03441   0.04424   0.01331   0.01595   0.03232   0.02727   0.02356   0.03562   0.01252   0.02402   0.04804   3.77236   0.27365   0.99172   0.80951   0.19140  
 32 852.7249  16675.660459  x:  0.02347   0.00628   0.01127   0.01396   0.00931   0.01991   0.01002   0.00734   0.01175   0.02436   0.02232   0.02190   0.03314   0.05656   0.06224   0.21326   0.02196   0.25994   0.14629   0.09237   0.14584   0.00730   0.17293   0.06097   0.01748   0.05699   0.02586   0.04954   0.08127   0.00925   0.39528   0.28721   0.03810   0.06606   0.15267   0.08771   0.05637   0.07995   0.03002   0.06690   0.11417   0.02356   0.01229   0.08959   0.00304   0.01652   0.02218   0.00225   0.01894   0.00617   0.00858   0.01789   0.03155   0.04291   0.02234   0.01714   0.03111   0.02660   0.02494   0.03151   0.01159   0.02444   0.04669   3.83970   0.29135   0.98762   0.86337   0.19051  
 33 1397.2431  16664.295139  x:  0.02389   0.00552   0.01159   0.01169   0.00782   0.01987   0.01008   0.00869   0.00984   0.02575   0.02222   0.02190   0.03768   0.05129   0.06765   0.20421   0.02199   0.25593   0.14944   0.09205   0.14636   0.01464   0.15920   0.06267   0.01720   0.05646   0.02516   0.04907   0.07331   0.00528   0.39798   0.28248   0.04082   0.06533   0.14757   0.08657   0.05959   0.07544   0.03032   0.07001   0.11081   0.02133   0.00646   0.08758   0.00308   0.01691   0.02376   0.00235   0.01691   0.00444   0.01040   0.02019   0.03734   0.04432   0.02102   0.01358   0.03847   0.03983   0.02076   0.03330   0.01614   0.02577   0.04299   3.97607   0.33740   0.98236   0.96494   0.18804  
 34 1671.9718  16657.220720  x:  0.02286   0.00664   0.01090   0.01466   0.00856   0.01961   0.01278   0.00745   0.01515   0.02356   0.02195   0.01829   0.03743   0.04706   0.07174   0.19913   0.02541   0.25366   0.15112   0.09184   0.14669   0.01146   0.15342   0.06690   0.01706   0.05863   0.02534   0.05211   0.07634   0.00808   0.39966   0.27862   0.04220   0.06563   0.14537   0.08572   0.05928   0.07616   0.02902   0.07259   0.11014   0.02508   0.01151   0.08759   0.00298   0.01599   0.02431   0.00234   0.01720   0.00707   0.00607   0.01814   0.04112   0.04652   0.01654   0.01768   0.04140   0.04314   0.02447   0.03780   0.01479   0.02353   0.04281   4.06376   0.36902   0.98103   1.02626   0.18541  
 35 2385.1891  16653.556995  x:  0.02257   0.00692   0.01087   0.01416   0.00938   0.01977   0.01197   0.00706   0.01273   0.02203   0.02212   0.01744   0.03505   0.04569   0.07319   0.19680   0.02815   0.25255   0.15180   0.09172   0.14685   0.00810   0.15268   0.07027   0.01687   0.06100   0.02598   0.05515   0.08288   0.00821   0.40048   0.27574   0.04233   0.06605   0.14495   0.08578   0.05758   0.07877   0.02836   0.07369   0.11072   0.02786   0.01378   0.08849   0.00298   0.01600   0.02400   0.00234   0.01797   0.00728   0.01387   0.01788   0.04217   0.04772   0.01532   0.01994   0.04087   0.04071   0.02731   0.04110   0.01217   0.02418   0.04491   4.11799   0.38899   0.98168   1.06153   0.18404  
 36 2271.7840  16649.127294  x:  0.02292   0.00692   0.01153   0.01187   0.00876   0.02045   0.00978   0.00816   0.00801   0.02228   0.02287   0.01968   0.03165   0.04557   0.07276   0.19559   0.03026   0.25179   0.15211   0.09184   0.14678   0.00684   0.15570   0.07366   0.01629   0.06409   0.02585   0.05881   0.09360   0.00652   0.40096   0.27240   0.04164   0.06675   0.14581   0.08659   0.05431   0.08350   0.02692   0.07377   0.11253   0.02820   0.01302   0.09053   0.00308   0.01700   0.02331   0.00240   0.01821   0.00536   0.00922   0.01919   0.04173   0.04842   0.01711   0.01955   0.03816   0.03443   0.02777   0.04444   0.01058   0.02580   0.04945   4.17291   0.40904   0.98434   1.09382   0.18325  
 37 1756.6434  16646.797611  x:  0.02359   0.00690   0.01182   0.01329   0.00869   0.02070   0.00994   0.00758   0.01357   0.02355   0.02310   0.02116   0.03067   0.04633   0.07103   0.19581   0.02980   0.25157   0.15198   0.09213   0.14644   0.00802   0.16034   0.07514   0.01582   0.06602   0.02563   0.06090   0.10179   0.00654   0.40104   0.27014   0.04073   0.06737   0.14734   0.08795   0.05167   0.08748   0.02578   0.07297   0.11451   0.02637   0.01004   0.09250   0.00313   0.01741   0.02347   0.00248   0.01786   0.00449   0.00982   0.02077   0.04054   0.04836   0.01892   0.01683   0.03593   0.03006   0.02709   0.04600   0.01202   0.02603   0.05338   4.21006   0.42187   0.98778   1.11302   0.18304  
 38 1506.9432  16645.218659  x:  0.02451   0.00714   0.01120   0.01355   0.00904   0.02055   0.01258   0.00752   0.01143   0.02391   0.02287   0.01898   0.03294   0.04812   0.06869   0.19767   0.02780   0.25198   0.15126   0.09241   0.14588   0.00787   0.16634   0.07438   0.01596   0.06632   0.02677   0.06097   0.10607   0.00906   0.40079   0.26892   0.03984   0.06791   0.14965   0.08921   0.05047   0.09021   0.02485   0.07160   0.11649   0.02533   0.00844   0.09407   0.00304   0.01658   0.02475   0.00250   0.01692   0.00695   0.00998   0.02108   0.03897   0.04772   0.01932   0.01572   0.03558   0.03053   0.02715   0.04520   0.01459   0.02350   0.05563   4.23487   0.42885   0.99257   1.12190   0.18293  
 39 637.6910  16642.947494  x:  0.02453   0.00648   0.01171   0.01319   0.00851   0.02079   0.00975   0.00784   0.01234   0.02303   0.02328   0.01651   0.03661   0.05109   0.06510   0.20312   0.02627   0.25372   0.14918   0.09283   0.14500   0.00767   0.17852   0.07104   0.01644   0.06497   0.02766   0.05894   0.10907   0.00741   0.39978   0.26737   0.03865   0.06888   0.15494   0.09119   0.05032   0.09329   0.02405   0.06927   0.11999   0.02711   0.01115   0.09603   0.00313   0.01727   0.02501   0.00253   0.01746   0.00552   0.00970   0.01985   0.03727   0.04657   0.01760   0.01716   0.03719   0.03568   0.02599   0.04179   0.01488   0.02521   0.05781   4.27395   0.43681   1.00398   1.12983   0.18325  
 40 569.1276  16640.849842  x:  0.02318   0.00719   0.01209   0.01350   0.00893   0.02081   0.01259   0.00742   0.01195   0.02244   0.02328   0.02139   0.03573   0.04916   0.06351   0.20982   0.02936   0.25620   0.14671   0.09335   0.14459   0.00876   0.19009   0.06784   0.01672   0.06289   0.02638   0.05634   0.10797   0.00884   0.39855   0.26667   0.03848   0.06979   0.16036   0.09199   0.05110   0.09403   0.02242   0.06814   0.12290   0.02553   0.01179   0.09686   0.00318   0.01774   0.02304   0.00263   0.01723   0.00417   0.01010   0.02037   0.03801   0.04613   0.01713   0.01967   0.03876   0.03864   0.02704   0.03911   0.01268   0.02528   0.05768   4.31450   0.44179   1.01886   1.13336   0.18278  
 41 662.7034  16637.906223  x:  0.02327   0.00726   0.01063   0.01290   0.00874   0.02122   0.01015   0.00743   0.01285   0.02323   0.02339   0.02120   0.03030   0.04510   0.06475   0.21972   0.03229   0.26026   0.14310   0.09412   0.14442   0.00709   0.20365   0.06553   0.01698   0.06058   0.02615   0.05386   0.10213   0.00623   0.39640   0.26645   0.03935   0.07048   0.16733   0.09246   0.05251   0.09202   0.02108   0.06888   0.12564   0.02662   0.00958   0.09656   0.00297   0.01602   0.02536   0.00258   0.01724   0.00981   0.00984   0.02210   0.04109   0.04709   0.01841   0.01772   0.03948   0.03702   0.02881   0.03846   0.01157   0.02480   0.05469   4.37669   0.44522   1.04481   1.13388   0.18274  
 42 846.6173  16633.699916  x:  0.02379   0.00741   0.01212   0.01370   0.00902   0.02093   0.01179   0.00777   0.01172   0.02400   0.02347   0.01609   0.02855   0.04286   0.06734   0.22997   0.03011   0.26488   0.13985   0.09605   0.14444   0.00669   0.21446   0.06694   0.01682   0.06078   0.02628   0.05482   0.09346   0.00815   0.39358   0.26732   0.04074   0.07028   0.17314   0.09376   0.05304   0.08727   0.02112   0.07112   0.12700   0.02934   0.00949   0.09506   0.00320   0.01781   0.02252   0.00250   0.01845   0.00427   0.00981   0.02111   0.04488   0.04921   0.01853   0.01422   0.03860   0.03112   0.02956   0.04291   0.01486   0.02543   0.05094   4.46031   0.44481   1.08263   1.13001   0.18375  
 43 1091.8728  16627.183599  x:  0.02415   0.00697   0.01182   0.01316   0.00845   0.02084   0.00953   0.00792   0.01119   0.02276   0.02332   0.02076   0.03569   0.04538   0.06944   0.24138   0.02492   0.27114   0.13694   0.10004   0.14573   0.01141   0.22127   0.07423   0.01571   0.06525   0.02679   0.06135   0.08383   0.00839   0.38904   0.26977   0.04173   0.06810   0.17682   0.09541   0.05228   0.07985   0.02012   0.07414   0.12550   0.02744   0.01372   0.09217   0.00316   0.01741   0.02720   0.00259   0.01591   0.00548   0.01077   0.01900   0.04606   0.05155   0.01798   0.02020   0.03599   0.02451   0.02521   0.05183   0.01468   0.02392   0.04774   4.60665   0.43755   1.15193   1.11815   0.18743  
 44 1547.5038  16613.886820  x:  0.02727   0.00664   0.01051   0.01221   0.00883   0.02103   0.01388   0.00729   0.01281   0.02125   0.02316   0.01843   0.03585   0.05701   0.06976   0.25332   0.02743   0.28061   0.13372   0.10448   0.15219   0.00880   0.21566   0.08618   0.01358   0.07187   0.02965   0.07118   0.08099   0.00748   0.38219   0.27616   0.04079   0.06160   0.17410   0.09249   0.05341   0.07442   0.02246   0.07722   0.11578   0.02144   0.00793   0.08510   0.00296   0.01579   0.02231   0.00262   0.01978   0.00994   0.00933   0.02325   0.03530   0.04803   0.01728   0.02114   0.03110   0.03402   0.02549   0.05590   0.00760   0.03333   0.04457   4.90340   0.41396   1.29584   1.08778   0.19460  
 45 2202.1724  16595.120647  x:  0.02320   0.00791   0.01125   0.01413   0.00904   0.02035   0.00820   0.00748   0.01202   0.02546   0.02261   0.02414   0.02773   0.06466   0.06945   0.26161   0.03438   0.29028   0.13083   0.10697   0.16185   0.00702   0.19735   0.09357   0.01275   0.07388   0.02406   0.07590   0.08931   0.00801   0.37560   0.28489   0.04127   0.05624   0.16533   0.08533   0.05778   0.07708   0.02755   0.07862   0.10137   0.02749   0.00986   0.07824   0.00304   0.01664   0.02540   0.00258   0.01936   0.00603   0.00999   0.02003   0.02443   0.04199   0.01804   0.01393   0.03114   0.04478   0.02691   0.04860   0.01621   0.02171   0.04236   5.31707   0.37611   1.49781   1.04254   0.20470  
 46 5195.9387  16569.765871  x:  0.02156   0.00626   0.01063   0.01257   0.00882   0.01777   0.01332   0.00776   0.01229   0.02661   0.02000   0.01920   0.02941   0.05550   0.07215   0.26054   0.02969   0.29643   0.12828   0.10299   0.17290   0.00664   0.16431   0.08867   0.01671   0.06511   0.02463   0.06698   0.11139   0.00849   0.37252   0.29505   0.04599   0.05792   0.15101   0.07396   0.06214   0.09153   0.04031   0.07911   0.08814   0.02629   0.01436   0.07629   0.00289   0.01524   0.03108   0.00191   0.01405   0.00528   0.01001   0.01439   0.04056   0.03796   0.02353   0.01238   0.03642   0.03706   0.01859   0.02310   0.01255   0.02829   0.04327   5.87220   0.32037   1.76979   0.97950   0.22150  
 47 5676.5083  16560.767202  x:  0.02490   0.00653   0.00980   0.01378   0.00848   0.01774   0.00812   0.00769   0.01190   0.02412   0.01977   0.01952   0.03447   0.05117   0.07641   0.25439   0.02797   0.29498   0.12799   0.09742   0.17586   0.00968   0.15268   0.08165   0.01608   0.05810   0.02712   0.05699   0.11996   0.01010   0.37528   0.29756   0.04631   0.06034   0.14698   0.06650   0.06125   0.09734   0.04355   0.08013   0.08964   0.02821   0.00816   0.07863   0.00272   0.01427   0.02426   0.00179   0.02224   0.00709   0.00969   0.01671   0.04127   0.03959   0.01790   0.01659   0.03825   0.03173   0.01498   0.02220   0.01249   0.02423   0.04002   6.07086   0.29884   1.86735   0.95644   0.22723  
 48 4439.9444  16554.772425  x:  0.02458   0.00584   0.00974   0.01327   0.00910   0.01701   0.01046   0.00784   0.01217   0.02321   0.01903   0.02235   0.03703   0.05120   0.08310   0.24342   0.02839   0.28967   0.12872   0.08868   0.17677   0.00686   0.14711   0.07335   0.01666   0.05150   0.02803   0.04569   0.12437   0.00944   0.38211   0.29785   0.04417   0.06266   0.14648   0.06030   0.05866   0.10062   0.04958   0.08204   0.09753   0.02965   0.00699   0.08267   0.00269   0.01402   0.02715   0.00162   0.01857   0.00643   0.00938   0.01560   0.03475   0.04311   0.01662   0.01605   0.03763   0.03113   0.01436   0.03211   0.01366   0.02815   0.03474   6.20732   0.28270   1.93453   0.94023   0.23104  
 49 2453.7376  16551.860971  x:  0.02359   0.00620   0.00949   0.01338   0.00829   0.01667   0.00924   0.00775   0.01204   0.02449   0.01865   0.01885   0.03627   0.05228   0.08795   0.23227   0.03002   0.28324   0.13097   0.08193   0.17599   0.00976   0.14820   0.07117   0.01952   0.05201   0.02669   0.04448   0.12383   0.00971   0.38997   0.29674   0.04214   0.06394   0.14821   0.05591   0.05607   0.09987   0.05167   0.08301   0.10488   0.02688   0.00988   0.08498   0.00262   0.01366   0.02520   0.00171   0.01716   0.00641   0.00985   0.01471   0.03339   0.04474   0.02009   0.01417   0.03604   0.03321   0.01255   0.03328   0.00949   0.02519   0.03409   6.27219   0.27388   1.96666   0.93233   0.23305  
 50 1191.6323  16548.649327  x:  0.02339   0.00630   0.00903   0.01329   0.00877   0.01602   0.00997   0.00785   0.01193   0.02490   0.01789   0.02119   0.03396   0.05532   0.09386   0.21432   0.03037   0.27220   0.13578   0.07238   0.17354   0.00924   0.15358   0.07183   0.02004   0.05579   0.02608   0.04808   0.12011   0.00985   0.40400   0.29436   0.04024   0.06541   0.15212   0.05044   0.05469   0.09710   0.05501   0.08310   0.11396   0.02777   0.00903   0.08662   0.00253   0.01296   0.02626   0.00156   0.02016   0.00717   0.00975   0.01365   0.03615   0.04435   0.01918   0.01552   0.03438   0.03468   0.01248   0.02747   0.01318   0.02710   0.03632   6.34519   0.26290   2.00303   0.92334   0.23554  
 51 1081.7953  16547.779138  x:  0.02405   0.00621   0.00938   0.01359   0.00880   0.01616   0.00938   0.00771   0.01207   0.02422   0.01807   0.02121   0.03467   0.05551   0.09419   0.20870   0.03079   0.26842   0.13810   0.07037   0.17256   0.00791   0.15638   0.07333   0.01771   0.05609   0.02687   0.04905   0.11903   0.01002   0.40981   0.29355   0.04064   0.06555   0.15364   0.04910   0.05641   0.09671   0.05608   0.08205   0.11467   0.02805   0.00750   0.08587   0.00257   0.01344   0.02706   0.00152   0.01758   0.00574   0.00955   0.01466   0.03623   0.04284   0.01737   0.01485   0.03549   0.03375   0.01301   0.02604   0.01125   0.02595   0.03613   6.36427   0.25985   2.01264   0.92101   0.23622  
 52 543.1273  16547.129790  x:  0.02366   0.00625   0.00908   0.01335   0.00876   0.01600   0.00966   0.00779   0.01204   0.02428   0.01787   0.02099   0.03570   0.05428   0.09256   0.20392   0.03193   0.26466   0.14116   0.07004   0.17156   0.00822   0.15991   0.07560   0.01599   0.05473   0.02671   0.04918   0.11902   0.00965   0.41725   0.29279   0.04200   0.06515   0.15529   0.04847   0.05978   0.09731   0.05649   0.08006   0.11245   0.02824   0.00850   0.08378   0.00253   0.01303   0.02622   0.00153   0.01849   0.00670   0.00966   0.01404   0.03526   0.04108   0.01883   0.01431   0.03750   0.03245   0.01265   0.02742   0.01174   0.02669   0.03497   6.37876   0.25738   2.02009   0.91929   0.23670  
 53 285.1857  16546.903303  x:  0.02336   0.00620   0.00917   0.01341   0.00878   0.01603   0.00964   0.00777   0.01204   0.02461   0.01791   0.02091   0.03548   0.05375   0.09159   0.20279   0.03152   0.26317   0.14251   0.07053   0.17109   0.00805   0.16133   0.07637   0.01880   0.05389   0.02660   0.04898   0.11942   0.00968   0.42185   0.29261   0.04248   0.06441   0.15612   0.04860   0.06043   0.09754   0.05665   0.07985   0.11020   0.02837   0.00785   0.08260   0.00254   0.01314   0.02676   0.00151   0.01882   0.00639   0.00961   0.01431   0.03504   0.04173   0.01842   0.01490   0.03712   0.03251   0.01237   0.02790   0.01148   0.02664   0.03427   6.38379   0.25656   2.02281   0.91876   0.23686  
 54 144.8643  16546.706732  x:  0.02439   0.00615   0.00914   0.01341   0.00875   0.01599   0.00956   0.00779   0.01204   0.02436   0.01788   0.02121   0.03488   0.05371   0.09108   0.20319   0.03113   0.26204   0.14340   0.07134   0.17070   0.00811   0.16206   0.07614   0.01802   0.05364   0.02686   0.04772   0.12009   0.00952   0.42834   0.29269   0.04261   0.06328   0.15703   0.04908   0.05927   0.09739   0.05652   0.08115   0.10717   0.02832   0.00831   0.08170   0.00254   0.01309   0.02628   0.00151   0.01827   0.00654   0.00965   0.01399   0.03565   0.04353   0.01817   0.01479   0.03563   0.03334   0.01215   0.02769   0.01169   0.02653   0.03430   6.38775   0.25604   2.02523   0.91844   0.23680  
 55 92.6909  16546.596708  x:  0.02323   0.00619   0.00923   0.01342   0.00877   0.01606   0.00967   0.00777   0.01203   0.02438   0.01796   0.02078   0.03549   0.05398   0.09127   0.20443   0.03139   0.26176   0.14327   0.07158   0.17057   0.00806   0.16180   0.07532   0.01734   0.05394   0.02648   0.04749   0.12024   0.00928   0.43336   0.29294   0.04272   0.06306   0.15744   0.04947   0.05837   0.09718   0.05621   0.08241   0.10575   0.02828   0.00792   0.08191   0.00256   0.01323   0.02692   0.00151   0.01884   0.00627   0.00963   0.01428   0.03567   0.04329   0.01859   0.01505   0.03565   0.03323   0.01243   0.02761   0.01151   0.02641   0.03466   6.38974   0.25593   2.02667   0.91836   0.23660  
 56 78.5070  16546.485490  x:  0.02364   0.00619   0.00920   0.01336   0.00878   0.01612   0.00961   0.00778   0.01206   0.02449   0.01801   0.02112   0.03590   0.05425   0.09160   0.20634   0.03163   0.26186   0.14258   0.07159   0.17052   0.00795   0.16096   0.07437   0.01818   0.05443   0.02676   0.04815   0.12018   0.00896   0.43933   0.29335   0.04281   0.06335   0.15758   0.05000   0.05793   0.09709   0.05574   0.08341   0.10504   0.02817   0.00825   0.08265   0.00255   0.01320   0.02639   0.00153   0.01854   0.00650   0.00962   0.01427   0.03544   0.04208   0.01835   0.01455   0.03672   0.03277   0.01273   0.02769   0.01168   0.02655   0.03502   6.39155   0.25596   2.02824   0.91838   0.23637  
 57 92.6326  16546.408028  x:  0.02411   0.00617   0.00924   0.01341   0.00874   0.01614   0.00970   0.00779   0.01203   0.02438   0.01805   0.02088   0.03480   0.05418   0.09145   0.20795   0.03076   0.26250   0.14166   0.07146   0.17050   0.00824   0.15995   0.07454   0.01778   0.05443   0.02638   0.04875   0.12008   0.00894   0.44388   0.29379   0.04248   0.06397   0.15703   0.05061   0.05885   0.09738   0.05547   0.08267   0.10595   0.02814   0.00821   0.08339   0.00256   0.01325   0.02660   0.00153   0.01848   0.00642   0.00965   0.01428   0.03516   0.04195   0.01841   0.01515   0.03682   0.03297   0.01244   0.02789   0.01158   0.02656   0.03472   6.39251   0.25614   2.02947   0.91858   0.23636  
 58 49.1356  16546.359109  x:  0.02341   0.00619   0.00925   0.01337   0.00874   0.01616   0.00963   0.00779   0.01205   0.02431   0.01806   0.02099   0.03498   0.05409   0.09122   0.20889   0.03088   0.26324   0.14109   0.07147   0.17055   0.00820   0.15934   0.07523   0.01774   0.05431   0.02716   0.04884   0.11995   0.00880   0.44659   0.29412   0.04212   0.06430   0.15637   0.05077   0.05941   0.09751   0.05527   0.08173   0.10702   0.02802   0.00827   0.08352   0.00256   0.01326   0.02648   0.00154   0.01851   0.00644   0.00963   0.01428   0.03535   0.04244   0.01832   0.01482   0.03622   0.03306   0.01250   0.02776   0.01169   0.02652   0.03458   6.39293   0.25631   2.03033   0.91882   0.23632  
 59 53.2448  16546.323403  x:  0.02389   0.00619   0.00924   0.01339   0.00877   0.01617   0.00964   0.00778   0.01206   0.02448   0.01807   0.02101   0.03571   0.05420   0.09106   0.20929   0.03128   0.26406   0.14086   0.07163   0.17060   0.00798   0.15911   0.07593   0.01789   0.05415   0.02646   0.04853   0.11987   0.00865   0.44811   0.29438   0.04194   0.06434   0.15574   0.05060   0.05934   0.09742   0.05528   0.08109   0.10794   0.02823   0.00821   0.08317   0.00256   0.01326   0.02648   0.00154   0.01852   0.00644   0.00963   0.01434   0.03559   0.04279   0.01851   0.01470   0.03603   0.03301   0.01278   0.02758   0.01168   0.02654   0.03467   6.39302   0.25649   2.03104   0.91914   0.23625  
 60 34.3386  16546.222837  x:  0.02370   0.00615   0.00921   0.01337   0.00876   0.01607   0.00967   0.00777   0.01205   0.02471   0.01796   0.02098   0.03504   0.05406   0.09094   0.20902   0.03080   0.26676   0.14112   0.07250   0.17051   0.00798   0.15959   0.07673   0.01792   0.05428   0.02684   0.04731   0.12006   0.00863   0.45016   0.29503   0.04241   0.06389   0.15413   0.04956   0.05774   0.09680   0.05605   0.08068   0.10972   0.02806   0.00826   0.08141   0.00255   0.01320   0.02663   0.00152   0.01865   0.00638   0.00963   0.01420   0.03540   0.04200   0.01830   0.01489   0.03707   0.03293   0.01241   0.02761   0.01163   0.02647   0.03517   6.39252   0.25704   2.03333   0.92056   0.23622  
 61 20.3717  16545.998136  x:  0.02298   0.00619   0.00903   0.01352   0.00870   0.01593   0.00952   0.00786   0.01208   0.02281   0.01780   0.02098   0.03516   0.05409   0.09107   0.20736   0.03048   0.27160   0.14188   0.07319   0.16999   0.00824   0.16086   0.07490   0.01810   0.05448   0.02619   0.04863   0.12047   0.00857   0.45191   0.29594   0.04328   0.06304   0.15240   0.04797   0.05805   0.09692   0.05701   0.08105   0.11039   0.02884   0.00768   0.08065   0.00252   0.01295   0.02589   0.00151   0.01772   0.00675   0.00959   0.01422   0.03568   0.04182   0.01875   0.01486   0.03648   0.03306   0.01209   0.02787   0.01187   0.02659   0.03496   6.39072   0.25817   2.03871   0.92416   0.23620  
 62 34.8529  16545.541451  x:  0.02442   0.00614   0.00910   0.01333   0.00876   0.01576   0.00966   0.00774   0.01206   0.02399   0.01762   0.02112   0.03578   0.05363   0.09153   0.20396   0.03105   0.28022   0.14311   0.07355   0.16894   0.00814   0.16299   0.07143   0.01756   0.05475   0.02694   0.05105   0.12091   0.00847   0.45435   0.29742   0.04427   0.06174   0.15019   0.04567   0.05970   0.09749   0.05827   0.08186   0.11023   0.02795   0.00823   0.08093   0.00252   0.01301   0.02724   0.00149   0.01914   0.00609   0.00959   0.01390   0.03590   0.04245   0.01843   0.01445   0.03538   0.03331   0.01204   0.02841   0.01144   0.02627   0.03457   6.38675   0.26043   2.04996   0.93175   0.23618  
 63 178.7068  16544.725914  x:  0.02318   0.00631   0.00883   0.01344   0.00875   0.01571   0.00946   0.00781   0.01195   0.02856   0.01747   0.02058   0.03571   0.05454   0.09293   0.19947   0.03112   0.29016   0.14389   0.07118   0.16727   0.00870   0.16448   0.07210   0.01705   0.05464   0.02694   0.05017   0.12039   0.00868   0.45620   0.29859   0.04352   0.06153   0.15039   0.04551   0.06103   0.09778   0.05804   0.08231   0.10710   0.02901   0.00769   0.08412   0.00247   0.01269   0.02557   0.00155   0.01721   0.00690   0.00967   0.01414   0.03540   0.04381   0.01750   0.01607   0.03590   0.03271   0.01185   0.02824   0.01148   0.02720   0.03577   6.37925   0.26417   2.07036   0.94565   0.23630  
 64 155.6395  16542.591949  x:  0.02403   0.00646   0.00904   0.01333   0.00869   0.01576   0.00961   0.00773   0.01197   0.02300   0.01762   0.02072   0.03458   0.05610   0.09540   0.19095   0.03162   0.30818   0.14490   0.06379   0.16389   0.00897   0.16566   0.07779   0.01860   0.05386   0.02725   0.04524   0.11865   0.00914   0.45882   0.29977   0.04079   0.06337   0.15421   0.04800   0.06091   0.09769   0.05622   0.08247   0.09948   0.02804   0.00796   0.09104   0.00250   0.01295   0.02698   0.00160   0.01879   0.00634   0.00953   0.01418   0.03426   0.04465   0.01867   0.01438   0.03818   0.03189   0.01142   0.02734   0.01147   0.02698   0.03725   6.36011   0.27326   2.12172   0.98084   0.23688  
 65 474.7042  16538.164533  x:  0.02545   0.00672   0.00907   0.01332   0.00867   0.01577   0.00927   0.00775   0.01177   0.02484   0.01761   0.02044   0.03485   0.05548   0.09139   0.18796   0.03431   0.31609   0.14863   0.05608   0.16226   0.00991   0.16024   0.07842   0.01818   0.05150   0.02811   0.04574   0.11994   0.01018   0.45980   0.29578   0.04143   0.07044   0.16601   0.05295   0.05330   0.09770   0.05241   0.08221   0.09899   0.03092   0.00810   0.08516   0.00252   0.01301   0.02805   0.00170   0.01826   0.00629   0.00952   0.01452   0.03692   0.03480   0.01843   0.01467   0.03054   0.03344   0.01024   0.02716   0.01137   0.02811   0.02757   6.32125   0.29012   2.22456   1.05219   0.23890  
 66 372.7789  16529.310604  x:  0.02591   0.00736   0.00868   0.01296   0.00854   0.01511   0.00965   0.00777   0.01155   0.02407   0.01684   0.01924   0.03453   0.05651   0.09145   0.19598   0.03764   0.31005   0.15533   0.05069   0.16621   0.01227   0.14951   0.07398   0.01789   0.04962   0.02985   0.05023   0.12301   0.01220   0.45984   0.28500   0.03957   0.07059   0.18618   0.05111   0.05800   0.09879   0.05148   0.08850   0.10740   0.03247   0.00720   0.06316   0.00245   0.01242   0.03010   0.00197   0.01793   0.00645   0.00928   0.01472   0.02880   0.04508   0.01881   0.01409   0.03639   0.02922   0.00780   0.02227   0.01110   0.03080   0.03077   6.24170   0.32380   2.43382   1.19815   0.24222  
 67 1098.6120  16520.497932  x:  0.02672   0.00837   0.00767   0.01339   0.00838   0.01356   0.00838   0.00750   0.01127   0.02374   0.01498   0.01921   0.03188   0.06779   0.09582   0.21109   0.04039   0.28671   0.15689   0.05832   0.17759   0.01354   0.14885   0.07462   0.01953   0.05198   0.03095   0.04140   0.12639   0.01438   0.45914   0.27567   0.03976   0.05652   0.19002   0.03109   0.06970   0.09881   0.05954   0.08757   0.11107   0.03206   0.00612   0.06814   0.00217   0.01103   0.03163   0.00194   0.01835   0.00605   0.00904   0.01435   0.03954   0.03821   0.01851   0.01395   0.03461   0.02859   0.00529   0.02855   0.01049   0.03050   0.03434   6.16228   0.35763   2.64187   1.34421   0.24493  
 68 1294.4378  16516.135731  x:  0.02747   0.00844   0.00709   0.01310   0.00835   0.01239   0.00867   0.00758   0.01121   0.02338   0.01367   0.01888   0.03307   0.06274   0.09883   0.21766   0.04258   0.26909   0.15121   0.06427   0.18452   0.01405   0.15542   0.07680   0.01924   0.05192   0.03144   0.04284   0.12570   0.01476   0.45839   0.27383   0.04964   0.05585   0.17959   0.02249   0.06479   0.09529   0.06565   0.08362   0.10858   0.03467   0.00549   0.07899   0.00202   0.01008   0.03219   0.00195   0.01802   0.00608   0.00889   0.01330   0.03233   0.04073   0.01861   0.01351   0.03294   0.02846   0.00281   0.02439   0.01009   0.03206   0.03271   6.12493   0.37387   2.73979   1.41344   0.24716  
 69 1013.8252  16513.933541  x:  0.02747   0.00859   0.00728   0.01305   0.00834   0.01265   0.00862   0.00754   0.01113   0.02333   0.01397   0.01862   0.03244   0.06523   0.10437   0.21580   0.04394   0.25589   0.13848   0.06427   0.19036   0.01437   0.16579   0.07479   0.01885   0.04738   0.03211   0.04482   0.12524   0.01488   0.45746   0.27895   0.04522   0.05410   0.16142   0.02853   0.06234   0.09680   0.06161   0.08393   0.10504   0.03481   0.00558   0.07494   0.00207   0.01036   0.03268   0.00203   0.01794   0.00601   0.00888   0.01370   0.03372   0.04060   0.01855   0.01362   0.03460   0.02747   0.00257   0.02432   0.01011   0.03256   0.03034   6.10785   0.38216   2.78494   1.44591   0.24806  
 70 312.3230  16513.561207  x:  0.02785   0.00865   0.00733   0.01303   0.00831   0.01277   0.00860   0.00755   0.01111   0.02328   0.01411   0.01854   0.03263   0.06517   0.10588   0.21483   0.04395   0.25359   0.13597   0.06542   0.19154   0.01463   0.16770   0.07463   0.01932   0.04983   0.03210   0.04242   0.12471   0.01485   0.45725   0.28193   0.04654   0.05779   0.15880   0.02970   0.06458   0.09797   0.06051   0.08569   0.10463   0.03497   0.00571   0.07290   0.00209   0.01046   0.03285   0.00208   0.01789   0.00601   0.00888   0.01390   0.03310   0.03984   0.01846   0.01372   0.03264   0.02775   0.00266   0.02455   0.01012   0.03265   0.03177   6.10594   0.38361   2.79007   1.44997   0.24809  
 71 109.4205  16512.969659  x:  0.02784   0.00873   0.00725   0.01298   0.00832   0.01262   0.00865   0.00758   0.01109   0.02324   0.01393   0.01850   0.03266   0.06406   0.10382   0.21193   0.04430   0.25112   0.13441   0.07250   0.19276   0.01472   0.16808   0.07524   0.01927   0.05106   0.03215   0.04238   0.12387   0.01442   0.45681   0.29436   0.04099   0.06051   0.16196   0.02878   0.06443   0.09913   0.06094   0.08840   0.10573   0.03562   0.00556   0.07407   0.00207   0.01032   0.03297   0.00209   0.01787   0.00604   0.00887   0.01384   0.03272   0.03986   0.01851   0.01364   0.03343   0.02723   0.00262   0.02368   0.01010   0.03303   0.02981   6.10864   0.38575   2.78358   1.44818   0.24825  
 72 32.3036  16512.060370  x:  0.02778   0.00881   0.00716   0.01304   0.00829   0.01249   0.00851   0.00752   0.01110   0.02325   0.01377   0.01856   0.03218   0.06591   0.10337   0.21015   0.04398   0.24900   0.13005   0.07344   0.19483   0.01469   0.16779   0.07611   0.01887   0.04568   0.03234   0.04473   0.12384   0.01375   0.45618   0.31190   0.04394   0.06163   0.16882   0.02612   0.06352   0.09873   0.06193   0.08775   0.10597   0.03508   0.00558   0.07340   0.00204   0.01021   0.03300   0.00209   0.01791   0.00593   0.00884   0.01382   0.03379   0.04009   0.01839   0.01371   0.03299   0.02772   0.00265   0.02506   0.01003   0.03255   0.03296   6.11551   0.38825   2.76643   1.44165   0.24709  
 73 102.7314  16510.503087  x:  0.02783   0.00877   0.00715   0.01300   0.00829   0.01245   0.00858   0.00753   0.01110   0.02320   0.01373   0.01845   0.03271   0.06466   0.10305   0.21051   0.04401   0.24766   0.12656   0.06755   0.19691   0.01466   0.16801   0.07394   0.01915   0.05306   0.03218   0.04326   0.12578   0.01287   0.45508   0.33207   0.04855   0.05331   0.17605   0.02719   0.06324   0.09723   0.06120   0.08121   0.10647   0.03551   0.00544   0.07189   0.00204   0.01020   0.03298   0.00212   0.01792   0.00593   0.00880   0.01387   0.03382   0.04137   0.01836   0.01380   0.03380   0.02713   0.00241   0.02544   0.01004   0.03278   0.03094   6.13017   0.38992   2.72977   1.42694   0.24545  
 74 176.2359  16504.474569  x:  0.02926   0.00906   0.00748   0.01274   0.00821   0.01302   0.00890   0.00763   0.01094   0.02258   0.01437   0.01779   0.03381   0.06087   0.11122   0.22535   0.04396   0.25261   0.15027   0.05955   0.19862   0.01589   0.17554   0.07809   0.01965   0.04651   0.03314   0.04149   0.12766   0.01280   0.45153   0.35533   0.05295   0.04088   0.17580   0.03866   0.06869   0.09185   0.05163   0.08865   0.11550   0.03743   0.00665   0.07638   0.00212   0.01075   0.03399   0.00249   0.01757   0.00591   0.00873   0.01483   0.02936   0.03551   0.01828   0.01373   0.02812   0.02690   0.00229   0.02192   0.01014   0.03444   0.03296   6.19493   0.38358   2.56768   1.36085   0.24209  
 75 225.9836  16492.926680  x:  0.02835   0.00988   0.00706   0.01306   0.00838   0.01225   0.00845   0.00714   0.01069   0.02282   0.01343   0.01817   0.03026   0.08143   0.11259   0.25596   0.04668   0.26681   0.18317   0.04438   0.19997   0.01627   0.19320   0.07964   0.01909   0.04796   0.03386   0.04139   0.12807   0.01348   0.44595   0.37453   0.05893   0.05696   0.17135   0.03876   0.06989   0.08898   0.04794   0.09215   0.11491   0.03341   0.00607   0.07630   0.00202   0.01016   0.03454   0.00268   0.01826   0.00581   0.00851   0.01519   0.03523   0.04418   0.01802   0.01331   0.03577   0.02396   0.00193   0.02240   0.00991   0.03551   0.02120   6.32333   0.36708   2.24539   1.23003   0.23542  
 76 1327.5496  16486.174029  x:  0.02885   0.00978   0.00663   0.01308   0.00834   0.01147   0.00845   0.00716   0.01060   0.02275   0.01253   0.01820   0.03128   0.07832   0.11597   0.26707   0.04564   0.27499   0.18275   0.03836   0.20003   0.01688   0.19994   0.08085   0.01865   0.04858   0.03384   0.04294   0.12454   0.01394   0.44446   0.37319   0.05057   0.06059   0.17388   0.03157   0.06932   0.09167   0.05158   0.09125   0.10973   0.03426   0.00600   0.07115   0.00192   0.00953   0.03497   0.00270   0.01821   0.00571   0.00840   0.01467   0.03418   0.04172   0.01767   0.01329   0.03320   0.02425   0.00000   0.02406   0.00939   0.03564   0.02360   6.37796   0.35829   2.10780   1.17471   0.23165  
 77 1695.5620  16478.361457  x:  0.02960   0.01030   0.00654   0.01308   0.00832   0.01139   0.00855   0.00708   0.01031   0.02232   0.01237   0.01813   0.03075   0.08483   0.14233   0.26935   0.04548   0.29446   0.17006   0.06302   0.21115   0.01874   0.20504   0.08018   0.01798   0.04795   0.03456   0.04471   0.11438   0.01576   0.44441   0.35451   0.05439   0.05780   0.19276   0.03500   0.06363   0.11013   0.04660   0.07707   0.10749   0.03342   0.00643   0.06605   0.00190   0.00946   0.03615   0.00306   0.01819   0.00563   0.00832   0.01552   0.03192   0.04066   0.01710   0.01317   0.03151   0.02340   0.00018   0.02216   0.00907   0.03728   0.02149   6.46828   0.33810   1.87983   1.08398   0.22641  
 78 1036.1187  16475.917093  x:  0.02962   0.01038   0.00655   0.01311   0.00835   0.01140   0.00856   0.00705   0.01027   0.02237   0.01238   0.01812   0.03049   0.08640   0.13676   0.26512   0.04579   0.29979   0.15699   0.06812   0.21591   0.01855   0.20574   0.08212   0.01807   0.04736   0.03469   0.04385   0.11588   0.01646   0.44487   0.34559   0.05909   0.05420   0.19736   0.03703   0.06631   0.10636   0.04469   0.08369   0.11070   0.03351   0.00641   0.06739   0.00191   0.00949   0.03625   0.00311   0.01827   0.00567   0.00829   0.01565   0.03232   0.04132   0.01715   0.01304   0.03207   0.02297   0.00000   0.02140   0.00911   0.03758   0.01974   6.48835   0.33222   1.82887   1.06406   0.22572  
 79 418.0760  16475.222448  x:  0.02968   0.01033   0.00659   0.01313   0.00834   0.01143   0.00862   0.00707   0.01026   0.02236   0.01241   0.01806   0.03092   0.08493   0.13714   0.26343   0.04421   0.30328   0.15712   0.06860   0.23342   0.01804   0.20788   0.08022   0.01808   0.04728   0.03470   0.04406   0.11975   0.01645   0.44576   0.34261   0.05607   0.05732   0.20023   0.03778   0.06807   0.09694   0.04420   0.08173   0.10940   0.03383   0.00648   0.06737   0.00191   0.00954   0.03626   0.00313   0.01816   0.00560   0.00827   0.01571   0.03239   0.04113   0.01714   0.01305   0.03186   0.02298   0.00005   0.02169   0.00919   0.03753   0.02036   6.49515   0.33075   1.80989   1.05697   0.22438  
 80 52.0012  16474.141884  x:  0.02966   0.01031   0.00650   0.01313   0.00831   0.01129   0.00866   0.00710   0.01022   0.02231   0.01224   0.01811   0.03103   0.08349   0.13041   0.26385   0.04277   0.30663   0.15810   0.06294   0.25233   0.01800   0.21057   0.08263   0.01779   0.04819   0.03451   0.04468   0.11242   0.01636   0.44654   0.34075   0.05705   0.05522   0.20128   0.03623   0.06565   0.10647   0.04470   0.08711   0.11008   0.03432   0.00642   0.06820   0.00189   0.00941   0.03620   0.00315   0.01820   0.00560   0.00826   0.01567   0.03241   0.04153   0.01694   0.01314   0.03186   0.02292   0.00019   0.02230   0.00908   0.03748   0.02057   6.50485   0.32920   1.78048   1.04650   0.22293  
 81 46.7895  16457.865827  x:  0.03075   0.01110   0.00529   0.01327   0.00846   0.00941   0.00875   0.00693   0.00992   0.02238   0.01000   0.01834   0.03190   0.08280   0.12947   0.28772   0.04831   0.32028   0.11979   0.06465   0.19317   0.01843   0.22434   0.09020   0.01748   0.04761   0.03503   0.04469   0.12109   0.01971   0.43934   0.32890   0.05009   0.05347   0.20604   0.02065   0.07592   0.08747   0.05027   0.10019   0.10689   0.03642   0.00622   0.06013   0.00160   0.00768   0.03749   0.00343   0.01838   0.00577   0.00802   0.01513   0.02995   0.03789   0.01669   0.01235   0.02842   0.02221   0.00110   0.02153   0.00790   0.03943   0.01814   6.63551   0.30598   1.37407   0.90505   0.21753  
 82 71.6203  16434.014417  x:  0.03247   0.01307   0.00274   0.01318   0.00883   0.00337   0.00882   0.00669   0.01021   0.02217   0.00316   0.01855   0.03270   0.08328   0.13508   0.31071   0.05824   0.31689   0.12447   0.05907   0.21573   0.02267   0.23031   0.10022   0.01573   0.05508   0.03692   0.05419   0.11333   0.02690   0.44430   0.32887   0.03935   0.05899   0.20532   0.02222   0.06769   0.08933   0.02464   0.10365   0.09732   0.04464   0.00736   0.06985   0.00092   0.00433   0.04141   0.00451   0.01726   0.00350   0.00845   0.01195   0.02483   0.03954   0.01646   0.01307   0.02824   0.02811   0.00075   0.02865   0.00937   0.04097   0.03113   6.64783   0.33646   1.15427   1.04044   0.20556  
 83  0.2940  16428.192230  x:  0.03286   0.01370   0.00217   0.01333   0.00865   0.00275   0.00826   0.00687   0.01049   0.02248   0.00233   0.01865   0.03242   0.08441   0.13181   0.30030   0.06522   0.30759   0.11931   0.06071   0.20938   0.02426   0.21693   0.10079   0.01623   0.05470   0.03779   0.05319   0.11807   0.03060   0.45216   0.32435   0.04313   0.05661   0.19882   0.02814   0.06781   0.08716   0.01116   0.10538   0.09935   0.04830   0.00687   0.07242   0.00076   0.00387   0.04299   0.00485   0.01731   0.00271   0.00858   0.01216   0.02615   0.03964   0.01687   0.01289   0.02908   0.02812   0.00097   0.02810   0.00900   0.04164   0.03162   6.66060   0.35234   1.51197   1.22632   0.21004  
 84  0.9496  16424.723769  x:  0.03309   0.01316   0.00210   0.01353   0.00799   0.00545   0.00727   0.00731   0.01085   0.02286   0.00497   0.01898   0.03199   0.08160   0.12488   0.29157   0.06995   0.29895   0.12743   0.05717   0.20558   0.02576   0.20710   0.09777   0.01677   0.05316   0.03824   0.05057   0.12141   0.03400   0.45262   0.32395   0.04431   0.05638   0.19448   0.02918   0.06703   0.08890   0.00663   0.10177   0.10427   0.05133   0.00583   0.07124   0.00076   0.00430   0.04410   0.00519   0.01766   0.00299   0.00858   0.01479   0.02844   0.03869   0.01733   0.01313   0.02926   0.02675   0.00118   0.02679   0.00830   0.04195   0.02941   6.62981   0.35453   1.48974   1.27603   0.20794  
 85  0.0846  16422.890915  x:  0.03306   0.01258   0.00154   0.01356   0.00792   0.00548   0.00775   0.00743   0.01090   0.02284   0.00478   0.01894   0.03181   0.07819   0.12027   0.28662   0.07274   0.29532   0.13168   0.05419   0.20551   0.02636   0.20262   0.09458   0.01723   0.05201   0.03830   0.04830   0.12248   0.03637   0.45247   0.32313   0.04299   0.05691   0.19254   0.02026   0.06672   0.09074   0.01325   0.09829   0.10541   0.05366   0.00579   0.06893   0.00063   0.00342   0.04474   0.00534   0.01746   0.00279   0.00877   0.01491   0.02904   0.03779   0.01746   0.01344   0.02915   0.02575   0.00131   0.02538   0.00847   0.04197   0.02673   6.62274   0.35579   1.51131   1.31427   0.20790  
 86  0.1229  16421.677653  x:  0.03307   0.01195   0.00134   0.01346   0.00826   0.00499   0.00883   0.00719   0.01081   0.02246   0.00422   0.01843   0.03184   0.07589   0.11682   0.28231   0.07667   0.29512   0.12893   0.05588   0.20194   0.02717   0.20094   0.09266   0.01740   0.05144   0.03842   0.04784   0.12322   0.03972   0.44948   0.32133   0.04397   0.05748   0.19550   0.02192   0.06728   0.09002   0.01099   0.09680   0.10562   0.05584   0.00656   0.06870   0.00059   0.00291   0.04521   0.00564   0.01699   0.00156   0.00875   0.01403   0.02817   0.03845   0.01739   0.01372   0.02918   0.02520   0.00152   0.02489   0.00937   0.04177   0.02527   6.59622   0.35958   1.42244   1.33318   0.20708  
 87  0.1246  16421.451289  x:  0.03312   0.01172   0.00105   0.01343   0.00834   0.00491   0.00898   0.00713   0.01080   0.02240   0.00408   0.01832   0.03179   0.07534   0.11635   0.28116   0.07761   0.29557   0.12800   0.05642   0.20139   0.02737   0.20087   0.09224   0.01741   0.05143   0.03846   0.04794   0.12318   0.04057   0.44888   0.32079   0.04397   0.05768   0.19631   0.02246   0.06737   0.08985   0.01055   0.09662   0.10525   0.05626   0.00667   0.06872   0.00054   0.00245   0.04525   0.00571   0.01696   0.00236   0.00874   0.01390   0.02785   0.03865   0.01738   0.01370   0.02913   0.02529   0.00157   0.02490   0.00949   0.04173   0.02527   6.58775   0.36102   1.40888   1.34018   0.20699  
 88  0.1215  16420.820316  x:  0.03320   0.01045   0.00141   0.01342   0.00854   0.00520   0.00858   0.00694   0.01088   0.02225   0.00455   0.01805   0.03217   0.07351   0.11705   0.27714   0.07999   0.29980   0.12436   0.05859   0.20134   0.02778   0.20255   0.09146   0.01719   0.05230   0.03839   0.04960   0.12129   0.04369   0.44761   0.31864   0.04218   0.05881   0.19903   0.02426   0.06746   0.08957   0.01222   0.09697   0.10142   0.05714   0.00696   0.06886   0.00067   0.00242   0.04519   0.00588   0.01706   0.00231   0.00855   0.01351   0.02609   0.03921   0.01710   0.01339   0.02890   0.02665   0.00169   0.02607   0.00938   0.04116   0.02722   6.54858   0.36872   1.42428   1.37933   0.20774  
 89  0.0618  16420.463470  x:  0.03315   0.00988   0.00138   0.01348   0.00838   0.00488   0.00830   0.00708   0.01095   0.02248   0.00431   0.01828   0.03231   0.07448   0.11905   0.27577   0.08261   0.30142   0.12898   0.05657   0.20389   0.02827   0.20421   0.09106   0.01711   0.05264   0.03836   0.04988   0.11957   0.04721   0.44797   0.32142   0.04189   0.05841   0.19854   0.02318   0.06749   0.09039   0.01145   0.09681   0.10146   0.05758   0.00642   0.06816   0.00070   0.00205   0.04515   0.00612   0.01742   0.00211   0.00856   0.01332   0.02803   0.03863   0.01702   0.01325   0.02890   0.02651   0.00186   0.02596   0.00881   0.04078   0.02826   6.53864   0.37473   1.42995   1.41676   0.20690  
 90  0.0319  16420.205904  x:  0.03292   0.00974   0.00169   0.01349   0.00823   0.00491   0.00855   0.00717   0.01083   0.02251   0.00460   0.01855   0.03219   0.07630   0.11973   0.27514   0.08419   0.29967   0.12944   0.05567   0.20235   0.02819   0.20403   0.09161   0.01720   0.05199   0.03826   0.04887   0.12009   0.05026   0.44826   0.32268   0.04443   0.05702   0.19683   0.02344   0.06771   0.08970   0.01179   0.09721   0.10453   0.05677   0.00607   0.06959   0.00083   0.00226   0.04454   0.00634   0.01725   0.00228   0.00871   0.01301   0.02771   0.03865   0.01733   0.01358   0.02939   0.02592   0.00216   0.02549   0.00927   0.04064   0.02739   6.54024   0.37739   1.44409   1.43953   0.20647  
 91  0.0177  16420.027712  x:  0.03298   0.01008   0.00175   0.01352   0.00829   0.00477   0.00839   0.00710   0.01084   0.02236   0.00462   0.01835   0.03227   0.07576   0.12028   0.27738   0.08439   0.29855   0.12845   0.05510   0.20426   0.02804   0.20392   0.09239   0.01718   0.05193   0.03820   0.04883   0.12048   0.05318   0.44763   0.32074   0.04235   0.05789   0.19622   0.02268   0.06720   0.08990   0.01129   0.09750   0.10289   0.05598   0.00619   0.06889   0.00089   0.00232   0.04411   0.00664   0.01703   0.00231   0.00860   0.01281   0.02660   0.03859   0.01734   0.01354   0.02851   0.02609   0.00244   0.02555   0.00882   0.04093   0.02608   6.55673   0.37703   1.45476   1.45357   0.20601  
 92  0.0149  16419.853836  x:  0.03297   0.01051   0.00174   0.01347   0.00849   0.00465   0.00844   0.00700   0.01094   0.02244   0.00458   0.01810   0.03194   0.07610   0.11934   0.27885   0.08309   0.29890   0.12660   0.05762   0.20218   0.02748   0.20376   0.09311   0.01721   0.05246   0.03807   0.04935   0.12126   0.05579   0.44660   0.31858   0.04238   0.05839   0.19802   0.02262   0.06745   0.08974   0.01178   0.09828   0.10229   0.05411   0.00630   0.06864   0.00097   0.00237   0.04368   0.00695   0.01720   0.00239   0.00852   0.01278   0.02781   0.03905   0.01716   0.01326   0.02897   0.02582   0.00279   0.02494   0.00898   0.04128   0.02693   6.57567   0.37362   1.44197   1.44603   0.20599  
 93  0.0134  16419.686080  x:  0.03293   0.01102   0.00149   0.01345   0.00836   0.00461   0.00855   0.00714   0.01096   0.02245   0.00444   0.01848   0.03195   0.07527   0.11844   0.27854   0.08043   0.30006   0.12950   0.05651   0.20367   0.02677   0.20340   0.09246   0.01717   0.05252   0.03796   0.04956   0.12117   0.05744   0.44747   0.32121   0.04283   0.05842   0.19844   0.02317   0.06722   0.09066   0.01187   0.09674   0.10354   0.05299   0.00619   0.06888   0.00100   0.00234   0.04382   0.00735   0.01725   0.00235   0.00872   0.01312   0.02677   0.03890   0.01702   0.01340   0.02957   0.02632   0.00314   0.02542   0.00922   0.04170   0.02695   6.58408   0.37198   1.45777   1.44226   0.20649  
 94  0.0090  16419.594809  x:  0.03281   0.01112   0.00131   0.01349   0.00823   0.00476   0.00839   0.00712   0.01087   0.02245   0.00446   0.01843   0.03204   0.07532   0.11824   0.27711   0.07874   0.30042   0.12810   0.05572   0.20363   0.02613   0.20392   0.09171   0.01714   0.05216   0.03791   0.04921   0.12088   0.05764   0.44743   0.32100   0.04289   0.05791   0.19796   0.02361   0.06743   0.08994   0.01193   0.09629   0.10308   0.05317   0.00650   0.06933   0.00101   0.00238   0.04423   0.00761   0.01707   0.00226   0.00860   0.01322   0.02740   0.03880   0.01728   0.01359   0.02889   0.02563   0.00340   0.02507   0.00884   0.04190   0.02680   6.57106   0.37255   1.45667   1.43565   0.20658  
 95  0.0084  16419.522835  x:  0.03282   0.01098   0.00122   0.01351   0.00832   0.00488   0.00839   0.00705   0.01084   0.02254   0.00448   0.01829   0.03192   0.07621   0.11937   0.27634   0.07806   0.29927   0.12830   0.05652   0.20252   0.02575   0.20476   0.09166   0.01716   0.05212   0.03795   0.04906   0.12034   0.05734   0.44658   0.31987   0.04286   0.05761   0.19675   0.02350   0.06738   0.08933   0.01180   0.09711   0.10231   0.05404   0.00609   0.06855   0.00104   0.00243   0.04454   0.00787   0.01724   0.00219   0.00856   0.01327   0.02717   0.03876   0.01734   0.01325   0.02880   0.02609   0.00364   0.02500   0.00921   0.04173   0.02639   6.55065   0.37400   1.44257   1.42773   0.20663  
 96  0.0133  16419.461446  x:  0.03288   0.01068   0.00129   0.01343   0.00841   0.00491   0.00860   0.00709   0.01093   0.02237   0.00448   0.01840   0.03212   0.07637   0.11960   0.27648   0.07777   0.29883   0.12861   0.05658   0.20356   0.02541   0.20447   0.09223   0.01723   0.05234   0.03798   0.04922   0.11991   0.05652   0.44686   0.31936   0.04267   0.05820   0.19672   0.02332   0.06708   0.09029   0.01178   0.09755   0.10293   0.05518   0.00641   0.06873   0.00110   0.00248   0.04446   0.00815   0.01720   0.00226   0.00866   0.01285   0.02683   0.03880   0.01709   0.01342   0.02928   0.02574   0.00387   0.02485   0.00889   0.04144   0.02657   6.54424   0.37479   1.43349   1.41860   0.20679  
 97  0.0074  16419.415296  x:  0.03306   0.01058   0.00132   0.01342   0.00836   0.00485   0.00840   0.00707   0.01092   0.02254   0.00439   0.01833   0.03197   0.07558   0.11875   0.27706   0.07758   0.29961   0.12806   0.05607   0.20463   0.02527   0.20312   0.09251   0.01717   0.05236   0.03803   0.04927   0.12087   0.05524   0.44788   0.32022   0.04252   0.05843   0.19756   0.02294   0.06732   0.09023   0.01183   0.09713   0.10331   0.05590   0.00602   0.06919   0.00115   0.00244   0.04426   0.00843   0.01721   0.00232   0.00860   0.01281   0.02700   0.03898   0.01723   0.01338   0.02891   0.02585   0.00409   0.02481   0.00915   0.04142   0.02657   6.55267   0.37282   1.43699   1.40818   0.20692  
 98  0.0073  16419.388548  x:  0.03307   0.01062   0.00135   0.01348   0.00830   0.00481   0.00847   0.00707   0.01086   0.02244   0.00435   0.01835   0.03196   0.07528   0.11895   0.27765   0.07815   0.29933   0.12862   0.05660   0.20323   0.02547   0.20286   0.09236   0.01713   0.05231   0.03811   0.04933   0.12163   0.05404   0.44755   0.32083   0.04291   0.05796   0.19765   0.02308   0.06748   0.08973   0.01179   0.09679   0.10269   0.05590   0.00617   0.06881   0.00119   0.00239   0.04417   0.00863   0.01712   0.00232   0.00862   0.01291   0.02703   0.03892   0.01730   0.01341   0.02896   0.02592   0.00423   0.02495   0.00887   0.04163   0.02639   6.55722   0.37100   1.43807   1.40133   0.20694  
 99  0.0049  16419.370920  x:  0.03299   0.01068   0.00138   0.01348   0.00833   0.00481   0.00843   0.00709   0.01084   0.02242   0.00439   0.01838   0.03202   0.07523   0.11930   0.27773   0.07921   0.29944   0.12807   0.05650   0.20350   0.02589   0.20386   0.09202   0.01718   0.05215   0.03814   0.04921   0.12100   0.05322   0.44711   0.32026   0.04285   0.05790   0.19750   0.02323   0.06721   0.09030   0.01167   0.09671   0.10272   0.05559   0.00622   0.06862   0.00121   0.00235   0.04417   0.00878   0.01720   0.00227   0.00862   0.01298   0.02693   0.03875   0.01722   0.01339   0.02913   0.02574   0.00432   0.02469   0.00907   0.04183   0.02647   6.56130   0.37029   1.43894   1.40058   0.20690  
100  0.0027  16419.364034  x:  0.03293   0.01071   0.00137   0.01346   0.00835   0.00482   0.00846   0.00709   0.01089   0.02248   0.00445   0.01833   0.03193   0.07548   0.11896   0.27741   0.07982   0.29923   0.12831   0.05648   0.20382   0.02605   0.20425   0.09207   0.01717   0.05230   0.03810   0.04931   0.12065   0.05288   0.44732   0.32043   0.04280   0.05806   0.19735   0.02321   0.06725   0.08997   0.01177   0.09697   0.10306   0.05521   0.00620   0.06896   0.00122   0.00234   0.04419   0.00885   0.01717   0.00226   0.00861   0.01300   0.02695   0.03893   0.01721   0.01341   0.02900   0.02586   0.00437   0.02475   0.00899   0.04187   0.02640   6.56048   0.37076   1.43929   1.40292   0.20694  
101  0.0020  16419.361835  x:  0.03294   0.01075   0.00134   0.01346   0.00833   0.00482   0.00846   0.00708   0.01089   0.02243   0.00447   0.01837   0.03195   0.07565   0.11891   0.27733   0.07999   0.29920   0.12846   0.05636   0.20369   0.02606   0.20391   0.09210   0.01716   0.05230   0.03804   0.04926   0.12060   0.05267   0.44755   0.32075   0.04270   0.05814   0.19742   0.02320   0.06732   0.09001   0.01179   0.09703   0.10279   0.05497   0.00617   0.06888   0.00121   0.00236   0.04424   0.00887   0.01715   0.00228   0.00862   0.01292   0.02695   0.03886   0.01723   0.01342   0.02905   0.02578   0.00439   0.02477   0.00902   0.04183   0.02642   6.56083   0.37097   1.44009   1.40445   0.20691  
102  0.0011  16419.361123  x:  0.03296   0.01074   0.00133   0.01347   0.00833   0.00481   0.00845   0.00709   0.01088   0.02246   0.00447   0.01836   0.03194   0.07568   0.11899   0.27729   0.08006   0.29923   0.12829   0.05643   0.20374   0.02607   0.20376   0.09211   0.01716   0.05228   0.03803   0.04926   0.12066   0.05256   0.44747   0.32065   0.04277   0.05806   0.19752   0.02321   0.06729   0.09004   0.01179   0.09692   0.10290   0.05491   0.00616   0.06884   0.00120   0.00237   0.04426   0.00888   0.01718   0.00228   0.00862   0.01289   0.02693   0.03887   0.01722   0.01340   0.02903   0.02583   0.00438   0.02475   0.00898   0.04179   0.02642   6.56037   0.37129   1.43894   1.40588   0.20687  
103  0.0013  16419.360696  x:  0.03298   0.01073   0.00133   0.01347   0.00834   0.00480   0.00846   0.00709   0.01087   0.02246   0.00446   0.01835   0.03196   0.07559   0.11906   0.27741   0.08009   0.29925   0.12838   0.05645   0.20378   0.02608   0.20378   0.09211   0.01717   0.05228   0.03805   0.04929   0.12076   0.05249   0.44736   0.32059   0.04275   0.05805   0.19742   0.02324   0.06728   0.09000   0.01180   0.09691   0.10290   0.05493   0.00617   0.06887   0.00120   0.00238   0.04425   0.00888   0.01717   0.00227   0.00862   0.01287   0.02694   0.03889   0.01722   0.01341   0.02900   0.02580   0.00438   0.02476   0.00901   0.04179   0.02642   6.55927   0.37181   1.44001   1.40902   0.20687  
104  0.0015  16419.360285  x:  0.03297   0.01073   0.00133   0.01347   0.00833   0.00480   0.00846   0.00709   0.01089   0.02245   0.00445   0.01836   0.03194   0.07555   0.11903   0.27748   0.08003   0.29929   0.12834   0.05640   0.20376   0.02607   0.20385   0.09211   0.01717   0.05228   0.03807   0.04927   0.12075   0.05245   0.44744   0.32067   0.04279   0.05806   0.19735   0.02321   0.06730   0.09004   0.01182   0.09699   0.10285   0.05496   0.00616   0.06890   0.00119   0.00239   0.04425   0.00890   0.01716   0.00227   0.00863   0.01291   0.02693   0.03887   0.01722   0.01341   0.02906   0.02583   0.00438   0.02474   0.00899   0.04181   0.02643   6.55879   0.37208   1.44107   1.41238   0.20682  
105  0.0015  16419.359989  x:  0.03295   0.01073   0.00133   0.01347   0.00833   0.00480   0.00845   0.00709   0.01088   0.02246   0.00445   0.01835   0.03195   0.07560   0.11904   0.27741   0.07995   0.29922   0.12835   0.05642   0.20376   0.02605   0.20386   0.09211   0.01716   0.05229   0.03806   0.04926   0.12069   0.05243   0.44752   0.32072   0.04275   0.05809   0.19745   0.02322   0.06730   0.09006   0.01181   0.09697   0.10291   0.05498   0.00618   0.06884   0.00119   0.00239   0.04423   0.00892   0.01717   0.00228   0.00861   0.01291   0.02694   0.03887   0.01722   0.01341   0.02902   0.02581   0.00438   0.02477   0.00900   0.04182   0.02641   6.55939   0.37205   1.44145   1.41420   0.20679  
106  0.0009  16419.359782  x:  0.03295   0.01074   0.00134   0.01347   0.00834   0.00481   0.00846   0.00709   0.01088   0.02245   0.00445   0.01836   0.03195   0.07564   0.11902   0.27736   0.07992   0.29921   0.12833   0.05644   0.20378   0.02603   0.20383   0.09212   0.01717   0.05228   0.03803   0.04927   0.12068   0.05241   0.44744   0.32072   0.04274   0.05808   0.19753   0.02322   0.06728   0.08998   0.01180   0.09694   0.10288   0.05499   0.00616   0.06888   0.00119   0.00238   0.04422   0.00893   0.01717   0.00228   0.00862   0.01290   0.02693   0.03888   0.01721   0.01340   0.02903   0.02581   0.00438   0.02474   0.00900   0.04180   0.02642   6.56012   0.37203   1.44257   1.41537   0.20681  
107  0.0007  16419.359568  x:  0.03297   0.01075   0.00134   0.01346   0.00833   0.00482   0.00845   0.00709   0.01089   0.02246   0.00446   0.01836   0.03195   0.07564   0.11898   0.27747   0.07986   0.29926   0.12835   0.05642   0.20375   0.02600   0.20389   0.09213   0.01717   0.05228   0.03802   0.04928   0.12070   0.05237   0.44739   0.32074   0.04278   0.05805   0.19747   0.02322   0.06729   0.09005   0.01180   0.09694   0.10288   0.05495   0.00617   0.06887   0.00118   0.00237   0.04423   0.00893   0.01716   0.00227   0.00861   0.01288   0.02693   0.03887   0.01722   0.01341   0.02903   0.02582   0.00437   0.02476   0.00900   0.04179   0.02643   6.56051   0.37213   1.44251   1.41531   0.20682  
108  0.0001  16419.359356  x:  0.03297   0.01074   0.00134   0.01347   0.00834   0.00482   0.00846   0.00708   0.01088   0.02244   0.00446   0.01836   0.03195   0.07560   0.11902   0.27753   0.07982   0.29928   0.12834   0.05643   0.20380   0.02597   0.20389   0.09211   0.01716   0.05228   0.03804   0.04926   0.12075   0.05240   0.44749   0.32069   0.04274   0.05809   0.19740   0.02322   0.06732   0.09002   0.01180   0.09696   0.10291   0.05491   0.00616   0.06885   0.00117   0.00237   0.04424   0.00896   0.01718   0.00227   0.00863   0.01289   0.02693   0.03887   0.01722   0.01340   0.02902   0.02581   0.00437   0.02476   0.00900   0.04179   0.02642   6.55998   0.37217   1.44148   1.41432   0.20678  
109  0.0005  16419.359147  x:  0.03295   0.01073   0.00134   0.01347   0.00834   0.00481   0.00845   0.00709   0.01088   0.02246   0.00447   0.01836   0.03195   0.07562   0.11909   0.27745   0.07988   0.29925   0.12833   0.05644   0.20376   0.02596   0.20379   0.09212   0.01717   0.05229   0.03806   0.04926   0.12075   0.05245   0.44753   0.32066   0.04276   0.05808   0.19741   0.02321   0.06729   0.09002   0.01180   0.09698   0.10288   0.05491   0.00617   0.06887   0.00116   0.00237   0.04424   0.00898   0.01717   0.00228   0.00861   0.01289   0.02692   0.03889   0.01722   0.01341   0.02904   0.02582   0.00436   0.02475   0.00900   0.04180   0.02642   6.55925   0.37209   1.44143   1.41346   0.20681  
110  0.0005  16419.359045  x:  0.03295   0.01072   0.00135   0.01347   0.00834   0.00480   0.00846   0.00709   0.01088   0.02245   0.00446   0.01835   0.03195   0.07562   0.11905   0.27739   0.07991   0.29923   0.12834   0.05642   0.20376   0.02598   0.20380   0.09214   0.01717   0.05228   0.03805   0.04928   0.12072   0.05246   0.44745   0.32067   0.04276   0.05807   0.19746   0.02323   0.06728   0.09004   0.01179   0.09698   0.10288   0.05492   0.00616   0.06887   0.00115   0.00238   0.04423   0.00899   0.01716   0.00228   0.00862   0.01290   0.02692   0.03888   0.01722   0.01341   0.02903   0.02581   0.00436   0.02477   0.00900   0.04180   0.02643   6.55915   0.37196   1.44128   1.41267   0.20684  
111  0.0005  16419.359009  x:  0.03295   0.01073   0.00135   0.01347   0.00834   0.00480   0.00845   0.00709   0.01088   0.02245   0.00446   0.01836   0.03195   0.07562   0.11901   0.27739   0.07993   0.29923   0.12835   0.05642   0.20376   0.02598   0.20384   0.09213   0.01717   0.05228   0.03804   0.04927   0.12071   0.05247   0.44743   0.32069   0.04276   0.05807   0.19746   0.02322   0.06730   0.09003   0.01180   0.09696   0.10289   0.05494   0.00617   0.06886   0.00115   0.00238   0.04423   0.00899   0.01717   0.00228   0.00862   0.01290   0.02692   0.03887   0.01722   0.01341   0.02903   0.02582   0.00435   0.02477   0.00900   0.04180   0.02643   6.55938   0.37190   1.44120   1.41226   0.20684  
112  0.0004  16419.358995  x:  0.03296   0.01073   0.00134   0.01347   0.00834   0.00480   0.00846   0.00709   0.01088   0.02246   0.00446   0.01836   0.03195   0.07562   0.11900   0.27740   0.07994   0.29924   0.12834   0.05643   0.20375   0.02599   0.20386   0.09212   0.01717   0.05228   0.03804   0.04927   0.12072   0.05248   0.44745   0.32068   0.04275   0.05808   0.19745   0.02322   0.06730   0.09003   0.01181   0.09695   0.10288   0.05495   0.00617   0.06887   0.00115   0.00238   0.04423   0.00900   0.01717   0.00228   0.00862   0.01290   0.02692   0.03887   0.01722   0.01341   0.02903   0.02582   0.00435   0.02476   0.00900   0.04179   0.02643   6.55972   0.37188   1.44125   1.41215   0.20683  
113  0.0002  16419.358990  x:  0.03296   0.01073   0.00134   0.01347   0.00834   0.00481   0.00846   0.00709   0.01088   0.02245   0.00446   0.01836   0.03195   0.07562   0.11901   0.27741   0.07995   0.29924   0.12834   0.05643   0.20375   0.02600   0.20385   0.09212   0.01717   0.05228   0.03804   0.04927   0.12072   0.05248   0.44746   0.32067   0.04276   0.05807   0.19745   0.02323   0.06729   0.09003   0.01181   0.09695   0.10288   0.05496   0.00617   0.06886   0.00115   0.00238   0.04423   0.00900   0.01717   0.00228   0.00862   0.01289   0.02692   0.03888   0.01722   0.01341   0.02903   0.02582   0.00436   0.02476   0.00900   0.04179   0.02643   6.55991   0.37187   1.44128   1.41216   0.20683  
114  0.0001  16419.358988  x:  0.03296   0.01074   0.00134   0.01347   0.00834   0.00481   0.00845   0.00709   0.01088   0.02245   0.00446   0.01836   0.03195   0.07562   0.11902   0.27741   0.07995   0.29924   0.12834   0.05643   0.20375   0.02600   0.20384   0.09212   0.01717   0.05228   0.03804   0.04927   0.12071   0.05249   0.44745   0.32068   0.04276   0.05807   0.19745   0.02323   0.06729   0.09003   0.01181   0.09696   0.10289   0.05496   0.00617   0.06887   0.00115   0.00238   0.04423   0.00900   0.01717   0.00228   0.00862   0.01289   0.02692   0.03887   0.01722   0.01341   0.02903   0.02582   0.00435   0.02477   0.00900   0.04179   0.02643   6.55994   0.37188   1.44126   1.41217   0.20683  
115  0.0000  16419.358987  x:  0.03296   0.01074   0.00134   0.01347   0.00834   0.00481   0.00846   0.00709   0.01088   0.02245   0.00446   0.01836   0.03195   0.07562   0.11901   0.27741   0.07994   0.29924   0.12834   0.05642   0.20376   0.02600   0.20384   0.09212   0.01717   0.05228   0.03804   0.04927   0.12071   0.05249   0.44744   0.32068   0.04276   0.05807   0.19745   0.02323   0.06729   0.09003   0.01181   0.09696   0.10288   0.05496   0.00617   0.06886   0.00115   0.00238   0.04423   0.00900   0.01717   0.00228   0.00862   0.01289   0.02692   0.03887   0.01722   0.01341   0.02903   0.02582   0.00435   0.02476   0.00900   0.04179   0.02643   6.55988   0.37188   1.44125   1.41216   0.20683  
116  0.0000  16419.358986  x:  0.03295   0.01074   0.00135   0.01347   0.00834   0.00481   0.00845   0.00709   0.01088   0.02245   0.00445   0.01836   0.03195   0.07562   0.11901   0.27740   0.07994   0.29924   0.12834   0.05643   0.20375   0.02601   0.20384   0.09212   0.01717   0.05228   0.03804   0.04927   0.12071   0.05248   0.44745   0.32068   0.04276   0.05807   0.19745   0.02322   0.06729   0.09003   0.01181   0.09696   0.10288   0.05496   0.00617   0.06887   0.00115   0.00238   0.04423   0.00900   0.01717   0.00228   0.00862   0.01289   0.02692   0.03888   0.01722   0.01341   0.02903   0.02582   0.00435   0.02477   0.00900   0.04179   0.02643   6.55971   0.37189   1.44119   1.41214   0.20683  
117  0.0001  16419.358983  x:  0.03296   0.01074   0.00135   0.01347   0.00834   0.00481   0.00846   0.00709   0.01088   0.02245   0.00445   0.01836   0.03195   0.07562   0.11901   0.27740   0.07993   0.29924   0.12834   0.05642   0.20375   0.02601   0.20385   0.09212   0.01717   0.05228   0.03804   0.04927   0.12071   0.05249   0.44746   0.32067   0.04276   0.05807   0.19744   0.02323   0.06729   0.09003   0.01180   0.09695   0.10288   0.05495   0.00617   0.06886   0.00115   0.00238   0.04423   0.00900   0.01717   0.00228   0.00862   0.01289   0.02692   0.03887   0.01722   0.01341   0.02903   0.02582   0.00435   0.02477   0.00900   0.04179   0.02643   6.55964   0.37189   1.44119   1.41216   0.20683  
118  0.0000  16419.358981  x:  0.03296   0.01073   0.00134   0.01347   0.00834   0.00481   0.00845   0.00709   0.01088   0.02245   0.00445   0.01836   0.03195   0.07562   0.11901   0.27741   0.07993   0.29924   0.12834   0.05642   0.20375   0.02601   0.20384   0.09212   0.01717   0.05228   0.03804   0.04927   0.12071   0.05249   0.44745   0.32067   0.04276   0.05807   0.19745   0.02323   0.06729   0.09003   0.01180   0.09696   0.10289   0.05495   0.00617   0.06887   0.00115   0.00238   0.04423   0.00900   0.01717   0.00228   0.00862   0.01289   0.02692   0.03887   0.01722   0.01341   0.02903   0.02582   0.00435   0.02477   0.00900   0.04179   0.02643   6.55980   0.37188   1.44126   1.41216   0.20683  
119  0.0001  16419.358979  x:  0.03296   0.01073   0.00134   0.01347   0.00834   0.00481   0.00845   0.00709   0.01088   0.02245   0.00446   0.01836   0.03195   0.07562   0.11901   0.27741   0.07993   0.29924   0.12834   0.05643   0.20376   0.02601   0.20384   0.09212   0.01717   0.05228   0.03804   0.04927   0.12071   0.05249   0.44744   0.32068   0.04276   0.05807   0.19745   0.02323   0.06729   0.09003   0.01181   0.09696   0.10289   0.05495   0.00617   0.06887   0.00115   0.00238   0.04423   0.00901   0.01717   0.00228   0.00862   0.01289   0.02692   0.03887   0.01722   0.01341   0.02903   0.02582   0.00435   0.02477   0.00900   0.04179   0.02643   6.55990   0.37187   1.44126   1.41216   0.20683  
120  0.0000  16419.358979  x:  0.03296   0.01073   0.00134   0.01347   0.00834   0.00481   0.00845   0.00709   0.01088   0.02245   0.00446   0.01836   0.03195   0.07562   0.11902   0.27741   0.07993   0.29924   0.12834   0.05643   0.20375   0.02601   0.20384   0.09212   0.01717   0.05228   0.03804   0.04927   0.12071   0.05249   0.44745   0.32068   0.04276   0.05807   0.19745   0.02323   0.06729   0.09003   0.01181   0.09696   0.10289   0.05496   0.00617   0.06887   0.00115   0.00238   0.04423   0.00901   0.01717   0.00228   0.00862   0.01289   0.02692   0.03887   0.01722   0.01341   0.02903   0.02582   0.00434   0.02477   0.00900   0.04179   0.02643   6.55992   0.37188   1.44127   1.41216   0.20683  
121  0.0000  16419.358978  x:  0.03296   0.01074   0.00134   0.01347   0.00834   0.00481   0.00845   0.00709   0.01088   0.02245   0.00446   0.01836   0.03195   0.07562   0.11901   0.27741   0.07994   0.29924   0.12834   0.05643   0.20375   0.02600   0.20384   0.09212   0.01717   0.05228   0.03804   0.04927   0.12071   0.05249   0.44745   0.32067   0.04276   0.05807   0.19745   0.02323   0.06729   0.09003   0.01181   0.09696   0.10288   0.05496   0.00617   0.06887   0.00115   0.00238   0.04423   0.00901   0.01717   0.00228   0.00862   0.01289   0.02692   0.03887   0.01722   0.01341   0.02903   0.02582   0.00434   0.02477   0.00900   0.04179   0.02643   6.55987   0.37188   1.44127   1.41218   0.20683  
122  0.0000  16419.358978  x:  0.03296   0.01074   0.00134   0.01347   0.00834   0.00481   0.00845   0.00709   0.01088   0.02245   0.00446   0.01836   0.03195   0.07562   0.11901   0.27741   0.07994   0.29924   0.12834   0.05643   0.20375   0.02600   0.20384   0.09212   0.01717   0.05228   0.03804   0.04927   0.12071   0.05249   0.44745   0.32068   0.04276   0.05807   0.19745   0.02323   0.06729   0.09003   0.01181   0.09696   0.10289   0.05496   0.00617   0.06887   0.00115   0.00238   0.04423   0.00901   0.01717   0.00228   0.00862   0.01289   0.02692   0.03887   0.01722   0.01341   0.02903   0.02582   0.00434   0.02477   0.00900   0.04179   0.02643   6.55984   0.37188   1.44125   1.41218   0.20683  
123  0.0000  16419.358978  x:  0.03296   0.01074   0.00134   0.01347   0.00834   0.00481   0.00845   0.00709   0.01088   0.02245   0.00446   0.01836   0.03195   0.07562   0.11901   0.27741   0.07994   0.29924   0.12834   0.05643   0.20375   0.02600   0.20384   0.09212   0.01717   0.05228   0.03804   0.04927   0.12071   0.05249   0.44745   0.32068   0.04276   0.05807   0.19745   0.02323   0.06729   0.09003   0.01181   0.09696   0.10289   0.05496   0.00617   0.06887   0.00115   0.00238   0.04423   0.00901   0.01717   0.00228   0.00862   0.01289   0.02692   0.03887   0.01722   0.01341   0.02903   0.02582   0.00434   0.02477   0.00900   0.04179   0.02643   6.55984   0.37188   1.44125   1.41217   0.20683  
124  0.0000  16419.358978  x:  0.03296   0.01074   0.00134   0.01347   0.00834   0.00481   0.00845   0.00709   0.01088   0.02245   0.00446   0.01836   0.03195   0.07562   0.11901   0.27741   0.07994   0.29924   0.12834   0.05643   0.20375   0.02600   0.20384   0.09212   0.01717   0.05228   0.03804   0.04927   0.12071   0.05249   0.44745   0.32068   0.04276   0.05807   0.19745   0.02323   0.06729   0.09003   0.01181   0.09696   0.10289   0.05496   0.00617   0.06887   0.00115   0.00238   0.04423   0.00901   0.01717   0.00228   0.00862   0.01289   0.02692   0.03887   0.01722   0.01341   0.02903   0.02582   0.00434   0.02477   0.00900   0.04179   0.02643   6.55984   0.37188   1.44126   1.41217   0.20683  
125  0.0000  16419.358978  x:  0.03296   0.01074   0.00134   0.01347   0.00834   0.00481   0.00845   0.00709   0.01088   0.02245   0.00446   0.01836   0.03195   0.07562   0.11901   0.27741   0.07994   0.29924   0.12834   0.05643   0.20375   0.02600   0.20384   0.09212   0.01717   0.05228   0.03804   0.04927   0.12071   0.05249   0.44745   0.32068   0.04276   0.05807   0.19745   0.02323   0.06729   0.09003   0.01181   0.09696   0.10289   0.05496   0.00617   0.06887   0.00115   0.00238   0.04423   0.00901   0.01717   0.00228   0.00862   0.01289   0.02692   0.03887   0.01722   0.01341   0.02903   0.02582   0.00434   0.02477   0.00900   0.04179   0.02643   6.55984   0.37188   1.44125   1.41217   0.20683  
126  0.0000  16419.358978  x:  0.03296   0.01074   0.00134   0.01347   0.00834   0.00481   0.00845   0.00709   0.01088   0.02245   0.00446   0.01836   0.03195   0.07562   0.11901   0.27741   0.07994   0.29924   0.12834   0.05643   0.20375   0.02600   0.20384   0.09212   0.01717   0.05228   0.03804   0.04927   0.12071   0.05249   0.44745   0.32068   0.04276   0.05807   0.19745   0.02323   0.06729   0.09003   0.01181   0.09696   0.10289   0.05496   0.00617   0.06887   0.00115   0.00238   0.04423   0.00901   0.01717   0.00228   0.00862   0.01289   0.02692   0.03887   0.01722   0.01341   0.02903   0.02582   0.00434   0.02477   0.00900   0.04179   0.02643   6.55985   0.37188   1.44126   1.41217   0.20683  