Supplemental results for CODEML (seqf: ../TAS1R3_DNA_alignment.fa  treef: TAS1R3_ML.raxml.bestTree)

I	J	ij	2Ns_IJ	pMut_IJ	pSub_IJ	2Ns_JI	pMut_JI	pSub_JI

TTC	TTT	CT	-0.63618	0.10445	0.07472	0.63618	0.05528	0.07472	0.07472	0.07472
TTA	TTT	AT	3.79878	0.00019	0.00072	-3.79878	0.00827	0.00072	0.00072	0.00072
TTA	TTC	AC	4.43497	0.00072	0.00322	-4.43497	0.06059	0.00322	0.00322	0.00322
TTG	TTT	GT	1.22275	0.00172	0.00298	-1.22275	0.00584	0.00298	0.00298	0.00298
TTG	TTC	GC	1.85893	0.00667	0.01469	-1.85893	0.04280	0.01469	0.01469	0.01469
TTG	TTA	GA	-2.57603	0.04289	0.00910	2.57603	0.00326	0.00910	0.00910	0.00910
TCT	TTT	CT	2.00287	0.00746	0.01727	-2.00287	0.05528	0.01727	0.01727	0.01727
TCC	TTC	CT	2.51097	0.03288	0.08985	-2.51097	0.40496	0.08985	0.08985	0.08985
TCC	TCT	CT	-0.12809	0.03288	0.03082	0.12809	0.02893	0.03082	0.03082	0.03082
TCA	TTA	CT	-1.24229	0.01631	0.00822	1.24229	0.00471	0.00822	0.00822	0.00822
TCA	TCT	AT	0.55362	0.00249	0.00324	-0.55362	0.00433	0.00324	0.00324	0.00324
TCA	TCC	AC	0.68171	0.00965	0.01330	-0.68171	0.01907	0.01330	0.01330	0.01330
TCG	TTG	CT	0.66195	0.02256	0.03084	-0.66195	0.04372	0.03084	0.03084	0.03084
TCG	TCT	GT	-0.11817	0.00344	0.00324	0.11817	0.00306	0.00324	0.00324	0.00324
TCG	TCC	GC	0.00992	0.01334	0.01341	-0.00992	0.01347	0.01341	0.01341	0.01341
TCG	TCA	GA	-0.67179	0.08577	0.06016	0.67179	0.04381	0.06016	0.06016	0.06016
TAT	TTT	AT	1.93803	0.00119	0.00270	-1.93803	0.00827	0.00270	0.00270	0.00270
TAT	TCT	AC	-0.06484	0.00462	0.00447	0.06484	0.00433	0.00447	0.00447	0.00447
TAC	TTC	AT	2.11557	0.00730	0.01757	-2.11557	0.06059	0.01757	0.01757	0.01757
TAC	TCC	AC	-0.39539	0.02832	0.02309	0.39539	0.01907	0.02309	0.02309	0.02309
TAC	TAT	CT	-0.45864	0.04789	0.03774	0.45864	0.03027	0.03774	0.03774	0.03774
TGT	TTT	GT	1.28626	0.00161	0.00287	-1.28626	0.00584	0.00287	0.00287	0.00287
TGT	TCT	GC	-0.71661	0.00626	0.00428	0.71661	0.00306	0.00428	0.00428	0.00428
TGT	TAT	GA	-0.65177	0.04025	0.02855	0.65177	0.02097	0.02855	0.02855	0.02855
TGC	TTC	GT	1.27143	0.01200	0.02121	-1.27143	0.04280	0.02121	0.02121	0.02121
TGC	TCC	GC	-1.23954	0.04654	0.02351	1.23954	0.01347	0.02351	0.02351	0.02351
TGC	TAC	GA	-0.84415	0.29921	0.19048	0.84415	0.12864	0.19048	0.19048	0.19048
TGC	TGT	CT	-0.65102	0.07868	0.05583	0.65102	0.04103	0.05583	0.05583	0.05583
TGG	TTG	GT	-0.65009	0.00885	0.00629	0.65009	0.00462	0.00629	0.00629	0.00629
TGG	TCG	GC	-1.31204	0.03433	0.01660	1.31204	0.00924	0.01660	0.01660	0.01660
TGG	TGT	GT	-0.71360	0.00885	0.00607	0.71360	0.00434	0.00607	0.00607	0.00607
TGG	TGC	GC	-0.06258	0.03433	0.03326	0.06258	0.03224	0.03326	0.03326	0.03326
CTT	TTT	CT	1.32507	0.01469	0.02652	-1.32507	0.05528	0.02652	0.02652	0.02652
CTC	TTC	CT	1.60156	0.08163	0.16375	-1.60156	0.40496	0.16375	0.16375	0.16375
CTC	CTT	CT	-0.35969	0.08163	0.06783	0.35969	0.05697	0.06783	0.06783	0.06783
CTA	TTA	CT	-1.00306	0.01284	0.00746	1.00306	0.00471	0.00746	0.00746	0.00746
CTA	CTT	AT	1.47066	0.00196	0.00374	-1.47066	0.00852	0.00374	0.00374	0.00374
CTA	CTC	AC	1.83035	0.00759	0.01655	-1.83035	0.04735	0.01655	0.01655	0.01655
CTG	TTG	CT	-1.71866	0.24386	0.09157	1.71866	0.04372	0.09157	0.09157	0.09157
CTG	CTT	GT	-1.82098	0.03720	0.01308	1.82098	0.00602	0.01308	0.01308	0.01308
CTG	CTC	GC	-1.46129	0.14423	0.06364	1.46129	0.03345	0.06364	0.06364	0.06364
CTG	CTA	GA	-3.29164	0.92732	0.11791	3.29164	0.03449	0.11791	0.11791	0.11791
CCT	TCT	CT	0.28002	0.02186	0.02506	-0.28002	0.02893	0.02506	0.02506	0.02506
CCT	CTT	CT	0.95782	0.02186	0.03398	-0.95782	0.05697	0.03398	0.03398	0.03398
CCC	TCC	CT	0.59068	0.07061	0.09351	-0.59068	0.12747	0.09351	0.09351	0.09351
CCC	CTC	CT	1.50008	0.07061	0.13635	-1.50008	0.31650	0.13635	0.13635	0.13635
CCC	CCT	CT	0.18257	0.07061	0.07726	-0.18257	0.08476	0.07726	0.07726	0.07726
CCA	TCA	CT	1.03858	0.02238	0.03598	-1.03858	0.06323	0.03598	0.03598	0.03598
CCA	CTA	CT	0.79935	0.02238	0.03251	-0.79935	0.04978	0.03251	0.03251	0.03251
CCA	CCT	AT	1.31219	0.00341	0.00613	-1.31219	0.01268	0.00613	0.00613	0.00613
CCA	CCC	AC	1.12962	0.01324	0.02209	-1.12962	0.04096	0.02209	0.02209	0.02209
CCG	TCG	CT	1.17278	0.02707	0.04597	-1.17278	0.08745	0.04597	0.04597	0.04597
CCG	CTG	CT	3.55339	0.02707	0.09901	-3.55339	0.94546	0.09901	0.09901	0.09901
CCG	CCT	GT	0.77459	0.00413	0.00593	-0.77459	0.00896	0.00593	0.00593	0.00593
CCG	CCC	GC	0.59202	0.01601	0.02121	-0.59202	0.02894	0.02121	0.02121	0.02121
CCG	CCA	GA	-0.53760	0.10293	0.07773	0.53760	0.06012	0.07773	0.07773	0.07773
CAT	TAT	CT	1.44819	0.00711	0.01347	-1.44819	0.03027	0.01347	0.01347	0.01347
CAT	CTT	AT	2.06115	0.00109	0.00256	-2.06115	0.00852	0.00256	0.00256	0.00256
CAT	CCT	AC	1.10333	0.00421	0.00695	-1.10333	0.01268	0.00695	0.00695	0.00695
CAC	TAC	CT	1.17489	0.05734	0.09748	-1.17489	0.18566	0.09748	0.09748	0.09748
CAC	CTC	AT	1.68891	0.00875	0.01812	-1.68891	0.04735	0.01812	0.01812	0.01812
CAC	CCC	AC	0.18883	0.03391	0.03722	-0.18883	0.04096	0.03722	0.03722	0.03722
CAC	CAT	CT	-0.73194	0.05734	0.03889	0.73194	0.02758	0.03889	0.03889	0.03889
CAA	CTA	AT	2.08444	0.00093	0.00221	-2.08444	0.00745	0.00221	0.00221	0.00221
CAA	CCA	AC	1.28508	0.00359	0.00638	-1.28508	0.01298	0.00638	0.00638	0.00638
CAA	CAT	AT	1.49394	0.00093	0.00178	-1.49394	0.00413	0.00178	0.00178	0.00178
CAA	CAC	AC	2.22588	0.00359	0.00896	-2.22588	0.03326	0.00896	0.00896	0.00896
CAG	CTG	AT	2.08634	0.01756	0.04183	-2.08634	0.14146	0.04183	0.04183	0.04183
CAG	CCG	AC	-1.46705	0.06809	0.02994	1.46705	0.01570	0.02994	0.02994	0.02994
CAG	CAT	GT	-1.79579	0.01756	0.00628	1.79579	0.00292	0.00628	0.00628	0.00628
CAG	CAC	GC	-1.06386	0.06809	0.03817	1.06386	0.02350	0.03817	0.03817	0.03817
CAG	CAA	GA	-3.28974	0.43776	0.05574	3.28974	0.01631	0.05574	0.05574	0.05574
CGT	TGT	CT	1.18931	0.01249	0.02136	-1.18931	0.04103	0.02136	0.02136	0.02136
CGT	CTT	GT	1.15050	0.00191	0.00321	-1.15050	0.00602	0.00321	0.00321	0.00321
CGT	CCT	GC	0.19268	0.00739	0.00812	-0.19268	0.00896	0.00812	0.00812	0.00812
CGT	CAT	GA	-0.91065	0.04750	0.02911	0.91065	0.01911	0.02911	0.02911	0.02911
CGC	TGC	CT	1.79192	0.05084	0.10931	-1.79192	0.30506	0.10931	0.10931	0.10931
CGC	CTC	GT	1.46179	0.00775	0.01476	-1.46179	0.03345	0.01476	0.01476	0.01476
CGC	CCC	GC	-0.03830	0.03007	0.02949	0.03830	0.02894	0.02949	0.02949	0.02949
CGC	CAC	GA	-0.22712	0.19331	0.17219	0.22712	0.15404	0.17219	0.17219	0.17219
CGC	CGT	CT	-0.04841	0.05084	0.04962	0.04841	0.04843	0.04962	0.04962	0.04962
CGA	CTA	GT	2.03413	0.00069	0.00161	-2.03413	0.00526	0.00161	0.00161	0.00161
CGA	CCA	GC	1.23478	0.00267	0.00465	-1.23478	0.00917	0.00465	0.00465	0.00465
CGA	CAA	GA	-0.05030	0.01715	0.01673	0.05030	0.01631	0.01673	0.01673	0.01673
CGA	CGT	AT	2.35429	0.00069	0.00179	-2.35429	0.00725	0.00179	0.00179	0.00179
CGA	CGC	AC	2.40270	0.00267	0.00705	-2.40270	0.02949	0.00705	0.00705	0.00705
CGG	TGG	CT	1.65431	0.04303	0.08801	-1.65431	0.22501	0.08801	0.08801	0.08801
CGG	CTG	GT	2.72288	0.00656	0.01913	-2.72288	0.09993	0.01913	0.01913	0.01913
CGG	CCG	GC	-0.83051	0.02545	0.01633	0.83051	0.01109	0.01633	0.01633	0.01633
CGG	CAG	GA	0.63655	0.16362	0.22119	-0.63655	0.30924	0.22119	0.22119	0.22119
CGG	CGT	GT	-0.24860	0.00656	0.00578	0.24860	0.00512	0.00578	0.00578	0.00578
CGG	CGC	GC	-0.20019	0.02545	0.02299	0.20019	0.02083	0.02299	0.02299	0.02299
CGG	CGA	GA	-2.60289	0.16362	0.03406	2.60289	0.01212	0.03406	0.03406	0.03406
ATT	TTT	AT	2.27670	0.00085	0.00215	-2.27670	0.00827	0.00215	0.00215	0.00215
ATT	CTT	AC	0.95163	0.00329	0.00510	-0.95163	0.00852	0.00510	0.00510	0.00510
ATC	TTC	AT	2.45024	0.00523	0.01402	-2.45024	0.06059	0.01402	0.01402	0.01402
ATC	CTC	AC	0.84868	0.02027	0.03007	-0.84868	0.04735	0.03007	0.03007	0.03007
ATC	ATT	CT	-0.46265	0.03427	0.02695	0.46265	0.02157	0.02695	0.02695	0.02695
ATA	TTA	AT	0.64257	0.00037	0.00050	-0.64257	0.00070	0.00050	0.00050	0.00050
ATA	CTA	AC	1.64563	0.00144	0.00293	-1.64563	0.00745	0.00293	0.00293	0.00293
ATA	ATT	AT	2.16465	0.00037	0.00091	-2.16465	0.00323	0.00091	0.00091	0.00091
ATA	ATC	AC	2.62730	0.00144	0.00407	-2.62730	0.01988	0.00407	0.00407	0.00407
ATG	TTG	AT	-0.16322	0.00770	0.00709	0.16322	0.00654	0.00709	0.00709	0.00709
ATG	CTG	AC	1.55544	0.02986	0.05888	-1.55544	0.14146	0.05888	0.05888	0.05888
ATG	ATT	GT	-1.21717	0.00770	0.00394	1.21717	0.00228	0.00394	0.00394	0.00394
ATG	ATC	GC	-0.75452	0.02986	0.02000	0.75452	0.01404	0.02000	0.02000	0.02000
ATG	ATA	GA	-3.38182	0.19200	0.02284	3.38182	0.00653	0.02284	0.02284	0.02284
ACT	TCT	AT	1.64693	0.00083	0.00170	-1.64693	0.00433	0.00170	0.00170	0.00170
ACT	CCT	AC	1.36691	0.00323	0.00593	-1.36691	0.01268	0.00593	0.00593	0.00593
ACT	ATT	CT	1.37310	0.00547	0.01005	-1.37310	0.02157	0.01005	0.01005	0.01005
ACC	TCC	AT	1.03298	0.00679	0.01089	-1.03298	0.01907	0.01089	0.01089	0.01089
ACC	CCC	AC	0.44230	0.02632	0.03257	-0.44230	0.04096	0.03257	0.03257	0.03257
ACC	ATC	CT	1.09371	0.04450	0.07319	-1.09371	0.13286	0.07319	0.07319	0.07319
ACC	ACT	CT	-0.74204	0.04450	0.03002	0.74204	0.02119	0.03002	0.03002	0.03002
ACA	TCA	AT	0.90228	0.00384	0.00583	-0.90228	0.00946	0.00583	0.00583	0.00583
ACA	CCA	AC	-0.13630	0.01488	0.01389	0.13630	0.01298	0.01389	0.01389	0.01389
ACA	ATA	CT	-0.98258	0.02516	0.01479	0.98258	0.00942	0.01479	0.01479	0.01479
ACA	ACT	AT	-0.19103	0.00384	0.00348	0.19103	0.00317	0.00348	0.00348	0.00348
ACA	ACC	AC	0.55101	0.01488	0.01935	-0.55101	0.02582	0.01935	0.01935	0.01935
ACG	TCG	AT	1.08826	0.00441	0.00723	-1.08826	0.01308	0.00723	0.00723	0.00723
ACG	CCG	AC	-0.08452	0.01709	0.01637	0.08452	0.01570	0.01637	0.01637	0.01637
ACG	ATG	CT	1.91343	0.02889	0.06484	-1.91343	0.19575	0.06484	0.06484	0.06484
ACG	ACT	GT	-0.67684	0.00441	0.00308	0.67684	0.00224	0.00308	0.00308	0.00308
ACG	ACC	GC	0.06520	0.01709	0.01765	-0.06520	0.01824	0.01765	0.01765	0.01765
ACG	ACA	GA	-0.48582	0.10985	0.08532	0.48582	0.06758	0.08532	0.08532	0.08532
AAT	TAT	AT	1.15340	0.00143	0.00241	-1.15340	0.00453	0.00241	0.00241	0.00241
AAT	CAT	AC	-0.29479	0.00554	0.00476	0.29479	0.00413	0.00476	0.00476	0.00476
AAT	ATT	AT	0.81473	0.00143	0.00209	-0.81473	0.00323	0.00209	0.00209	0.00209
AAT	ACT	AC	-0.55838	0.00554	0.00414	0.55838	0.00317	0.00414	0.00414	0.00414
AAC	TAC	AT	1.14348	0.00885	0.01486	-1.14348	0.02778	0.01486	0.01486	0.01486
AAC	CAC	AC	-0.03141	0.03433	0.03379	0.03141	0.03326	0.03379	0.03379	0.03379
AAC	ATC	AT	0.80882	0.00885	0.01291	-0.80882	0.01988	0.01291	0.01291	0.01291
AAC	ACC	AC	-0.28489	0.03433	0.02967	0.28489	0.02582	0.02967	0.02967	0.02967
AAC	AAT	CT	-0.46855	0.05804	0.04550	0.46855	0.03633	0.04550	0.04550	0.04550
AAA	CAA	AC	0.07023	0.00328	0.00340	-0.07023	0.00352	0.00340	0.00340	0.00340
AAA	ATA	AT	0.50904	0.00085	0.00108	-0.50904	0.00141	0.00108	0.00108	0.00108
AAA	ACA	AC	1.49162	0.00328	0.00632	-1.49162	0.01459	0.00632	0.00632	0.00632
AAA	AAT	AT	1.85897	0.00085	0.00187	-1.85897	0.00543	0.00187	0.00187	0.00187
AAA	AAC	AC	2.32752	0.00328	0.00847	-2.32752	0.03367	0.00847	0.00847	0.00847
AAG	CAG	AC	0.98715	0.02488	0.03916	-0.98715	0.06678	0.03916	0.03916	0.03916
AAG	ATG	AT	1.51804	0.00642	0.01248	-1.51804	0.02929	0.01248	0.01248	0.01248
AAG	ACG	AC	-0.39539	0.02488	0.02029	0.39539	0.01676	0.02029	0.02029	0.02029
AAG	AAT	GT	-0.51385	0.00642	0.00491	0.51385	0.00384	0.00491	0.00491	0.00491
AAG	AAC	GC	-0.04530	0.02488	0.02433	0.04530	0.02378	0.02433	0.02433	0.02433
AAG	AAA	GA	-2.37282	0.16000	0.03903	2.37282	0.01491	0.03903	0.03903	0.03903
AGT	TGT	AT	1.33572	0.00161	0.00293	-1.33572	0.00614	0.00293	0.00293	0.00293
AGT	CGT	AC	0.14641	0.00626	0.00673	-0.14641	0.00725	0.00673	0.00673	0.00673
AGT	ATT	GT	0.34528	0.00161	0.00191	-0.34528	0.00228	0.00191	0.00191	0.00191
AGT	ACT	GC	-1.02782	0.00626	0.00358	1.02782	0.00224	0.00358	0.00358	0.00358
AGT	AAT	GA	-0.46944	0.04025	0.03154	0.46944	0.02517	0.03154	0.03154	0.03154
AGC	TGC	AT	1.15745	0.01435	0.02421	-1.15745	0.04564	0.02421	0.02421	0.02421
AGC	CGC	AC	-0.63447	0.05562	0.03983	0.63447	0.02949	0.03983	0.03983	0.03983
AGC	ATC	GT	-0.02136	0.01435	0.01419	0.02136	0.01404	0.01419	0.01419	0.01419
AGC	ACC	GC	-1.11507	0.05562	0.03026	1.11507	0.01824	0.03026	0.03026	0.03026
AGC	AAC	GA	-0.83018	0.35760	0.22947	0.83018	0.15590	0.22947	0.22947	0.22947
AGC	AGT	CT	-0.82929	0.09404	0.06037	0.82929	0.04103	0.06037	0.06037	0.06037
AGA	CGA	AC	0.98742	0.00097	0.00153	-0.98742	0.00262	0.00153	0.00153	0.00153
AGA	ATA	GT	1.37593	0.00025	0.00046	-1.37593	0.00100	0.00046	0.00046	0.00046
AGA	ACA	GC	2.35851	0.00097	0.00254	-2.35851	0.01031	0.00254	0.00254	0.00254
AGA	AAA	GA	0.86689	0.00627	0.00937	-0.86689	0.01491	0.00937	0.00937	0.00937
AGA	AGT	AT	3.19530	0.00025	0.00084	-3.19530	0.00614	0.00084	0.00084	0.00084
AGA	AGC	AC	4.02459	0.00097	0.00399	-4.02459	0.05455	0.00399	0.00399	0.00399
AGG	TGG	AT	2.15453	0.00390	0.00951	-2.15453	0.03367	0.00951	0.00951	0.00951
AGG	CGG	AC	0.50022	0.01514	0.01924	-0.50022	0.02496	0.01924	0.01924	0.01924
AGG	ATG	GT	1.66766	0.00390	0.00802	-1.66766	0.02069	0.00802	0.00802	0.00802
AGG	ACG	GC	-0.24577	0.01514	0.01335	0.24577	0.01184	0.01335	0.01335	0.01335
AGG	AAG	GA	0.14962	0.09732	0.10478	-0.14962	0.11302	0.10478	0.10478	0.10478
AGG	AGT	GT	0.10521	0.00390	0.00411	-0.10521	0.00434	0.00411	0.00411	0.00411
AGG	AGC	GC	0.93450	0.01514	0.02329	-0.93450	0.03854	0.02329	0.02329	0.02329
AGG	AGA	GA	-3.09009	0.09732	0.01433	3.09009	0.00443	0.01433	0.01433	0.01433
GTT	TTT	GT	2.25939	0.00061	0.00154	-2.25939	0.00584	0.00154	0.00154	0.00154
GTT	CTT	GC	0.93432	0.00237	0.00364	-0.93432	0.00602	0.00364	0.00364	0.00364
GTT	ATT	GA	-0.01731	0.01521	0.01508	0.01731	0.01495	0.01508	0.01508	0.01508
GTC	TTC	GT	2.03183	0.00561	0.01312	-2.03183	0.04280	0.01312	0.01312	0.01312
GTC	CTC	GC	0.43027	0.02175	0.02677	-0.43027	0.03345	0.02677	0.02677	0.02677
GTC	ATC	GA	-0.41840	0.13987	0.11265	0.41840	0.09205	0.11265	0.11265	0.11265
GTC	GTT	CT	-0.86374	0.03678	0.02316	0.86374	0.01551	0.02316	0.02316	0.02316
GTA	TTA	GT	-0.22293	0.00062	0.00056	0.22293	0.00050	0.00056	0.00056	0.00056
GTA	CTA	GC	0.78013	0.00241	0.00347	-0.78013	0.00526	0.00347	0.00347	0.00347
GTA	ATA	GA	-0.86550	0.01550	0.00975	0.86550	0.00653	0.00975	0.00975	0.00975
GTA	GTT	AT	1.31647	0.00062	0.00112	-1.31647	0.00232	0.00112	0.00112	0.00112
GTA	GTC	AC	2.18021	0.00241	0.00593	-2.18021	0.02134	0.00593	0.00593	0.00593
GTG	TTG	GT	-1.58679	0.02259	0.00922	1.58679	0.00462	0.00922	0.00922	0.00922
GTG	CTG	GC	0.13187	0.08758	0.09348	-0.13187	0.09993	0.09348	0.09348	0.09348
GTG	ATG	GA	-1.42358	0.56312	0.25433	1.42358	0.13563	0.25433	0.25433	0.25433
GTG	GTT	GT	-2.62343	0.02259	0.00464	2.62343	0.00164	0.00464	0.00464	0.00464
GTG	GTC	GC	-1.75970	0.08758	0.03204	1.75970	0.01507	0.03204	0.03204	0.03204
GTG	GTA	GA	-3.93990	0.56312	0.04401	3.93990	0.01095	0.04401	0.04401	0.04401
GCT	TCT	GT	-0.44359	0.00476	0.00379	0.44359	0.00306	0.00379	0.00379	0.00379
GCT	CCT	GC	-0.72361	0.01847	0.01259	0.72361	0.00896	0.01259	0.01259	0.01259
GCT	ACT	GA	-2.09052	0.11876	0.03502	2.09052	0.01468	0.03502	0.03502	0.03502
GCT	GTT	CT	-0.70011	0.03123	0.02156	0.70011	0.01551	0.02156	0.02156	0.02156
GCC	TCC	GT	-0.52438	0.02276	0.01731	0.52438	0.01347	0.01731	0.01731	0.01731
GCC	CCC	GC	-1.11505	0.08825	0.04801	1.11505	0.02894	0.04801	0.04801	0.04801
GCC	ACC	GA	-1.55736	0.56741	0.23588	1.55736	0.11955	0.23588	0.23588	0.23588
GCC	GTC	CT	-0.04525	0.14921	0.14586	0.04525	0.14261	0.14586	0.14586	0.14586
GCC	GCT	CT	-0.20888	0.14921	0.13417	0.20888	0.12108	0.13417	0.13417	0.13417
GCA	TCA	GT	0.70314	0.00331	0.00461	-0.70314	0.00668	0.00461	0.00461	0.00461
GCA	CCA	GC	-0.33544	0.01283	0.01080	0.33544	0.00917	0.01080	0.01080	0.01080
GCA	ACA	GA	-0.19913	0.08247	0.07453	0.19913	0.06758	0.07453	0.07453	0.07453
GCA	GTA	CT	-0.31621	0.02169	0.01844	0.31621	0.01581	0.01844	0.01844	0.01844
GCA	GCT	AT	1.70036	0.00331	0.00688	-1.70036	0.01812	0.00688	0.00688	0.00688
GCA	GCC	AC	1.90924	0.01283	0.02875	-1.90924	0.08656	0.02875	0.02875	0.02875
GCG	TCG	GT	0.80905	0.00412	0.00600	-0.80905	0.00924	0.00600	0.00600	0.00600
GCG	CCG	GC	-0.36373	0.01596	0.01323	0.36373	0.01109	0.01323	0.01323	0.01323
GCG	ACG	GA	-0.27921	0.10260	0.08894	0.27921	0.07760	0.08894	0.08894	0.08894
GCG	GTG	CT	3.05780	0.02698	0.08657	-3.05780	0.57414	0.08657	0.08657	0.08657
GCG	GCT	GT	1.13447	0.00412	0.00688	-1.13447	0.01280	0.00688	0.00688	0.00688
GCG	GCC	GC	1.34335	0.01596	0.02901	-1.34335	0.06114	0.02901	0.02901	0.02901
GCG	GCA	GA	-0.56589	0.10260	0.07629	0.56589	0.05826	0.07629	0.07629	0.07629
GAT	TAT	GT	0.53921	0.00187	0.00241	-0.53921	0.00320	0.00241	0.00241	0.00241
GAT	CAT	GC	-0.90898	0.00723	0.00444	0.90898	0.00292	0.00444	0.00444	0.00444
GAT	AAT	GA	-0.61418	0.04651	0.03368	0.61418	0.02517	0.03368	0.03368	0.03368
GAT	GTT	AT	0.21785	0.00187	0.00208	-0.21785	0.00232	0.00208	0.00208	0.00208
GAT	GCT	AC	0.91796	0.00723	0.01106	-0.91796	0.01812	0.01106	0.01106	0.01106
GAC	TAC	GT	0.59119	0.01086	0.01439	-0.59119	0.01962	0.01439	0.01439	0.01439
GAC	CAC	GC	-0.58371	0.04212	0.03102	0.58371	0.02350	0.03102	0.03102	0.03102
GAC	AAC	GA	-0.55229	0.27084	0.20290	0.55229	0.15590	0.20290	0.20290	0.20290
GAC	GTC	AT	0.67493	0.01086	0.01494	-0.67493	0.02134	0.01494	0.01494	0.01494
GAC	GCC	AC	0.72018	0.04212	0.05910	-0.72018	0.08656	0.05910	0.05910	0.05910
GAC	GAT	CT	-0.40666	0.07122	0.05772	0.40666	0.04742	0.05772	0.05772	0.05772
GAA	CAA	GC	-0.26158	0.00323	0.00283	0.26158	0.00249	0.00283	0.00283	0.00283
GAA	AAA	GA	-0.33181	0.02078	0.01753	0.33181	0.01491	0.01753	0.01753	0.01753
GAA	GTA	AT	1.04273	0.00083	0.00134	-1.04273	0.00237	0.00134	0.00134	0.00134
GAA	GCA	AC	1.35895	0.00323	0.00591	-1.35895	0.01258	0.00591	0.00591	0.00591
GAA	GAT	AT	2.14134	0.00083	0.00202	-2.14134	0.00710	0.00202	0.00202	0.00202
GAA	GAC	AC	2.54801	0.00323	0.00894	-2.54801	0.04132	0.00894	0.00894	0.00894
GAG	CAG	GC	-0.15354	0.05500	0.05089	0.15354	0.04717	0.05089	0.05089	0.05089
GAG	AAG	GA	-1.14069	0.35364	0.18948	1.14069	0.11302	0.18948	0.18948	0.18948
GAG	GTG	AT	1.80093	0.01419	0.03060	-1.80093	0.08590	0.03060	0.03060	0.03060
GAG	GCG	AC	-1.25687	0.05500	0.02749	1.25687	0.01565	0.02749	0.02749	0.02749
GAG	GAT	GT	-1.04036	0.01419	0.00806	1.04036	0.00501	0.00806	0.00806	0.00806
GAG	GAC	GC	-0.63369	0.05500	0.03940	0.63369	0.02919	0.03940	0.03940	0.03940
GAG	GAA	GA	-3.18170	0.35364	0.04873	3.18170	0.01468	0.04873	0.04873	0.04873
GGT	TGT	GT	0.95590	0.00167	0.00259	-0.95590	0.00434	0.00259	0.00259	0.00259
GGT	CGT	GC	-0.23340	0.00646	0.00574	0.23340	0.00512	0.00574	0.00574	0.00574
GGT	AGT	GA	-0.37982	0.04157	0.03417	0.37982	0.02843	0.03417	0.03417	0.03417
GGT	GTT	GT	-0.01722	0.00167	0.00165	0.01722	0.00164	0.00165	0.00165	0.00165
GGT	GCT	GC	0.68289	0.00646	0.00892	-0.68289	0.01280	0.00892	0.00892	0.00892
GGT	GAT	GA	-0.23508	0.04157	0.03687	0.23508	0.03286	0.03687	0.03687	0.03687
GGC	TGC	GT	0.61065	0.01751	0.02339	-0.61065	0.03224	0.02339	0.02339	0.02339
GGC	CGC	GC	-1.18127	0.06788	0.03550	1.18127	0.02083	0.03550	0.03550	0.03550
GGC	AGC	GA	-0.54680	0.43644	0.32794	0.54680	0.25261	0.32794	0.32794	0.32794
GGC	GTC	GT	-0.14976	0.01751	0.01623	0.14976	0.01507	0.01623	0.01623	0.01623
GGC	GCC	GC	-0.10451	0.06788	0.06440	0.10451	0.06114	0.06440	0.06440	0.06440
GGC	GAC	GA	-0.82469	0.43644	0.28094	0.82469	0.19132	0.28094	0.28094	0.28094
GGC	GGT	CT	-0.99628	0.11477	0.06694	0.99628	0.04238	0.06694	0.06694	0.06694
GGA	CGA	GC	-1.16062	0.00590	0.00312	1.16062	0.00185	0.00312	0.00312	0.00312
GGA	AGA	GA	-2.14805	0.03794	0.01077	2.14805	0.00443	0.01077	0.01077	0.01077
GGA	GTA	GT	0.09338	0.00152	0.00159	-0.09338	0.00167	0.00159	0.00159	0.00159
GGA	GCA	GC	0.40959	0.00590	0.00719	-0.40959	0.00889	0.00719	0.00719	0.00719
GGA	GAA	GA	-0.94935	0.03794	0.02274	0.94935	0.01468	0.02274	0.02274	0.02274
GGA	GGT	AT	1.42707	0.00152	0.00286	-1.42707	0.00634	0.00286	0.00286	0.00286
GGA	GGC	AC	2.42334	0.00590	0.01569	-2.42334	0.06658	0.01569	0.01569	0.01569
GGG	TGG	GT	1.09535	0.00795	0.01309	-1.09535	0.02378	0.01309	0.01309	0.01309
GGG	CGG	GC	-0.55895	0.03084	0.02302	0.55895	0.01763	0.02302	0.02302	0.02302
GGG	AGG	GA	-1.05917	0.19826	0.11146	1.05917	0.06875	0.11146	0.11146	0.11146
GGG	GTG	GT	2.03206	0.00795	0.01860	-2.03206	0.06068	0.01860	0.01860	0.01860
GGG	GCG	GC	-1.02574	0.03084	0.01768	1.02574	0.01106	0.01768	0.01768	0.01768
GGG	GAG	GA	0.23113	0.19826	0.22206	-0.23113	0.24982	0.22206	0.22206	0.22206
GGG	GGT	GT	-0.57415	0.00795	0.00589	0.57415	0.00448	0.00589	0.00589	0.00589
GGG	GGC	GC	0.42213	0.03084	0.03780	-0.42213	0.04703	0.03780	0.03780	0.03780
GGG	GGA	GA	-2.00122	0.19826	0.06201	2.00122	0.02680	0.06201	0.06201	0.06201


Histograms
2Ns	FMut	FSub(CodonUsage)	FSubw(after w)

-4.22378	0.00453	0.00040	0.00040
-3.80140	0.02248	0.00245	0.00245
-3.37902	0.11262	0.01893	0.01893
-2.95664	0.02642	0.00554	0.00554
-2.53427	0.04576	0.01418	0.01418
-2.11189	0.04487	0.01920	0.01920
-1.68951	0.10610	0.05851	0.05851
-1.26713	0.10812	0.07592	0.07592
-0.84476	0.12379	0.11285	0.11285
-0.42238	0.11488	0.12759	0.12759
0.00000	0.09271	0.12887	0.12887
0.42238	0.07444	0.12759	0.12759
0.84476	0.05599	0.11285	0.11285
1.26713	0.03130	0.07592	0.07592
1.68951	0.02070	0.05851	0.05851
2.11189	0.00590	0.01920	0.01920
2.53427	0.00373	0.01418	0.01418
2.95664	0.00124	0.00554	0.00554
3.37902	0.00391	0.01893	0.01893
3.80140	0.00044	0.00245	0.00245
4.22378	0.00007	0.00040	0.00040

Proportion of advantageous (S > 0) mutations:
 0.24123

Proportions of good & bad mutations (|S| > 2.0000) among mutations:
0.01359  0.24525

mean |Ns| = 1.43282	mean Ns+ = 0.80135	mean Ns- = -1.63358

