Supplemental results for CODEML (seqf: paml_alt_homo_selected_removal_dna_aligned_combined_TAS1R3  treef: paml_alt_homo_ML_tree_selected_removal_dna_aligned_combined_TAS1R3.txt)

I	J	ij	2Ns_IJ	pMut_IJ	pSub_IJ	2Ns_JI	pMut_JI	pSub_JI

TTC	TTT	CT	-0.54627	0.10101	0.07592	0.54627	0.05849	0.07592	0.07592	0.07592
TTA	TTT	AT	3.99841	0.00013	0.00053	-3.99841	0.00705	0.00053	0.00053	0.00053
TTA	TTC	AC	4.54467	0.00056	0.00257	-4.54467	0.05272	0.00257	0.00257	0.00257
TTG	TTT	GT	1.40723	0.00145	0.00269	-1.40723	0.00590	0.00269	0.00269	0.00269
TTG	TTC	GC	1.95349	0.00626	0.01426	-1.95349	0.04418	0.01426	0.01426	0.01426
TTG	TTA	GA	-2.59118	0.03794	0.00796	2.59118	0.00284	0.00796	0.00796	0.00796
TCT	TTT	CT	2.17240	0.00666	0.01633	-2.17240	0.05849	0.01633	0.01633	0.01633
TCC	TTC	CT	2.63461	0.03140	0.08911	-2.63461	0.43761	0.08911	0.08911	0.08911
TCC	TCT	CT	-0.08405	0.03140	0.03010	0.08405	0.02887	0.03010	0.03010	0.03010
TCA	TTA	CT	-1.28277	0.01432	0.00705	1.28277	0.00397	0.00705	0.00705	0.00705
TCA	TCT	AT	0.54324	0.00202	0.00262	-0.54324	0.00348	0.00262	0.00262	0.00262
TCA	TCC	AC	0.62729	0.00875	0.01178	-0.62729	0.01639	0.01178	0.01178	0.01178
TCG	TTG	CT	0.69928	0.02207	0.03068	-0.69928	0.04441	0.03068	0.03068	0.03068
TCG	TCT	GT	-0.06589	0.00311	0.00301	0.06589	0.00291	0.00301	0.00301	0.00301
TCG	TCC	GC	0.01817	0.01348	0.01361	-0.01817	0.01373	0.01361	0.01361	0.01361
TCG	TCA	GA	-0.60913	0.08169	0.05932	0.60913	0.04442	0.05932	0.05932	0.05932
TAT	TTT	AT	1.94262	0.00101	0.00229	-1.94262	0.00705	0.00229	0.00229	0.00229
TAT	TCT	AC	-0.22978	0.00438	0.00389	0.22978	0.00348	0.00389	0.00389	0.00389
TAC	TTC	AT	2.10861	0.00640	0.01536	-2.10861	0.05272	0.01536	0.01536	0.01536
TAC	TCC	AC	-0.52600	0.02773	0.02108	0.52600	0.01639	0.02108	0.02108	0.02108
TAC	TAT	CT	-0.38027	0.04539	0.03730	0.38027	0.03103	0.03730	0.03730	0.03730
TGT	TTT	GT	1.49269	0.00133	0.00256	-1.49269	0.00590	0.00256	0.00256	0.00256
TGT	TCT	GC	-0.67971	0.00575	0.00402	0.67971	0.00291	0.00402	0.00402	0.00402
TGT	TAT	GA	-0.44993	0.03483	0.02758	0.44993	0.02221	0.02758	0.02758	0.02758
TGC	TTC	GT	1.41577	0.01072	0.02005	-1.41577	0.04418	0.02005	0.02005	0.02005
TGC	TCC	GC	-1.21884	0.04646	0.02376	1.21884	0.01373	0.02376	0.02376	0.02376
TGC	TAC	GA	-0.69284	0.28144	0.19511	0.69284	0.14076	0.19511	0.19511	0.19511
TGC	TGT	CT	-0.62318	0.07604	0.05479	0.62318	0.04077	0.05479	0.05479	0.05479
TGG	TTG	GT	-0.56411	0.00788	0.00587	0.56411	0.00448	0.00587	0.00587	0.00587
TGG	TCG	GC	-1.26339	0.03414	0.01700	1.26339	0.00965	0.01700	0.01700	0.01700
TGG	TGT	GT	-0.64957	0.00788	0.00560	0.64957	0.00412	0.00560	0.00560	0.00560
TGG	TGC	GC	-0.02638	0.03414	0.03370	0.02638	0.03326	0.03370	0.03370	0.03370
CTT	TTT	CT	1.41863	0.01416	0.02650	-1.41863	0.05849	0.02650	0.02650	0.02650
CTC	TTC	CT	1.72098	0.07829	0.16408	-1.72098	0.43761	0.16408	0.16408	0.16408
CTC	CTT	CT	-0.24392	0.07829	0.06913	0.24392	0.06134	0.06913	0.06913	0.06913
CTA	TTA	CT	-1.06975	0.01158	0.00647	1.06975	0.00397	0.00647	0.00647	0.00647
CTA	CTT	AT	1.51003	0.00163	0.00316	-1.51003	0.00739	0.00316	0.00316	0.00316
CTA	CTC	AC	1.75395	0.00707	0.01500	-1.75395	0.04086	0.01500	0.01500	0.01500
CTG	TTG	CT	-1.67290	0.23661	0.09146	1.67290	0.04441	0.09146	0.09146	0.09146
CTG	CTT	GT	-1.68430	0.03337	0.01281	1.68430	0.00619	0.01281	0.01281	0.01281
CTG	CTC	GC	-1.44038	0.14457	0.06462	1.44038	0.03424	0.06462	0.06462	0.06462
CTG	CTA	GA	-3.19433	0.87576	0.11958	3.19433	0.03590	0.11958	0.11958	0.11958
CCT	TCT	CT	0.45003	0.01841	0.02286	-0.45003	0.02887	0.02286	0.02286	0.02286
CCT	CTT	CT	1.20380	0.01841	0.03165	-1.20380	0.06134	0.03165	0.03165	0.03165
CCC	TCC	CT	0.69277	0.06804	0.09431	-0.69277	0.13603	0.09431	0.09431	0.09431
CCC	CTC	CT	1.60641	0.06804	0.13673	-1.60641	0.33918	0.13673	0.13673	0.13673
CCC	CCT	CT	0.15869	0.06804	0.07358	-0.15869	0.07974	0.07358	0.07358	0.07358
CCA	TCA	CT	1.16692	0.01932	0.03274	-1.16692	0.06206	0.03274	0.03274	0.03274
CCA	CTA	CT	0.95390	0.01932	0.02998	-0.95390	0.05016	0.02998	0.02998	0.02998
CCA	CCT	AT	1.26013	0.00272	0.00479	-1.26013	0.00961	0.00479	0.00479	0.00479
CCA	CCC	AC	1.10144	0.01181	0.01948	-1.10144	0.03552	0.01948	0.01948	0.01948
CCG	TCG	CT	1.28699	0.02640	0.04694	-1.28699	0.09562	0.04694	0.04694	0.04694
CCG	CTG	CT	3.65918	0.02640	0.09916	-3.65918	1.02511	0.09916	0.09916	0.09916
CCG	CCT	GT	0.77108	0.00372	0.00534	-0.77108	0.00805	0.00534	0.00534	0.00534
CCG	CCC	GC	0.61239	0.01613	0.02157	-0.61239	0.02976	0.02157	0.02157	0.02157
CCG	CCA	GA	-0.48905	0.09772	0.07576	0.48905	0.05992	0.07576	0.07576	0.07576
CAT	TAT	CT	1.79338	0.00516	0.01111	-1.79338	0.03103	0.01111	0.01111	0.01111
CAT	CTT	AT	2.31737	0.00073	0.00187	-2.31737	0.00739	0.00187	0.00187	0.00187
CAT	CCT	AC	1.11357	0.00315	0.00523	-1.11357	0.00961	0.00523	0.00523	0.00523
CAC	TAC	CT	1.28844	0.05422	0.09645	-1.28844	0.19665	0.09645	0.09645	0.09645
CAC	CTC	AT	1.67608	0.00765	0.01577	-1.67608	0.04086	0.01577	0.01577	0.01577
CAC	CCC	AC	0.06967	0.03313	0.03429	-0.06967	0.03552	0.03429	0.03429	0.03429
CAC	CAT	CT	-0.88521	0.05422	0.03372	0.88521	0.02237	0.03372	0.03372	0.03372
CAA	CTA	AT	2.29194	0.00061	0.00156	-2.29194	0.00604	0.00156	0.00156	0.00156
CAA	CCA	AC	1.33803	0.00265	0.00480	-1.33803	0.01009	0.00480	0.00480	0.00480
CAA	CAT	AT	1.48460	0.00061	0.00117	-1.48460	0.00270	0.00117	0.00117	0.00117
CAA	CAC	AC	2.36981	0.00265	0.00692	-2.36981	0.02830	0.00692	0.00692	0.00692
CAG	CTG	AT	2.08973	0.01528	0.03644	-2.08973	0.12351	0.03644	0.03644	0.03644
CAG	CCG	AC	-1.56945	0.06620	0.02731	1.56945	0.01378	0.02731	0.02731	0.02731
CAG	CAT	GT	-1.91194	0.01528	0.00507	1.91194	0.00226	0.00507	0.00507	0.00507
CAG	CAC	GC	-1.02673	0.06620	0.03793	1.02673	0.02371	0.03793	0.03793	0.03793
CAG	CAA	GA	-3.39653	0.40105	0.04720	3.39653	0.01343	0.04720	0.04720	0.04720
CGT	TGT	CT	1.20995	0.01216	0.02096	-1.20995	0.04077	0.02096	0.02096	0.02096
CGT	CTT	GT	1.28401	0.00171	0.00305	-1.28401	0.00619	0.00305	0.00305	0.00305
CGT	CCT	GC	0.08021	0.00743	0.00773	-0.08021	0.00805	0.00773	0.00773	0.00773
CGT	CAT	GA	-1.03336	0.04501	0.02569	1.03336	0.01601	0.02569	0.02569	0.02569
CGC	TGC	CT	1.87108	0.05072	0.11217	-1.87108	0.32944	0.11217	0.11217	0.11217
CGC	CTC	GT	1.56588	0.00715	0.01416	-1.56588	0.03424	0.01416	0.01416	0.01416
CGC	CCC	GC	-0.04053	0.03099	0.03037	0.04053	0.02976	0.03037	0.03037	0.03037
CGC	CAC	GA	-0.11020	0.18773	0.17758	0.11020	0.16814	0.17758	0.17758	0.17758
CGC	CGT	CT	0.03795	0.05072	0.05169	-0.03795	0.05268	0.05169	0.05169	0.05169
CGA	CTA	GT	2.48277	0.00042	0.00115	-2.48277	0.00506	0.00115	0.00115	0.00115
CGA	CCA	GC	1.52887	0.00183	0.00358	-1.52887	0.00845	0.00358	0.00358	0.00358
CGA	CAA	GA	0.19084	0.01110	0.01219	-0.19084	0.01343	0.01219	0.01219	0.01219
CGA	CGT	AT	2.70879	0.00042	0.00123	-2.70879	0.00635	0.00123	0.00123	0.00123
CGA	CGC	AC	2.67084	0.00183	0.00526	-2.67084	0.02647	0.00526	0.00526	0.00526
CGG	TGG	CT	1.83505	0.03864	0.08438	-1.83505	0.24212	0.08438	0.08438	0.08438
CGG	CTG	GT	2.94384	0.00545	0.01693	-2.94384	0.10348	0.01693	0.01693	0.01693
CGG	CCG	GC	-0.71533	0.02361	0.01616	0.71533	0.01155	0.01616	0.01616	0.01616
CGG	CAG	GA	0.85411	0.14303	0.21271	-0.85411	0.33602	0.21271	0.21271	0.21271
CGG	CGT	GT	-0.02446	0.00545	0.00538	0.02446	0.00532	0.00538	0.00538	0.00538
CGG	CGC	GC	-0.06242	0.02361	0.02288	0.06242	0.02218	0.02288	0.02288	0.02288
CGG	CGA	GA	-2.73326	0.14303	0.02718	2.73326	0.00930	0.02718	0.02718	0.02718
ATT	TTT	AT	2.22258	0.00076	0.00190	-2.22258	0.00705	0.00190	0.00190	0.00190
ATT	CTT	AC	0.80395	0.00331	0.00481	-0.80395	0.00739	0.00481	0.00481	0.00481
ATC	TTC	AT	2.44069	0.00459	0.01228	-2.44069	0.05272	0.01228	0.01228	0.01228
ATC	CTC	AC	0.71971	0.01990	0.02791	-0.71971	0.04086	0.02791	0.02791	0.02791
ATC	ATT	CT	-0.32815	0.03256	0.02751	0.32815	0.02345	0.02751	0.02751	0.02751
ATA	TTA	AT	0.44917	0.00031	0.00038	-0.44917	0.00048	0.00038	0.00038	0.00038
ATA	CTA	AC	1.51892	0.00132	0.00257	-1.51892	0.00604	0.00257	0.00257	0.00257
ATA	ATT	AT	2.22500	0.00031	0.00076	-2.22500	0.00283	0.00076	0.00076	0.00076
ATA	ATC	AC	2.55315	0.00132	0.00366	-2.55315	0.01700	0.00366	0.00366	0.00366
ATG	TTG	AT	-0.22584	0.00671	0.00598	0.22584	0.00535	0.00598	0.00598	0.00598
ATG	CTG	AC	1.44706	0.02906	0.05498	-1.44706	0.12351	0.05498	0.05498	0.05498
ATG	ATT	GT	-1.04119	0.00671	0.00381	1.04119	0.00237	0.00381	0.00381	0.00381
ATG	ATC	GC	-0.71303	0.02906	0.01992	0.71303	0.01424	0.01992	0.01992	0.01992
ATG	ATA	GA	-3.26618	0.17602	0.02280	3.26618	0.00672	0.02280	0.02280	0.02280
ACT	TCT	AT	1.81953	0.00056	0.00122	-1.81953	0.00348	0.00122	0.00122	0.00122
ACT	CCT	AC	1.36950	0.00244	0.00449	-1.36950	0.00961	0.00449	0.00449	0.00449
ACT	ATT	CT	1.76935	0.00400	0.00853	-1.76935	0.02345	0.00853	0.00853	0.00853
ACC	TCC	AT	1.04655	0.00576	0.00928	-1.04655	0.01639	0.00928	0.00928	0.00928
ACC	CCC	AC	0.35377	0.02493	0.02960	-0.35377	0.03552	0.02960	0.02960	0.02960
ACC	ATC	CT	1.24047	0.04081	0.07122	-1.24047	0.14108	0.07122	0.07122	0.07122
ACC	ACT	CT	-0.85704	0.04081	0.02579	0.85704	0.01732	0.02579	0.02579	0.02579
ACA	TCA	AT	0.95903	0.00287	0.00446	-0.95903	0.00748	0.00446	0.00446	0.00446
ACA	CCA	AC	-0.20789	0.01242	0.01117	0.20789	0.01009	0.01117	0.01117	0.01117
ACA	ATA	CT	-0.77291	0.02032	0.01347	0.77291	0.00938	0.01347	0.01347	0.01347
ACA	ACT	AT	-0.31726	0.00287	0.00244	0.31726	0.00209	0.00244	0.00244	0.00244
ACA	ACC	AC	0.53978	0.01242	0.01607	-0.53978	0.02130	0.01607	0.01607	0.01607
ACG	TCG	AT	1.03336	0.00410	0.00658	-1.03336	0.01152	0.00658	0.00658	0.00658
ACG	CCG	AC	-0.25363	0.01776	0.01560	0.25363	0.01378	0.01560	0.01560	0.01560
ACG	ATG	CT	1.95848	0.02907	0.06627	-1.95848	0.20603	0.06627	0.06627	0.06627
ACG	ACT	GT	-0.85206	0.00410	0.00260	0.85206	0.00175	0.00260	0.00260	0.00260
ACG	ACC	GC	0.00498	0.01776	0.01780	-0.00498	0.01785	0.01780	0.01780	0.01780
ACG	ACA	GA	-0.53479	0.10758	0.08137	0.53479	0.06302	0.08137	0.08137	0.08137
AAT	TAT	AT	1.45899	0.00087	0.00165	-1.45899	0.00374	0.00165	0.00165	0.00165
AAT	CAT	AC	-0.33439	0.00377	0.00317	0.33439	0.00270	0.00317	0.00317	0.00317
AAT	ATT	AT	1.17903	0.00087	0.00148	-1.17903	0.00283	0.00148	0.00148	0.00148
AAT	ACT	AC	-0.59032	0.00377	0.00276	0.59032	0.00209	0.00276	0.00276	0.00276
AAC	TAC	AT	1.12638	0.00768	0.01280	-1.12638	0.02369	0.01280	0.01280	0.01280
AAC	CAC	AC	-0.16206	0.03328	0.03066	0.16206	0.02830	0.03066	0.03066	0.03066
AAC	ATC	AT	0.79431	0.00768	0.01113	-0.79431	0.01700	0.01113	0.01113	0.01113
AAC	ACC	AC	-0.44616	0.03328	0.02641	0.44616	0.02130	0.02641	0.02641	0.02641
AAC	AAT	CT	-0.71288	0.05447	0.03734	0.71288	0.02670	0.03734	0.03734	0.03734
AAA	CAA	AC	0.21026	0.00183	0.00203	-0.21026	0.00226	0.00203	0.00203	0.00203
AAA	ATA	AT	0.98328	0.00042	0.00066	-0.98328	0.00113	0.00066	0.00066	0.00066
AAA	ACA	AC	1.75619	0.00183	0.00389	-1.75619	0.01061	0.00389	0.00389	0.00389
AAA	AAT	AT	2.02925	0.00042	0.00099	-2.02925	0.00322	0.00099	0.00099	0.00099
AAA	AAC	AC	2.74213	0.00183	0.00537	-2.74213	0.02843	0.00537	0.00537	0.00537
AAG	CAG	AC	0.83756	0.02448	0.03614	-0.83756	0.05656	0.03614	0.03614	0.03614
AAG	ATG	AT	1.48023	0.00565	0.01083	-1.48023	0.02482	0.01083	0.01083	0.01083
AAG	ACG	AC	-0.47826	0.02448	0.01909	0.47826	0.01517	0.01909	0.01909	0.01909
AAG	AAT	GT	-0.73999	0.00565	0.00381	0.73999	0.00270	0.00381	0.00381	0.00381
AAG	AAC	GC	-0.02711	0.02448	0.02415	0.02711	0.02382	0.02415	0.02415	0.02415
AAG	AAA	GA	-2.76924	0.14827	0.02747	2.76924	0.00930	0.02747	0.02747	0.02747
AGT	TGT	AT	1.35396	0.00127	0.00232	-1.35396	0.00491	0.00232	0.00232	0.00232
AGT	CGT	AC	0.14402	0.00550	0.00590	-0.14402	0.00635	0.00590	0.00590	0.00590
AGT	ATT	GT	0.62407	0.00127	0.00171	-0.62407	0.00237	0.00171	0.00171	0.00171
AGT	ACT	GC	-1.14528	0.00550	0.00294	1.14528	0.00175	0.00294	0.00294	0.00294
AGT	AAT	GA	-0.55496	0.03329	0.02490	0.55496	0.01911	0.02490	0.02490	0.02490
AGC	TGC	AT	1.16131	0.01243	0.02101	-1.16131	0.03969	0.02101	0.02101	0.02101
AGC	CGC	AC	-0.70978	0.05384	0.03697	0.70978	0.02647	0.03697	0.03697	0.03697
AGC	ATC	GT	0.13639	0.01243	0.01329	-0.13639	0.01424	0.01329	0.01329	0.01329
AGC	ACC	GC	-1.10408	0.05384	0.02948	1.10408	0.01785	0.02948	0.02948	0.02948
AGC	AAC	GA	-0.65792	0.32614	0.23053	0.65792	0.16892	0.23053	0.23053	0.23053
AGC	AGT	CT	-0.81584	0.08811	0.05700	0.81584	0.03897	0.05700	0.05700	0.05700
AGA	CGA	AC	1.02816	0.00056	0.00090	-1.02816	0.00157	0.00090	0.00090	0.00090
AGA	ATA	GT	1.99202	0.00013	0.00030	-1.99202	0.00095	0.00030	0.00030	0.00030
AGA	ACA	GC	2.76492	0.00056	0.00165	-2.76492	0.00889	0.00165	0.00165	0.00165
AGA	AAA	GA	1.00873	0.00339	0.00538	-1.00873	0.00930	0.00538	0.00538	0.00538
AGA	AGT	AT	3.59294	0.00013	0.00048	-3.59294	0.00470	0.00048	0.00048	0.00048
AGA	AGC	AC	4.40878	0.00056	0.00250	-4.40878	0.04599	0.00250	0.00250	0.00250
AGG	TGG	AT	2.13389	0.00345	0.00836	-2.13389	0.02917	0.00836	0.00836	0.00836
AGG	CGG	AC	0.29884	0.01496	0.01731	-0.29884	0.02017	0.01731	0.01731	0.01731
AGG	ATG	GT	1.79563	0.00345	0.00743	-1.79563	0.02080	0.00743	0.00743	0.00743
AGG	ACG	GC	-0.16286	0.01496	0.01378	0.16286	0.01271	0.01378	0.01378	0.01378
AGG	AAG	GA	0.31540	0.09063	0.10567	-0.31540	0.12423	0.10567	0.10567	0.10567
AGG	AGT	GT	0.13037	0.00345	0.00368	-0.13037	0.00393	0.00368	0.00368	0.00368
AGG	AGC	GC	0.94621	0.01496	0.02314	-0.94621	0.03854	0.02314	0.02314	0.02314
AGG	AGA	GA	-3.46257	0.09063	0.01016	3.46257	0.00284	0.01016	0.01016	0.01016
GTT	TTT	GT	2.45887	0.00051	0.00136	-2.45887	0.00590	0.00136	0.00136	0.00136
GTT	CTT	GC	1.04025	0.00219	0.00352	-1.04025	0.00619	0.00352	0.00352	0.00352
GTT	ATT	GA	0.23630	0.01326	0.01488	-0.23630	0.01679	0.01488	0.01488	0.01488
GTC	TTC	GT	2.16177	0.00509	0.01242	-2.16177	0.04418	0.01242	0.01242	0.01242
GTC	CTC	GC	0.44079	0.02203	0.02725	-0.44079	0.03424	0.02725	0.02725	0.02725
GTC	ATC	GA	-0.27892	0.13348	0.11573	0.27892	0.10099	0.11573	0.11573	0.11573
GTC	GTT	CT	-0.84337	0.03606	0.02297	0.84337	0.01552	0.02297	0.02297	0.02297
GTA	TTA	GT	-0.02497	0.00041	0.00041	0.02497	0.00040	0.00041	0.00041	0.00041
GTA	CTA	GC	1.04478	0.00178	0.00287	-1.04478	0.00506	0.00287	0.00287	0.00287
GTA	ATA	GA	-0.47414	0.01079	0.00843	0.47414	0.00672	0.00843	0.00843	0.00843
GTA	GTT	AT	1.51456	0.00041	0.00080	-1.51456	0.00187	0.00080	0.00080	0.00080
GTA	GTC	AC	2.35793	0.00178	0.00464	-2.35793	0.01882	0.00464	0.00464	0.00464
GTG	TTG	GT	-1.49900	0.02007	0.00865	1.49900	0.00448	0.00865	0.00865	0.00865
GTG	CTG	GC	0.17390	0.08696	0.09475	-0.17390	0.10348	0.09475	0.09475	0.09475
GTG	ATG	GA	-1.27316	0.52682	0.26076	1.27316	0.14748	0.26076	0.26076	0.26076
GTG	GTT	GT	-2.55065	0.02007	0.00433	2.55065	0.00157	0.00433	0.00433	0.00433
GTG	GTC	GC	-1.70728	0.08696	0.03289	1.70728	0.01577	0.03289	0.03289	0.03289
GTG	GTA	GA	-4.06521	0.52682	0.03739	4.06521	0.00904	0.03739	0.03739	0.03739
GCT	TCT	GT	-0.32680	0.00404	0.00342	0.32680	0.00291	0.00342	0.00342	0.00342
GCT	CCT	GC	-0.77683	0.01750	0.01158	0.77683	0.00805	0.01158	0.01158	0.01158
GCT	ACT	GA	-2.14633	0.10604	0.03013	2.14633	0.01240	0.03013	0.03013	0.03013
GCT	GTT	CT	-0.61328	0.02865	0.02076	0.61328	0.01552	0.02076	0.02076	0.02076
GCC	TCC	GT	-0.38427	0.02017	0.01654	0.38427	0.01373	0.01654	0.01654	0.01654
GCC	CCC	GC	-1.07704	0.08737	0.04861	1.07704	0.02976	0.04861	0.04861	0.04861
GCC	ACC	GA	-1.43082	0.52928	0.23799	1.43082	0.12656	0.23799	0.23799	0.23799
GCC	GTC	CT	0.08857	0.14300	0.14942	-0.08857	0.15624	0.14942	0.14942	0.14942
GCC	GCT	CT	-0.14153	0.14300	0.13312	0.14153	0.12412	0.13312	0.13312	0.13312
GCA	TCA	GT	0.81125	0.00278	0.00406	-0.81125	0.00627	0.00406	0.00406	0.00406
GCA	CCA	GC	-0.35567	0.01206	0.01004	0.35567	0.00845	0.01004	0.01004	0.01004
GCA	ACA	GA	-0.14778	0.07306	0.06779	0.14778	0.06302	0.06779	0.06779	0.06779
GCA	GTA	CT	-0.44655	0.01974	0.01566	0.44655	0.01263	0.01566	0.01566	0.01566
GCA	GCT	AT	1.68129	0.00278	0.00575	-1.68129	0.01495	0.00575	0.00575	0.00575
GCA	GCC	AC	1.82281	0.01206	0.02622	-1.82281	0.07464	0.02622	0.02622	0.02622
GCG	TCG	GT	0.95264	0.00372	0.00577	-0.95264	0.00965	0.00577	0.00577	0.00577
GCG	CCG	GC	-0.33435	0.01613	0.01358	0.33435	0.01155	0.01358	0.01358	0.01358
GCG	ACG	GA	-0.08072	0.09772	0.09383	0.08072	0.09014	0.09383	0.09383	0.09383
GCG	GTG	CT	3.15093	0.02640	0.08691	-3.15093	0.61666	0.08691	0.08691	0.08691
GCG	GCT	GT	1.21356	0.00372	0.00643	-1.21356	0.01253	0.00643	0.00643	0.00643
GCG	GCC	GC	1.35508	0.01613	0.02946	-1.35508	0.06254	0.02946	0.02946	0.02946
GCG	GCA	GA	-0.46773	0.09772	0.07664	0.46773	0.06121	0.07664	0.07664	0.07664
GAT	TAT	GT	0.95143	0.00121	0.00188	-0.95143	0.00313	0.00188	0.00188	0.00188
GAT	CAT	GC	-0.84194	0.00524	0.00334	0.84194	0.00226	0.00334	0.00334	0.00334
GAT	AAT	GA	-0.50755	0.03175	0.02437	0.50755	0.01911	0.02437	0.02437	0.02437
GAT	GTT	AT	0.43518	0.00121	0.00149	-0.43518	0.00187	0.00149	0.00149	0.00149
GAT	GCT	AC	1.04845	0.00524	0.00846	-1.04845	0.01495	0.00846	0.00846	0.00846
GAC	TAC	GT	0.76947	0.00920	0.01318	-0.76947	0.01985	0.01318	0.01318	0.01318
GAC	CAC	GC	-0.51897	0.03984	0.03040	0.51897	0.02371	0.03040	0.03040	0.03040
GAC	AAC	GA	-0.35692	0.24137	0.20085	0.35692	0.16892	0.20085	0.20085	0.20085
GAC	GTC	AT	0.71631	0.00920	0.01288	-0.71631	0.01882	0.01288	0.01288	0.01288
GAC	GCC	AC	0.62774	0.03984	0.05365	-0.62774	0.07464	0.05365	0.05365	0.05365
GAC	GAT	CT	-0.56224	0.06521	0.04859	0.56224	0.03717	0.04859	0.04859	0.04859
GAA	CAA	GC	-0.25431	0.00244	0.00215	0.25431	0.00189	0.00215	0.00215	0.00215
GAA	AAA	GA	-0.46457	0.01480	0.01162	0.46457	0.00930	0.01162	0.01162	0.01162
GAA	GTA	AT	0.99285	0.00056	0.00089	-0.99285	0.00152	0.00089	0.00089	0.00089
GAA	GCA	AC	1.43940	0.00244	0.00461	-1.43940	0.01030	0.00461	0.00461	0.00461
GAA	GAT	AT	2.07223	0.00056	0.00134	-2.07223	0.00448	0.00134	0.00134	0.00134
GAA	GAC	AC	2.63447	0.00244	0.00693	-2.63447	0.03404	0.00693	0.00693	0.00693
GAG	CAG	GC	-0.10465	0.05262	0.04991	0.10465	0.04739	0.04991	0.04991	0.04991
GAG	AAG	GA	-0.94221	0.31874	0.19182	0.94221	0.12423	0.19182	0.19182	0.19182
GAG	GTG	AT	1.81118	0.01214	0.02629	-1.81118	0.07429	0.02629	0.02629	0.02629
GAG	GCG	AC	-1.33975	0.05262	0.02501	1.33975	0.01378	0.02501	0.02501	0.02501
GAG	GAT	GT	-1.17465	0.01214	0.00638	1.17465	0.00375	0.00638	0.00638	0.00638
GAG	GAC	GC	-0.61241	0.05262	0.03814	0.61241	0.02852	0.03814	0.03814	0.03814
GAG	GAA	GA	-3.24688	0.31874	0.04188	3.24688	0.01240	0.04188	0.04188	0.04188
GGT	TGT	GT	1.16786	0.00128	0.00217	-1.16786	0.00412	0.00217	0.00217	0.00217
GGT	CGT	GC	-0.04209	0.00555	0.00543	0.04209	0.00532	0.00543	0.00543	0.00543
GGT	AGT	GA	-0.18611	0.03360	0.03057	0.18611	0.02789	0.03057	0.03057	0.03057
GGT	GTT	GT	0.20167	0.00128	0.00141	-0.20167	0.00157	0.00141	0.00141	0.00141
GGT	GCT	GC	0.81494	0.00555	0.00811	-0.81494	0.01253	0.00811	0.00811	0.00811
GGT	GAT	GA	-0.23351	0.03360	0.02983	0.23351	0.02660	0.02983	0.02983	0.02983
GGC	TGC	GT	0.77153	0.01537	0.02206	-0.77153	0.03326	0.02206	0.02206	0.02206
GGC	CGC	GC	-1.09955	0.06661	0.03657	1.09955	0.02218	0.03657	0.03657	0.03657
GGC	AGC	GA	-0.38977	0.40351	0.32997	0.38977	0.27326	0.32997	0.32997	0.32997
GGC	GTC	GT	0.02553	0.01537	0.01557	-0.02553	0.01577	0.01557	0.01557	0.01557
GGC	GCC	GC	-0.06303	0.06661	0.06453	0.06303	0.06254	0.06453	0.06453	0.06453
GGC	GAC	GA	-0.69078	0.40351	0.28006	0.69078	0.20223	0.28006	0.28006	0.28006
GGC	GGT	CT	-1.01951	0.10902	0.06273	1.01951	0.03933	0.06273	0.06273	0.06273
GGA	CGA	GC	-0.82837	0.00300	0.00193	0.82837	0.00131	0.00193	0.00193	0.00193
GGA	AGA	GA	-1.85653	0.01819	0.00625	1.85653	0.00284	0.00625	0.00625	0.00625
GGA	GTA	GT	0.60963	0.00069	0.00093	-0.60963	0.00127	0.00093	0.00093	0.00093
GGA	GCA	GC	1.05617	0.00300	0.00486	-1.05617	0.00863	0.00486	0.00486	0.00486
GGA	GAA	GA	-0.38323	0.01819	0.01492	0.38323	0.01240	0.01492	0.01492	0.01492
GGA	GGT	AT	1.92252	0.00069	0.00156	-1.92252	0.00474	0.00156	0.00156	0.00156
GGA	GGC	AC	2.94202	0.00300	0.00932	-2.94202	0.05691	0.00932	0.00932	0.00932
GGG	TGG	GT	1.33980	0.00640	0.01162	-1.33980	0.02444	0.01162	0.01162	0.01162
GGG	CGG	GC	-0.49525	0.02773	0.02143	0.49525	0.01690	0.02143	0.02143	0.02143
GGG	AGG	GA	-0.79410	0.16800	0.11003	0.79410	0.07593	0.11003	0.11003	0.11003
GGG	GTG	GT	2.27469	0.00640	0.01623	-2.27469	0.06225	0.01623	0.01623	0.01623
GGG	GCG	GC	-0.87623	0.02773	0.01733	0.87623	0.01155	0.01733	0.01733	0.01733
GGG	GAG	GA	0.46351	0.16800	0.20993	-0.46351	0.26706	0.20993	0.20993	0.20993
GGG	GGT	GT	-0.47762	0.00640	0.00499	0.47762	0.00397	0.00499	0.00499	0.00499
GGG	GGC	GC	0.54188	0.02773	0.03592	-0.54188	0.04768	0.03592	0.03592	0.03592
GGG	GGA	GA	-2.40014	0.16800	0.04022	2.40014	0.01524	0.04022	0.04022	0.04022


Histograms
2Ns	FMut	FSub(CodonUsage)	FSubw(after w)

-4.32826	0.00403	0.00029	0.00029
-3.89543	0.02178	0.00217	0.00217
-3.46261	0.08227	0.01268	0.01268
-3.02978	0.06744	0.01331	0.01331
-2.59696	0.04651	0.01345	0.01345
-2.16413	0.03287	0.01350	0.01350
-1.73130	0.08979	0.04682	0.04682
-1.29848	0.10805	0.07312	0.07312
-0.86565	0.13152	0.12003	0.12003
-0.43283	0.11536	0.12880	0.12880
0.00000	0.10840	0.15163	0.15163
0.43283	0.07462	0.12880	0.12880
0.86565	0.05908	0.12003	0.12003
1.29848	0.02911	0.07312	0.07312
1.73130	0.01590	0.04682	0.04682
2.16413	0.00404	0.01350	0.01350
2.59696	0.00341	0.01345	0.01345
3.02978	0.00289	0.01331	0.01331
3.46261	0.00253	0.01268	0.01268
3.89543	0.00037	0.00217	0.00217
4.32826	0.00005	0.00029	0.00029

Proportion of advantageous (S > 0) mutations:
 0.24329

Proportions of good & bad mutations (|S| > 2.0000) among mutations:
0.01183  0.24465

mean |Ns| = 1.44639	mean Ns+ = 0.76721	mean Ns- = -1.66476

