

TREE # 1

  0  0.0000  15442.469806  x:  0.41158   0.04114   0.13951   0.09806   0.00945   0.10619   0.00763   0.08411   0.04079   0.01038   0.02123   0.07476   0.06343   0.05968   0.02326   0.03309   0.00741   0.01588   0.00085   0.00137   0.01408   0.00905   0.00585   0.00800   0.00436   0.01079   0.00437   0.00893   0.00875   0.00725   0.01088   0.03011   0.03628   0.00269   0.02549   0.00770   0.02102   0.02058   0.03908   0.00830   0.06749   0.00140   0.00222   0.03228   0.00079   0.01934   0.01123   0.01757   0.03247   0.03038   0.00508   0.01294   0.01387   0.00238   0.00847   0.29711   0.08448   0.00000   0.15151   0.08603   0.04853   0.03260   0.10120   0.84319   0.91843   0.92950   1.14928   1.17658   1.16959  
  1 99.0000  15411.707514  x:  0.41126   0.04498   0.14193   0.09911   0.01389   0.10617   0.01296   0.08400   0.04125   0.01323   0.01983   0.07484   0.06595   0.06099   0.02477   0.03298   0.01020   0.01672   0.00637   0.01425   0.01487   0.00772   0.00415   0.00731   0.00060   0.01175   0.00519   0.00852   0.00747   0.00726   0.01090   0.02976   0.03649   0.00610   0.02576   0.00787   0.02042   0.02114   0.04036   0.01042   0.06716   0.00024   0.00291   0.03356   0.00538   0.01944   0.01094   0.01745   0.03325   0.02968   0.00958   0.01126   0.01541   0.00246   0.00846   0.29709   0.08791   0.02172   0.15242   0.08668   0.04806   0.03385   0.10169   0.85364   0.91734   0.93031   1.14923   1.17003   1.16957  
  2 3353.1599  15401.771031  x:  0.41076   0.05009   0.14552   0.10064   0.01860   0.10603   0.01805   0.08381   0.04182   0.01599   0.01794   0.07486   0.06957   0.06290   0.02679   0.03280   0.01245   0.01790   0.00672   0.02003   0.01552   0.00694   0.00257   0.00673   0.00543   0.01270   0.00542   0.00815   0.00635   0.00727   0.01092   0.02919   0.03670   0.00721   0.02607   0.00798   0.01962   0.02187   0.04214   0.01232   0.06669   0.01918   0.00275   0.03524   0.00539   0.01955   0.01064   0.01706   0.03421   0.02863   0.01247   0.00929   0.01710   0.00239   0.00844   0.29704   0.09267   0.03876   0.15350   0.08714   0.04741   0.03550   0.10184   0.86963   0.91566   0.93155   1.14916   1.15988   1.16953  
  3 4913.2492  15364.370920  x:  0.41007   0.05514   0.14975   0.10242   0.02105   0.10563   0.02006   0.08355   0.04225   0.01671   0.01646   0.07467   0.07352   0.06495   0.02838   0.03256   0.01223   0.01834   0.00100   0.01619   0.01548   0.00806   0.00634   0.00714   0.00229   0.01280   0.00458   0.00829   0.00711   0.00727   0.01092   0.02867   0.03683   0.00460   0.02628   0.00789   0.01901   0.02242   0.04388   0.01257   0.06615   0.01997   0.00101   0.03675   0.00000   0.01960   0.01061   0.01659   0.03492   0.02748   0.01148   0.00886   0.01785   0.00241   0.00845   0.29694   0.09785   0.04586   0.15455   0.08717   0.04673   0.03696   0.10129   0.88994   0.91349   0.93315   1.14906   1.14668   1.16949  
  4 2647.6077  15359.615157  x:  0.40996   0.05592   0.15042   0.10270   0.02139   0.10556   0.02032   0.08351   0.04231   0.01679   0.01624   0.07463   0.07414   0.06527   0.02862   0.03252   0.01216   0.01840   0.00011   0.01538   0.01547   0.00823   0.00690   0.00721   0.00186   0.01280   0.00445   0.00832   0.00723   0.00727   0.01092   0.02859   0.03685   0.00415   0.02631   0.00787   0.01892   0.02250   0.04415   0.01258   0.06606   0.02009   0.00087   0.03699   0.00026   0.01961   0.01061   0.01653   0.03503   0.02730   0.01127   0.00882   0.01795   0.00241   0.00845   0.29692   0.09866   0.04676   0.15471   0.08717   0.04663   0.03718   0.10119   0.89319   0.91314   0.93341   1.14905   1.14456   1.16948  
  5 24389.7479  15334.931309  x:  0.40941   0.05971   0.15375   0.10407   0.02285   0.10522   0.02131   0.08331   0.04262   0.01701   0.01524   0.07446   0.07718   0.06684   0.02975   0.03234   0.01164   0.01868   0.00078   0.01052   0.01540   0.00907   0.00954   0.00759   0.00000   0.01276   0.00381   0.00847   0.00791   0.00727   0.01092   0.02819   0.03694   0.00179   0.02646   0.00778   0.01851   0.02286   0.04545   0.01253   0.06564   0.02071   0.00078   0.03810   0.00085   0.01964   0.01065   0.01625   0.03553   0.02643   0.00993   0.00873   0.01836   0.00242   0.00846   0.29683   0.10264   0.05012   0.15550   0.08710   0.04612   0.03825   0.10065   0.90940   0.91140   0.93469   1.14897   1.13396   1.16945  
  6 26365.4834  15318.184398  x:  0.40896   0.06277   0.15644   0.10519   0.02401   0.10493   0.02210   0.08314   0.04286   0.01718   0.01445   0.07431   0.07963   0.06811   0.03065   0.03219   0.01121   0.01889   0.00121   0.00670   0.01535   0.00974   0.01170   0.00789   0.00036   0.01272   0.00333   0.00860   0.00846   0.00727   0.01092   0.02787   0.03702   0.00000   0.02657   0.00771   0.01818   0.02315   0.04650   0.01247   0.06530   0.02038   0.00081   0.03900   0.00126   0.01967   0.01068   0.01603   0.03592   0.02574   0.00888   0.00868   0.01867   0.00242   0.00847   0.29675   0.10587   0.05295   0.15613   0.08705   0.04570   0.03911   0.10022   0.92256   0.90999   0.93573   1.14892   1.12534   1.16942  
  7 113640.0250  15290.847254  x:  0.40826   0.06739   0.16053   0.10688   0.02570   0.10449   0.02319   0.08289   0.04322   0.01736   0.01329   0.07408   0.08335   0.07002   0.03200   0.03197   0.01051   0.01920   0.00174   0.00057   0.01525   0.01075   0.01494   0.00837   0.00073   0.01264   0.00263   0.00879   0.00931   0.00727   0.01092   0.02738   0.03714   0.00053   0.02675   0.00764   0.01770   0.02358   0.04808   0.01234   0.06478   0.01993   0.00102   0.04035   0.00177   0.01971   0.01073   0.01570   0.03652   0.02469   0.00718   0.00864   0.01912   0.00243   0.00848   0.29664   0.11076   0.05683   0.15710   0.08696   0.04507   0.04040   0.09953   0.94264   0.90784   0.93732   1.14882   1.11217   1.16938  
  8 100163.9960  15218.850400  x:  0.40582   0.08079   0.17364   0.11215   0.02758   0.10281   0.02241   0.08205   0.04407   0.01554   0.01167   0.07312   0.09464   0.07567   0.03528   0.03137   0.00633   0.01953   0.00220   0.00455   0.01459   0.01322   0.02248   0.00958   0.00118   0.01160   0.00456   0.00947   0.01161   0.00725   0.01090   0.02600   0.03757   0.00118   0.02715   0.00744   0.01697   0.02434   0.05246   0.01016   0.06316   0.01992   0.00656   0.04389   0.00236   0.01975   0.01111   0.01513   0.03784   0.02204   0.00000   0.01020   0.01909   0.00229   0.00852   0.29615   0.12581   0.05362   0.15994   0.08603   0.04322   0.04376   0.09645   1.01016   0.90049   0.94273   1.14851   1.06707   1.16923  
  9 11435.9422  15123.373884  x:  0.40219   0.10044   0.19302   0.11992   0.02992   0.10030   0.02071   0.08081   0.04528   0.01256   0.00950   0.07167   0.11126   0.08396   0.04000   0.03048   0.00000   0.01993   0.00280   0.00944   0.01356   0.01687   0.03365   0.01139   0.00176   0.00998   0.00740   0.01048   0.01506   0.00723   0.01086   0.02398   0.03819   0.00201   0.02772   0.00714   0.01597   0.02540   0.05887   0.00675   0.06079   0.01970   0.01466   0.04903   0.00315   0.01980   0.01169   0.01433   0.03977   0.01827   0.00158   0.01272   0.01892   0.00208   0.00857   0.29542   0.14798   0.04682   0.16410   0.08458   0.04051   0.04864   0.09180   1.11036   0.88959   0.95076   1.14805   1.00004   1.16901  
 10 147513.7897  14966.522675  x:  0.39505   0.13865   0.23091   0.13507   0.03403   0.09536   0.01688   0.07839   0.04761   0.00651   0.00569   0.06882   0.14365   0.10008   0.04912   0.02891   0.00442   0.02062   0.00391   0.01857   0.01153   0.02389   0.05526   0.01485   0.00280   0.00680   0.01288   0.01242   0.02170   0.00719   0.01079   0.02010   0.03939   0.00355   0.02879   0.00659   0.01415   0.02737   0.07128   0.00000   0.05616   0.01885   0.03042   0.05895   0.00465   0.01989   0.01283   0.01283   0.04345   0.01114   0.00438   0.01774   0.01839   0.00172   0.00867   0.29395   0.19124   0.03156   0.17222   0.08166   0.03524   0.05807   0.08260   1.30684   0.86818   0.96651   1.14715   0.86843   1.16858  
 11 303179.9103  14718.063193  x:  0.38220   0.19477   0.28990   0.15685   0.03490   0.08797   0.01005   0.07526   0.04995   0.01606   0.03172   0.06464   0.19094   0.12149   0.05847   0.02853   0.00829   0.02018   0.00518   0.02889   0.01344   0.02379   0.07280   0.01212   0.00399   0.01335   0.01350   0.01042   0.02169   0.00718   0.01090   0.01735   0.04048   0.00528   0.02930   0.00857   0.01709   0.02746   0.08725   0.05540   0.05131   0.01395   0.04525   0.07039   0.00619   0.01984   0.01209   0.01445   0.04885   0.02120   0.00694   0.01899   0.01616   0.00700   0.00851   0.29065   0.25737   0.00000   0.18498   0.07715   0.02932   0.06925   0.06888   1.63473   0.83166   0.99324   1.14563   0.64013   1.16783  
 12 29581.8830  14718.063193  x:  0.38220   0.19477   0.28990   0.15685   0.03490   0.08797   0.01005   0.07526   0.04995   0.01606   0.03172   0.06464   0.19094   0.12149   0.05847   0.02853   0.00829   0.02018   0.00518   0.02889   0.01344   0.02379   0.07280   0.01212   0.00399   0.01335   0.01350   0.01042   0.02169   0.00718   0.01090   0.01735   0.04048   0.00528   0.02930   0.00857   0.01709   0.02746   0.08725   0.05540   0.05131   0.01395   0.04525   0.07039   0.00619   0.01984   0.01209   0.01445   0.04885   0.02120   0.00694   0.01899   0.01616   0.00700   0.00851   0.29065   0.25737   0.00000   0.18498   0.07715   0.02932   0.06925   0.06888   1.63473   0.83166   0.99324   1.14563   0.64013   1.16783  
 13 9205.9062  14658.524687  x:  0.38158   0.19209   0.28835   0.15517   0.03274   0.08882   0.01286   0.07598   0.04925   0.01505   0.02893   0.06532   0.18819   0.11897   0.05588   0.02950   0.00933   0.01960   0.00033   0.02322   0.01431   0.01933   0.06666   0.00946   0.00000   0.01264   0.00925   0.00914   0.01742   0.00719   0.01094   0.01917   0.03991   0.00389   0.02864   0.00814   0.01794   0.02618   0.08460   0.05102   0.05237   0.00786   0.03894   0.06775   0.00223   0.01972   0.01146   0.01516   0.04657   0.02296   0.00857   0.01588   0.01643   0.00268   0.00846   0.29012   0.25534   0.00832   0.18484   0.07828   0.03143   0.06717   0.07192   1.63794   0.83088   0.99364   1.14565   0.63235   1.16782  
 14 2975.5390  14654.262009  x:  0.38153   0.19190   0.28824   0.15505   0.03259   0.08888   0.01305   0.07603   0.04920   0.01498   0.02873   0.06537   0.18799   0.11879   0.05569   0.02956   0.00940   0.01956   0.00000   0.02282   0.01437   0.01901   0.06622   0.00928   0.00007   0.01260   0.00895   0.00905   0.01712   0.00720   0.01095   0.01930   0.03987   0.00379   0.02859   0.00811   0.01800   0.02609   0.08441   0.05071   0.05245   0.00742   0.03849   0.06757   0.00195   0.01971   0.01142   0.01521   0.04641   0.02309   0.00869   0.01566   0.01645   0.00238   0.00846   0.29009   0.25520   0.00889   0.18483   0.07836   0.03158   0.06702   0.07214   1.63817   0.83083   0.99367   1.14565   0.63179   1.16781  
 15 69556.7485  14614.265118  x:  0.38095   0.18937   0.28679   0.15350   0.03062   0.08961   0.01481   0.07666   0.04857   0.01429   0.02633   0.06600   0.18542   0.11644   0.05331   0.03031   0.00989   0.01919   0.00467   0.01780   0.01502   0.01503   0.06052   0.00758   0.00025   0.01218   0.00572   0.00836   0.01345   0.00721   0.01097   0.02063   0.03941   0.00339   0.02806   0.00793   0.01860   0.02505   0.08196   0.04662   0.05341   0.00194   0.03255   0.06515   0.00000   0.01964   0.01105   0.01588   0.04440   0.02429   0.00931   0.01318   0.01664   0.00124   0.00846   0.28961   0.25325   0.01288   0.18463   0.07916   0.03326   0.06510   0.07439   1.64121   0.83009   0.99405   1.14568   0.62441   1.16780  
 16 11152.1310  14600.514390  x:  0.38073   0.18841   0.28624   0.15291   0.02988   0.08988   0.01542   0.07689   0.04833   0.01406   0.02544   0.06623   0.18445   0.11556   0.05241   0.03058   0.01005   0.01906   0.00584   0.01591   0.01524   0.01357   0.05836   0.00702   0.00030   0.01204   0.00463   0.00815   0.01212   0.00721   0.01097   0.02111   0.03924   0.00330   0.02787   0.00787   0.01880   0.02467   0.08104   0.04508   0.05377   0.00000   0.03031   0.06425   0.00106   0.01961   0.01093   0.01615   0.04365   0.02471   0.00949   0.01230   0.01670   0.00121   0.00847   0.28942   0.25252   0.01424   0.18455   0.07945   0.03387   0.06438   0.07520   1.64236   0.82982   0.99419   1.14568   0.62161   1.16779  
 17 35233.5565  14533.239183  x:  0.37912   0.18131   0.28220   0.14863   0.02463   0.09172   0.01855   0.07850   0.04665   0.01293   0.01953   0.06793   0.17726   0.10910   0.04593   0.03220   0.01049   0.01834   0.00954   0.00217   0.01633   0.00389   0.04225   0.00491   0.00049   0.01147   0.00040   0.00760   0.00358   0.00725   0.01098   0.02398   0.03817   0.00394   0.02668   0.00783   0.01991   0.02227   0.07434   0.03381   0.05645   0.00530   0.01397   0.05772   0.00280   0.01949   0.01045   0.01771   0.03848   0.02700   0.00971   0.00715   0.01707   0.00838   0.00858   0.28811   0.24703   0.02000   0.18387   0.08123   0.03779   0.05916   0.08032   1.65090   0.82776   0.99523   1.14575   0.60068   1.16774  
 18 11104.7782  14526.067329  x:  0.37890   0.18033   0.28165   0.14804   0.02391   0.09197   0.01896   0.07872   0.04643   0.01278   0.01874   0.06816   0.17628   0.10821   0.04504   0.03241   0.01054   0.01824   0.00998   0.00046   0.01647   0.00274   0.04004   0.00467   0.00052   0.01140   0.00129   0.00754   0.00260   0.00725   0.01098   0.02437   0.03803   0.00401   0.02652   0.00782   0.02006   0.02195   0.07342   0.03227   0.05682   0.00573   0.01172   0.05683   0.00296   0.01948   0.01039   0.01791   0.03779   0.02730   0.00974   0.00652   0.01712   0.00915   0.00860   0.28793   0.24627   0.02078   0.18378   0.08147   0.03832   0.05845   0.08101   1.65208   0.82748   0.99538   1.14576   0.59779   1.16774  
 19 37512.1154  14493.474629  x:  0.37782   0.17556   0.27895   0.14522   0.02057   0.09314   0.02056   0.07974   0.04536   0.01236   0.01535   0.06929   0.17148   0.10394   0.04085   0.03332   0.01064   0.01792   0.01128   0.00389   0.01701   0.00064   0.02928   0.00449   0.00059   0.01124   0.00273   0.00754   0.00161   0.00729   0.01098   0.02600   0.03739   0.00438   0.02585   0.00787   0.02060   0.02063   0.06901   0.02488   0.05850   0.00710   0.00092   0.05260   0.00344   0.01943   0.01023   0.01867   0.03462   0.02850   0.00963   0.00470   0.01731   0.01198   0.00863   0.28706   0.24259   0.02358   0.18331   0.08253   0.04065   0.05504   0.08411   1.65783   0.82609   0.99608   1.14581   0.58362   1.16770  
 20 10377.8359  14490.973009  x:  0.37774   0.17520   0.27874   0.14500   0.02032   0.09323   0.02067   0.07982   0.04528   0.01234   0.01511   0.06937   0.17112   0.10362   0.04053   0.03339   0.01065   0.01789   0.01137   0.00394   0.01705   0.00094   0.02847   0.00449   0.00060   0.01123   0.00277   0.00755   0.00167   0.00729   0.01098   0.02612   0.03734   0.00440   0.02580   0.00787   0.02063   0.02053   0.06868   0.02433   0.05862   0.00717   0.00024   0.05228   0.00347   0.01942   0.01022   0.01873   0.03439   0.02859   0.00962   0.00461   0.01732   0.01217   0.00863   0.28700   0.24231   0.02378   0.18327   0.08261   0.04082   0.05479   0.08434   1.65827   0.82599   0.99613   1.14582   0.58254   1.16770  
 21 28477.1440  14421.972569  x:  0.37506   0.16327   0.27201   0.13798   0.01220   0.09609   0.02426   0.08230   0.04271   0.01161   0.00746   0.07218   0.15915   0.09303   0.03025   0.03549   0.01078   0.01723   0.01425   0.00652   0.01827   0.00357   0.00168   0.00476   0.00075   0.01098   0.00447   0.00773   0.00508   0.00737   0.01097   0.02996   0.03582   0.00515   0.02422   0.00802   0.02181   0.01754   0.05778   0.00619   0.06274   0.00924   0.00182   0.04189   0.00435   0.01932   0.00994   0.02039   0.02689   0.03130   0.00922   0.00247   0.01775   0.01803   0.00866   0.28486   0.23310   0.02997   0.18207   0.08517   0.04638   0.04641   0.09179   1.67269   0.82252   0.99787   1.14595   0.54696   1.16762  
 22 12601.8098  14416.235003  x:  0.37478   0.16197   0.27129   0.13726   0.01158   0.09636   0.02442   0.08252   0.04249   0.01176   0.00777   0.07248   0.15787   0.09194   0.02935   0.03561   0.01073   0.01722   0.01427   0.00644   0.01821   0.00343   0.00040   0.00518   0.00076   0.01104   0.00443   0.00784   0.00517   0.00736   0.01097   0.03022   0.03571   0.00515   0.02415   0.00805   0.02183   0.01747   0.05670   0.00497   0.06312   0.00914   0.00174   0.04096   0.00431   0.01934   0.00996   0.02042   0.02649   0.03141   0.00913   0.00445   0.01776   0.01828   0.00865   0.28464   0.23209   0.03016   0.18192   0.08538   0.04682   0.04560   0.09242   1.67429   0.82214   0.99806   1.14596   0.54295   1.16761  
 23 6258.5414  14397.117916  x:  0.37368   0.15695   0.26850   0.13444   0.00904   0.09744   0.02515   0.08342   0.04161   0.01219   0.00811   0.07366   0.15290   0.08774   0.02575   0.03612   0.01057   0.01716   0.01453   0.00650   0.01812   0.00336   0.00183   0.00638   0.00078   0.01122   0.00454   0.00818   0.00570   0.00735   0.01095   0.03130   0.03526   0.00521   0.02381   0.00817   0.02197   0.01704   0.05249   0.00000   0.06464   0.00907   0.00172   0.03723   0.00428   0.01938   0.01003   0.02065   0.02473   0.03195   0.00879   0.00849   0.01782   0.01954   0.00861   0.28379   0.22821   0.03119   0.18139   0.08624   0.04862   0.04244   0.09497   1.68044   0.82066   0.99879   1.14603   0.52757   1.16758  
 24 14624.2994  14323.523194  x:  0.36928   0.13677   0.25732   0.12326   0.00000   0.10167   0.02758   0.08691   0.03826   0.01402   0.01032   0.07843   0.13303   0.07114   0.01231   0.03792   0.00991   0.01702   0.01533   0.00711   0.01750   0.00365   0.00412   0.01019   0.00084   0.01196   0.00506   0.00948   0.00722   0.00730   0.01090   0.03527   0.03359   0.00544   0.02266   0.00862   0.02230   0.01588   0.03624   0.00679   0.07080   0.00879   0.00191   0.02334   0.00418   0.01964   0.01026   0.02119   0.01984   0.03375   0.00742   0.01586   0.01788   0.02417   0.00843   0.28042   0.21264   0.03418   0.17921   0.08952   0.05544   0.03017   0.10477   1.70526   0.81472   1.00169   1.14630   0.46528   1.16744  
 25 13652.9239  14208.152972  x:  0.36042   0.09463   0.23445   0.10252   0.02658   0.10968   0.02808   0.09291   0.03393   0.01751   0.02084   0.08970   0.09278   0.04137   0.00817   0.03878   0.00926   0.01799   0.01346   0.00795   0.01413   0.00489   0.00421   0.01174   0.00079   0.01352   0.00538   0.01053   0.00496   0.00714   0.01086   0.04008   0.03195   0.00600   0.02302   0.00910   0.02081   0.01974   0.00985   0.00797   0.08116   0.00589   0.00250   0.00812   0.00279   0.02032   0.01134   0.01965   0.02261   0.03389   0.00513   0.01519   0.01670   0.02936   0.00817   0.27403   0.18018   0.02952   0.17451   0.09483   0.06577   0.01183   0.12088   1.75859   0.80202   1.00759   1.14708   0.32929   1.16714  
 26 10347.0568  14106.902425  x:  0.35276   0.05679   0.21414   0.08500   0.02413   0.11588   0.02712   0.09808   0.03114   0.01807   0.02194   0.09755   0.05830   0.02440   0.01925   0.03895   0.01018   0.01834   0.01191   0.00704   0.01315   0.00331   0.00431   0.01182   0.00073   0.01365   0.00515   0.01032   0.00975   0.00729   0.01090   0.04331   0.03116   0.00647   0.02341   0.00897   0.01979   0.02091   0.01168   0.00766   0.08981   0.00362   0.00184   0.02463   0.00164   0.02048   0.01148   0.01884   0.02601   0.03389   0.00656   0.01519   0.01639   0.03288   0.00826   0.26884   0.15098   0.02440   0.17041   0.09978   0.07478   0.01096   0.13487   1.80865   0.79024   1.01276   1.14804   0.20175   1.16685  
 27 10078.5003  14085.376803  x:  0.35123   0.04819   0.20951   0.08300   0.02335   0.11711   0.02600   0.09917   0.03171   0.01755   0.02186   0.09935   0.05289   0.03109   0.01582   0.03824   0.01002   0.01850   0.01135   0.00810   0.01382   0.00515   0.00415   0.01083   0.00071   0.01333   0.00540   0.00991   0.00429   0.00716   0.01094   0.04267   0.03164   0.00614   0.02384   0.00900   0.01962   0.02125   0.02083   0.00711   0.09093   0.00354   0.00264   0.01760   0.00161   0.02052   0.01119   0.01856   0.02773   0.03326   0.00577   0.01493   0.01662   0.03208   0.00825   0.26830   0.14393   0.02172   0.16963   0.10116   0.07618   0.01652   0.13799   1.82377   0.78687   1.01379   1.14864   0.16980   1.16676  
 28 3741.9320  14081.292436  x:  0.35116   0.04668   0.20855   0.08451   0.02302   0.11726   0.02489   0.09940   0.03275   0.01698   0.02136   0.09980   0.05423   0.03539   0.01468   0.03756   0.00978   0.01853   0.01104   0.00666   0.01406   0.00305   0.00404   0.01010   0.00068   0.01319   0.00489   0.00975   0.00959   0.00728   0.01094   0.04132   0.03228   0.00581   0.02417   0.00893   0.01965   0.02133   0.01968   0.00689   0.09052   0.00369   0.00172   0.01528   0.00171   0.02053   0.01106   0.01853   0.02877   0.03261   0.00635   0.01426   0.01677   0.03024   0.00825   0.26892   0.14200   0.01965   0.16970   0.10166   0.07553   0.01705   0.13875   1.83128   0.78539   1.01380   1.14922   0.16357   1.16672  
 29 1066.2446  14072.897138  x:  0.35154   0.04451   0.20665   0.09035   0.01913   0.11751   0.02204   0.09994   0.03567   0.01543   0.01929   0.10077   0.06046   0.04290   0.01454   0.03593   0.00958   0.01847   0.01063   0.00676   0.01473   0.00373   0.00375   0.00887   0.00063   0.01284   0.00471   0.00966   0.00646   0.00728   0.01097   0.03735   0.03388   0.00555   0.02474   0.00875   0.02005   0.02083   0.01039   0.00617   0.08899   0.00501   0.00198   0.01732   0.00235   0.02050   0.01089   0.01893   0.03025   0.03110   0.00717   0.01348   0.01717   0.02478   0.00830   0.27152   0.13739   0.01470   0.17033   0.10328   0.07298   0.01476   0.14107   1.85460   0.78092   1.01341   1.15130   0.15571   1.16658  
 30 1071.6727  14059.094115  x:  0.35269   0.04130   0.20220   0.10071   0.01671   0.11896   0.01931   0.10126   0.03845   0.01640   0.01843   0.10391   0.06990   0.03910   0.01695   0.03483   0.01069   0.01842   0.01011   0.00585   0.01291   0.00334   0.00328   0.01226   0.00056   0.01389   0.00408   0.01093   0.00566   0.00717   0.01085   0.03258   0.03477   0.00658   0.02426   0.00947   0.02043   0.02024   0.01504   0.00545   0.08695   0.00652   0.00173   0.01566   0.00316   0.02070   0.01165   0.01938   0.02819   0.03005   0.00308   0.01140   0.01681   0.01698   0.00835   0.27770   0.12730   0.00952   0.17212   0.10757   0.06890   0.00699   0.14804   1.91147   0.77006   1.01224   1.15651   0.15417   1.16624  
 31 1140.3994  14035.551766  x:  0.35511   0.03578   0.19296   0.11932   0.01533   0.12225   0.01564   0.10391   0.04207   0.01884   0.01834   0.11065   0.08536   0.02571   0.01781   0.03372   0.01139   0.01833   0.01112   0.00510   0.01057   0.00317   0.00283   0.01723   0.00055   0.01542   0.00355   0.01243   0.00449   0.00715   0.01074   0.02546   0.03526   0.00824   0.02300   0.01028   0.02077   0.01968   0.01765   0.00495   0.08355   0.01065   0.00156   0.01252   0.00529   0.02097   0.01264   0.01991   0.02400   0.02960   0.01080   0.00924   0.01608   0.00537   0.00851   0.29039   0.10715   0.00264   0.17577   0.11684   0.06279   0.01476   0.16295   2.03106   0.74714   1.00975   1.16747   0.15565   1.16551  
 32 6200.4571  13997.077138  x:  0.35899   0.03386   0.18008   0.13883   0.02285   0.12717   0.01680   0.10701   0.04222   0.01910   0.02049   0.12013   0.09707   0.02580   0.01099   0.03457   0.00838   0.01832   0.01594   0.00643   0.01852   0.00351   0.00390   0.01372   0.00079   0.01334   0.00462   0.00888   0.00705   0.00750   0.01118   0.02643   0.03370   0.00501   0.02258   0.00839   0.01988   0.02137   0.01941   0.00672   0.08034   0.01549   0.00179   0.02125   0.00764   0.02046   0.01088   0.01876   0.02625   0.03043   0.00169   0.01363   0.01684   0.00636   0.00879   0.30914   0.08256   0.01328   0.18106   0.12989   0.05689   0.02170   0.18539   2.21647   0.71128   1.00590   1.18450   0.16270   1.16438  
 33 4589.2578  13971.846637  x:  0.36309   0.03633   0.16894   0.15273   0.02818   0.13125   0.01932   0.10918   0.03971   0.01824   0.02290   0.12775   0.10237   0.03538   0.01471   0.03628   0.00825   0.01850   0.02056   0.00886   0.02239   0.00488   0.00527   0.00888   0.00106   0.01145   0.00627   0.00737   0.00820   0.00723   0.01127   0.03262   0.03195   0.00426   0.02338   0.00781   0.01881   0.02294   0.02459   0.00890   0.07824   0.01827   0.00253   0.02340   0.00892   0.01994   0.00984   0.01694   0.03055   0.03220   0.01544   0.01936   0.01767   0.01469   0.00856   0.32701   0.06431   0.02312   0.18566   0.14083   0.05237   0.01377   0.20570   2.40027   0.67550   1.00209   1.20141   0.17048   1.16325  
 34 10616.0111  13924.188512  x:  0.37092   0.05504   0.16058   0.15703   0.02348   0.13248   0.02057   0.10825   0.03108   0.01431   0.02471   0.13067   0.09268   0.05086   0.03505   0.03836   0.01551   0.01972   0.01652   0.00902   0.00772   0.00510   0.00540   0.00869   0.00093   0.01622   0.00629   0.02019   0.00845   0.00670   0.01002   0.04490   0.03296   0.01166   0.02770   0.01352   0.01866   0.02265   0.01607   0.00928   0.07701   0.00994   0.00270   0.01510   0.00470   0.02045   0.01524   0.01494   0.03527   0.03041   0.00619   0.01975   0.01605   0.02922   0.00730   0.35135   0.06739   0.02249   0.18955   0.14926   0.05452   0.02319   0.22602   2.67771   0.62068   0.99613   1.22711   0.18048   1.16150  
 35 4887.2003  13879.432841  x:  0.37701   0.07152   0.16133   0.15232   0.02093   0.12983   0.01826   0.10529   0.02883   0.01565   0.02678   0.12766   0.08067   0.05348   0.03341   0.03665   0.01101   0.01991   0.00907   0.00767   0.01728   0.00438   0.00455   0.01455   0.00063   0.01609   0.00533   0.01890   0.00743   0.00823   0.01155   0.04658   0.03392   0.00980   0.02774   0.01073   0.01881   0.02264   0.01545   0.00779   0.07702   0.00087   0.00240   0.01570   0.00000   0.02068   0.01388   0.01758   0.03603   0.02801   0.00620   0.01562   0.01578   0.03705   0.00983   0.36550   0.08526   0.00649   0.19034   0.14873   0.05652   0.02309   0.23113   2.86298   0.58367   0.99199   1.24438   0.18514   1.16029  
 36 5885.6017  13852.861986  x:  0.38120   0.08389   0.16351   0.14619   0.02008   0.12733   0.01828   0.10274   0.02766   0.01603   0.02866   0.12428   0.07007   0.05478   0.03226   0.03566   0.00929   0.01975   0.00920   0.00719   0.02019   0.00413   0.00415   0.01617   0.00060   0.01554   0.00502   0.01649   0.00717   0.00846   0.01211   0.04803   0.03458   0.00632   0.02758   0.00858   0.01932   0.02253   0.01578   0.00700   0.07748   0.00334   0.00225   0.01629   0.00121   0.02085   0.01252   0.01852   0.03664   0.02711   0.00651   0.01382   0.01576   0.03000   0.01030   0.37411   0.10152   0.00000   0.19044   0.14705   0.05917   0.02217   0.23319   2.98589   0.55897   0.98925   1.25583   0.18722   1.15949  
 37 14909.6626  13852.861986  x:  0.38120   0.08389   0.16351   0.14619   0.02008   0.12733   0.01828   0.10274   0.02766   0.01603   0.02866   0.12428   0.07007   0.05478   0.03226   0.03566   0.00929   0.01975   0.00920   0.00719   0.02019   0.00413   0.00415   0.01617   0.00060   0.01554   0.00502   0.01649   0.00717   0.00846   0.01211   0.04803   0.03458   0.00632   0.02758   0.00858   0.01932   0.02253   0.01578   0.00700   0.07748   0.00334   0.00225   0.01629   0.00121   0.02085   0.01252   0.01852   0.03664   0.02711   0.00651   0.01382   0.01576   0.03000   0.01030   0.37411   0.10152   0.00000   0.19044   0.14705   0.05917   0.02217   0.23319   2.98589   0.55897   0.98925   1.25583   0.18722   1.15949  
 38 6224.4511  13829.187840  x:  0.38140   0.08413   0.16484   0.14615   0.01879   0.12660   0.01830   0.10240   0.02957   0.01534   0.02700   0.12318   0.07143   0.05698   0.03214   0.03527   0.00981   0.01946   0.00525   0.00496   0.01899   0.00846   0.00415   0.01339   0.00696   0.01447   0.00479   0.01402   0.00743   0.00773   0.01166   0.04625   0.03479   0.00518   0.02731   0.00848   0.01937   0.02245   0.02173   0.00893   0.07709   0.00000   0.00246   0.02200   0.00233   0.02068   0.01178   0.01835   0.03732   0.02740   0.00773   0.01242   0.01624   0.02543   0.00937   0.37390   0.10310   0.00304   0.19039   0.14619   0.05870   0.02513   0.23167   2.98660   0.55883   0.98913   1.25595   0.18661   1.15947  
 39 2567.5082  13813.679169  x:  0.38165   0.08443   0.16648   0.14610   0.01720   0.12570   0.01832   0.10197   0.03190   0.01451   0.02496   0.12183   0.07312   0.05967   0.03198   0.03479   0.01042   0.01910   0.00043   0.00230   0.01752   0.01341   0.00413   0.00999   0.01397   0.01317   0.00453   0.01101   0.00773   0.00686   0.01112   0.04406   0.03505   0.00381   0.02699   0.00837   0.01944   0.02235   0.02891   0.01122   0.07659   0.00216   0.00289   0.02884   0.00352   0.02048   0.01089   0.01814   0.03814   0.02775   0.00917   0.01071   0.01682   0.01978   0.00824   0.37363   0.10504   0.00666   0.19032   0.14514   0.05812   0.02873   0.22978   2.98748   0.55865   0.98898   1.25610   0.18585   1.15946  
 40 23536.2755  13794.957017  x:  0.38223   0.08504   0.17049   0.14597   0.01352   0.12350   0.01830   0.10086   0.03662   0.01323   0.02057   0.11854   0.07694   0.06480   0.03146   0.03378   0.01071   0.01835   0.01074   0.00527   0.01495   0.01425   0.00534   0.00421   0.01339   0.01112   0.00492   0.00568   0.00783   0.00647   0.01050   0.03888   0.03579   0.00279   0.02641   0.00839   0.01961   0.02213   0.04073   0.01318   0.07521   0.00305   0.00174   0.03873   0.00059   0.02012   0.00972   0.01751   0.03936   0.02823   0.01024   0.00807   0.01783   0.00572   0.00723   0.37294   0.10962   0.01122   0.19009   0.14235   0.05646   0.03550   0.22491   2.98971   0.55822   0.98859   1.25648   0.18406   1.15942  
 41 2667.4676  13788.188305  x:  0.38244   0.08523   0.17204   0.14592   0.01229   0.12265   0.01828   0.10041   0.03804   0.01312   0.01933   0.11729   0.07830   0.06629   0.03129   0.03348   0.01059   0.01818   0.01082   0.00512   0.01436   0.01307   0.00476   0.00494   0.01068   0.01095   0.00501   0.00596   0.00776   0.00674   0.01053   0.03703   0.03607   0.00337   0.02628   0.00846   0.01967   0.02206   0.04380   0.01313   0.07462   0.00288   0.00256   0.04092   0.00265   0.02006   0.00975   0.01744   0.03957   0.02830   0.01012   0.00801   0.01803   0.00092   0.00755   0.37266   0.11133   0.01209   0.18999   0.14121   0.05574   0.03740   0.22293   2.99062   0.55804   0.98843   1.25664   0.18343   1.15941  
 42 2534.3342  13772.110753  x:  0.38322   0.08587   0.17759   0.14575   0.00820   0.11961   0.01826   0.09878   0.04273   0.01300   0.01553   0.11284   0.08306   0.07131   0.03081   0.03251   0.01024   0.01772   0.00776   0.00356   0.01272   0.00915   0.00283   0.00679   0.00087   0.01075   0.00507   0.00743   0.00757   0.00744   0.01069   0.03061   0.03696   0.00442   0.02589   0.00859   0.01982   0.02187   0.05399   0.01262   0.07253   0.00199   0.00228   0.04796   0.00045   0.01987   0.00998   0.01704   0.04021   0.02848   0.00963   0.00832   0.01869   0.00142   0.00894   0.37164   0.11743   0.01486   0.18964   0.13705   0.05311   0.04370   0.21572   2.99395   0.55740   0.98783   1.25722   0.18124   1.15935  
 43 2274.7399  13770.675772  x:  0.38337   0.08597   0.17874   0.14572   0.00767   0.11899   0.01827   0.09843   0.04345   0.01314   0.01527   0.11196   0.08396   0.07208   0.03081   0.03239   0.01019   0.01774   0.00771   0.00414   0.01278   0.00821   0.00353   0.00665   0.00035   0.01090   0.00507   0.00750   0.00754   0.00747   0.01075   0.02949   0.03708   0.00429   0.02585   0.00859   0.01983   0.02186   0.05542   0.01223   0.07210   0.00199   0.00201   0.04870   0.00177   0.01987   0.01010   0.01705   0.04024   0.02847   0.00944   0.00852   0.01871   0.00237   0.00903   0.37141   0.11866   0.01504   0.18957   0.13615   0.05255   0.04463   0.21415   2.99468   0.55726   0.98769   1.25736   0.18086   1.15934  
 44 1853.5286  13768.182162  x:  0.38374   0.08618   0.18148   0.14565   0.00655   0.11753   0.01831   0.09759   0.04495   0.01362   0.01488   0.10989   0.08605   0.07367   0.03084   0.03215   0.00994   0.01785   0.00767   0.00538   0.01312   0.00504   0.00444   0.00743   0.00180   0.01149   0.00510   0.00847   0.00741   0.00776   0.01101   0.02694   0.03739   0.00447   0.02581   0.00861   0.01984   0.02183   0.05797   0.01082   0.07105   0.00208   0.00198   0.04949   0.00267   0.01990   0.01055   0.01708   0.04017   0.02839   0.00871   0.00933   0.01866   0.00343   0.00949   0.37087   0.12154   0.01493   0.18940   0.13398   0.05116   0.04647   0.21036   2.99645   0.55692   0.98736   1.25767   0.17998   1.15931  
 45 3653.0832  13760.465530  x:  0.38493   0.08660   0.19066   0.14544   0.00658   0.11281   0.01870   0.09476   0.04762   0.01598   0.01828   0.10348   0.09215   0.07665   0.03198   0.03215   0.00964   0.01899   0.00445   0.00838   0.01717   0.00563   0.00867   0.00583   0.00105   0.01394   0.00468   0.00874   0.00744   0.00713   0.01166   0.02127   0.03783   0.00236   0.02607   0.00835   0.01971   0.02196   0.06121   0.00488   0.06775   0.00179   0.00347   0.04690   0.00072   0.02021   0.01174   0.01743   0.03929   0.02785   0.00702   0.01165   0.01740   0.00206   0.00847   0.36892   0.13082   0.01200   0.18891   0.12640   0.04649   0.04941   0.19693   3.00284   0.55568   0.98612   1.25883   0.17791   1.15921  
 46 1407.2182  13756.280870  x:  0.38561   0.08672   0.19597   0.14529   0.00760   0.11021   0.01898   0.09320   0.04849   0.01630   0.01966   0.10003   0.09531   0.07775   0.03291   0.03237   0.00966   0.01937   0.00426   0.00808   0.01836   0.00679   0.00766   0.00574   0.00124   0.01402   0.00501   0.00782   0.00751   0.00706   0.01156   0.01984   0.03801   0.00445   0.02630   0.00845   0.01967   0.02201   0.06181   0.00375   0.06619   0.00188   0.00089   0.04448   0.00104   0.02035   0.01156   0.01766   0.03916   0.02763   0.00775   0.01144   0.01682   0.00184   0.00818   0.36772   0.13605   0.01005   0.18871   0.12198   0.04408   0.05031   0.18887   3.00680   0.55491   0.98534   1.25956   0.17714   1.15914  
 47 1697.0450  13751.250919  x:  0.38687   0.08686   0.20590   0.14496   0.00987   0.10547   0.01951   0.09038   0.04975   0.01611   0.02154   0.09377   0.10098   0.07951   0.03476   0.03286   0.00986   0.01984   0.00568   0.00691   0.01956   0.00863   0.00482   0.00533   0.00165   0.01325   0.00563   0.00541   0.00766   0.00699   0.01109   0.01847   0.03821   0.00740   0.02667   0.00864   0.01961   0.02211   0.06252   0.00386   0.06360   0.00189   0.00344   0.03997   0.00200   0.02054   0.01065   0.01801   0.03928   0.02731   0.00977   0.01002   0.01599   0.00333   0.00778   0.36544   0.14575   0.00675   0.18843   0.11373   0.03988   0.05168   0.17360   3.01440   0.55344   0.98383   1.26096   0.17604   1.15901  
 48 4541.1661  13744.470831  x:  0.38837   0.08668   0.21805   0.14435   0.01303   0.10022   0.02019   0.08738   0.04980   0.01427   0.02216   0.08699   0.10688   0.08039   0.03704   0.03362   0.01030   0.01968   0.00652   0.00458   0.01811   0.00819   0.00484   0.00543   0.00177   0.01122   0.00450   0.00826   0.00778   0.00688   0.01045   0.02118   0.03776   0.00229   0.02674   0.00826   0.01949   0.02224   0.06150   0.00929   0.06177   0.00189   0.00254   0.03498   0.00234   0.02055   0.00942   0.01807   0.04021   0.02708   0.01079   0.00794   0.01625   0.00313   0.00791   0.36243   0.15731   0.00518   0.18848   0.10391   0.03643   0.05199   0.15424   3.02463   0.55147   0.98176   1.26286   0.17602   1.15884  
 49 1850.1540  13740.008993  x:  0.38953   0.08590   0.22801   0.14349   0.01504   0.09707   0.02062   0.08587   0.04811   0.01245   0.02045   0.08299   0.11014   0.07941   0.03782   0.03401   0.01022   0.01881   0.00435   0.00617   0.01445   0.00711   0.00830   0.00525   0.00146   0.01114   0.00556   0.00586   0.00757   0.00696   0.01090   0.02638   0.03716   0.00456   0.02665   0.00854   0.01968   0.02210   0.05828   0.01240   0.06226   0.00173   0.00266   0.03365   0.00133   0.02024   0.01061   0.01760   0.04073   0.02713   0.00925   0.01001   0.01791   0.00250   0.00821   0.35954   0.16631   0.00946   0.18919   0.09674   0.03693   0.05077   0.13765   3.03471   0.54950   0.97969   1.26476   0.17783   1.15866  
 50 1129.1552  13735.558101  x:  0.39071   0.08391   0.23889   0.14200   0.01515   0.09563   0.02077   0.08580   0.04523   0.01436   0.01742   0.08108   0.11162   0.07675   0.03565   0.03360   0.00966   0.01821   0.00575   0.00733   0.01453   0.00927   0.00434   0.00559   0.00181   0.01356   0.00428   0.00666   0.00775   0.00711   0.01138   0.02965   0.03641   0.00297   0.02624   0.00855   0.01992   0.02182   0.05271   0.00869   0.06495   0.00195   0.00261   0.03729   0.00223   0.01975   0.01143   0.01720   0.03996   0.02786   0.00784   0.00969   0.01843   0.00309   0.00759   0.35568   0.17539   0.01751   0.19081   0.09072   0.04174   0.04841   0.11895   3.04860   0.54675   0.97684   1.26738   0.18096   1.15842  
 51 851.4518  13733.780875  x:  0.39118   0.08224   0.24372   0.14108   0.01448   0.09617   0.02077   0.08650   0.04403   0.01531   0.01780   0.08163   0.11119   0.07520   0.03373   0.03325   0.01025   0.01861   0.00606   0.00518   0.01608   0.00804   0.00596   0.00490   0.00170   0.01244   0.00635   0.00743   0.00760   0.00670   0.01074   0.02919   0.03640   0.00331   0.02620   0.00838   0.01983   0.02186   0.04997   0.00706   0.06660   0.00191   0.00275   0.03968   0.00205   0.01988   0.01006   0.01740   0.03967   0.02820   0.00989   0.00845   0.01746   0.00291   0.00825   0.35351   0.17893   0.02023   0.19185   0.08913   0.04456   0.04685   0.11065   3.05669   0.54513   0.97522   1.26889   0.18196   1.15828  
 52 758.7722  13732.780794  x:  0.39142   0.08070   0.24646   0.14041   0.01377   0.09726   0.02075   0.08733   0.04374   0.01508   0.01900   0.08288   0.11023   0.07445   0.03252   0.03299   0.01070   0.01910   0.00597   0.00491   0.01686   0.00729   0.00643   0.00603   0.00161   0.01112   0.00438   0.00596   0.00764   0.00697   0.01049   0.02769   0.03664   0.00316   0.02629   0.00839   0.01969   0.02199   0.04885   0.00761   0.06753   0.00188   0.00265   0.04088   0.00189   0.02020   0.00951   0.01769   0.03979   0.02808   0.01056   0.00876   0.01676   0.00281   0.00806   0.35195   0.18057   0.02071   0.19263   0.08908   0.04601   0.04583   0.10630   3.06283   0.54390   0.97403   1.27001   0.18192   1.15817  
 53 597.0589  13731.350244  x:  0.39175   0.07752   0.25075   0.13921   0.01240   0.09986   0.02063   0.08908   0.04397   0.01351   0.02091   0.08597   0.10785   0.07372   0.03121   0.03263   0.01091   0.01963   0.00558   0.00640   0.01682   0.00752   0.00526   0.00453   0.00159   0.01026   0.00449   0.00722   0.00776   0.00734   0.01074   0.02457   0.03729   0.00381   0.02653   0.00861   0.01950   0.02221   0.04809   0.01009   0.06869   0.00189   0.00269   0.04186   0.00190   0.02075   0.01011   0.01810   0.04029   0.02748   0.01000   0.00976   0.01632   0.00278   0.00770   0.34903   0.18267   0.01995   0.19407   0.09015   0.04760   0.04429   0.10032   3.07483   0.54148   0.97174   1.27219   0.18099   1.15795  
 54 664.1355  13730.237436  x:  0.39204   0.07450   0.25441   0.13819   0.01142   0.10230   0.02043   0.09064   0.04455   0.01261   0.02159   0.08898   0.10549   0.07358   0.03120   0.03248   0.01062   0.01960   0.00589   0.00653   0.01604   0.00857   0.00540   0.00626   0.00168   0.01160   0.00649   0.00656   0.00773   0.00673   0.01097   0.02278   0.03774   0.00301   0.02664   0.00855   0.01949   0.02227   0.04841   0.01113   0.06920   0.00194   0.00257   0.04190   0.00197   0.02082   0.01062   0.01808   0.04052   0.02710   0.00911   0.00925   0.01672   0.00292   0.00798   0.34630   0.18421   0.01884   0.19538   0.09167   0.04821   0.04339   0.09626   3.08663   0.53911   0.96951   1.27432   0.17990   1.15774  
 55 877.7261  13728.056180  x:  0.39261   0.06869   0.26112   0.13645   0.01030   0.10665   0.01982   0.09330   0.04583   0.01310   0.02074   0.09460   0.10090   0.07401   0.03327   0.03267   0.00969   0.01865   0.00609   0.00439   0.01420   0.00817   0.00631   0.00474   0.00170   0.01439   0.00460   0.00620   0.00744   0.00650   0.01102   0.02264   0.03824   0.00369   0.02662   0.00831   0.01976   0.02209   0.05013   0.01021   0.06923   0.00188   0.00263   0.04032   0.00203   0.02020   0.01061   0.01744   0.04044   0.02702   0.00828   0.00773   0.01825   0.00282   0.00868   0.34097   0.18668   0.01677   0.19785   0.09520   0.04801   0.04258   0.09108   3.11109   0.53422   0.96492   1.27871   0.17799   1.15729  
 56 999.2947  13725.157557  x:  0.39352   0.06094   0.27063   0.13445   0.01017   0.11176   0.01890   0.09618   0.04724   0.01482   0.01818   0.10152   0.09487   0.07535   0.03722   0.03353   0.01012   0.01768   0.00556   0.00613   0.01438   0.00838   0.00612   0.00544   0.00168   0.01238   0.00515   0.00683   0.00780   0.00786   0.01032   0.02587   0.03814   0.00313   0.02632   0.00839   0.02001   0.02180   0.05397   0.00772   0.06837   0.00187   0.00268   0.03791   0.00195   0.01931   0.00921   0.01680   0.04028   0.02783   0.01126   0.00987   0.01917   0.00285   0.00702   0.33332   0.18997   0.01588   0.20129   0.10036   0.04642   0.04299   0.08725   3.14898   0.52672   0.95783   1.28551   0.17642   1.15660  
 57 1306.2966  13722.882501  x:  0.39435   0.05650   0.27776   0.13372   0.01104   0.11374   0.01850   0.09686   0.04698   0.01490   0.01786   0.10456   0.09153   0.07624   0.03860   0.03407   0.01060   0.01876   0.00534   0.00668   0.01706   0.00772   0.00509   0.00526   0.00164   0.00979   0.00517   0.00632   0.00753   0.00542   0.01120   0.02835   0.03729   0.00290   0.02619   0.00868   0.01981   0.02186   0.05618   0.00707   0.06728   0.00187   0.00261   0.03653   0.00198   0.01997   0.01134   0.01764   0.04040   0.02802   0.00986   0.00916   0.01735   0.00279   0.00967   0.32775   0.19226   0.01757   0.20362   0.10357   0.04456   0.04434   0.08841   3.18131   0.52046   0.95182   1.29127   0.17706   1.15601  
 58 1096.9037  13719.486087  x:  0.39579   0.05161   0.28851   0.13353   0.01247   0.11464   0.01831   0.09630   0.04523   0.01391   0.01954   0.10657   0.08798   0.07706   0.03808   0.03432   0.01061   0.02082   0.00635   0.00542   0.01988   0.00809   0.00616   0.00609   0.00162   0.01122   0.00529   0.00732   0.00787   0.00939   0.01158   0.03026   0.03575   0.00424   0.02626   0.00860   0.01938   0.02214   0.05810   0.00823   0.06560   0.00197   0.00281   0.03577   0.00188   0.02136   0.01172   0.01901   0.04092   0.02796   0.00735   0.00766   0.01423   0.00304   0.00840   0.31959   0.19541   0.02120   0.20676   0.10734   0.04176   0.04694   0.09401   3.23556   0.51014   0.94182   1.30088   0.17936   1.15500  
 59 1771.4303  13713.959326  x:  0.39803   0.04711   0.30380   0.13436   0.01327   0.11365   0.01856   0.09399   0.04152   0.01265   0.02253   0.10643   0.08462   0.07678   0.03416   0.03382   0.00922   0.02164   0.00683   0.00383   0.01901   0.00590   0.00427   0.00502   0.00149   0.01549   0.00579   0.00642   0.00738   0.00634   0.01046   0.02923   0.03422   0.00323   0.02661   0.00808   0.01919   0.02246   0.05709   0.00940   0.06374   0.00193   0.00259   0.03506   0.00208   0.02206   0.00923   0.01933   0.04136   0.02778   0.00947   0.01147   0.01541   0.00286   0.00657   0.30817   0.19906   0.02401   0.21063   0.11125   0.03876   0.04982   0.10563   3.32291   0.49381   0.92594   1.31621   0.18244   1.15338  
 60 2497.4018  13708.299675  x:  0.40041   0.04490   0.31889   0.13603   0.01251   0.11129   0.01915   0.09118   0.03830   0.01325   0.02336   0.10431   0.08262   0.07557   0.02951   0.03309   0.00940   0.01992   0.00664   0.00677   0.01484   0.00915   0.00603   0.00634   0.00170   0.01468   0.00380   0.00864   0.00749   0.00562   0.00976   0.02616   0.03436   0.00438   0.02694   0.00834   0.01957   0.02242   0.05373   0.00920   0.06299   0.00205   0.00294   0.03550   0.00194   0.02111   0.00806   0.01798   0.04124   0.02760   0.01251   0.00983   0.01875   0.00300   0.01055   0.29703   0.20167   0.02343   0.21387   0.11394   0.03761   0.05158   0.11887   3.42077   0.47587   0.90846   1.33320   0.18367   1.15154  
 61 3891.1197  13703.041228  x:  0.40230   0.04531   0.33010   0.13798   0.01094   0.10882   0.01990   0.08919   0.03714   0.01466   0.02184   0.10156   0.08210   0.07395   0.02740   0.03262   0.01051   0.01745   0.00524   0.00644   0.01203   0.00819   0.00535   0.00492   0.00173   0.01116   0.00534   0.00606   0.00782   0.00904   0.01098   0.02385   0.03571   0.00217   0.02690   0.00853   0.02003   0.02212   0.04933   0.00802   0.06375   0.00187   0.00256   0.03650   0.00207   0.01961   0.01117   0.01651   0.04068   0.02725   0.01203   0.00752   0.02072   0.00277   0.00966   0.28891   0.20247   0.01988   0.21578   0.11507   0.03878   0.05137   0.12970   3.50664   0.46053   0.89348   1.34791   0.18238   1.14992  
 62 4371.4320  13697.352860  x:  0.40402   0.04881   0.33906   0.14053   0.00903   0.10627   0.02087   0.08824   0.03891   0.01500   0.01751   0.09824   0.08316   0.07242   0.02920   0.03242   0.01152   0.01603   0.00584   0.00485   0.01412   0.00910   0.00698   0.00565   0.00182   0.00902   0.00513   0.00696   0.00779   0.00586   0.01139   0.02424   0.03807   0.00369   0.02647   0.00843   0.02034   0.02163   0.04576   0.00921   0.06650   0.00187   0.00276   0.04034   0.00206   0.01832   0.01170   0.01588   0.04045   0.02708   0.00886   0.00793   0.02078   0.00300   0.00511   0.28285   0.20138   0.01443   0.21659   0.11478   0.04276   0.04951   0.13910   3.59679   0.44513   0.87829   1.36304   0.17823   1.14821  
 63 3574.4065  13692.093028  x:  0.40560   0.05479   0.34605   0.14354   0.00820   0.10409   0.02181   0.08838   0.04257   0.01458   0.01404   0.09509   0.08538   0.07118   0.03322   0.03252   0.01169   0.01717   0.00555   0.00502   0.01733   0.00961   0.00679   0.00471   0.00184   0.01152   0.00553   0.00569   0.00797   0.00762   0.01050   0.02668   0.04022   0.00306   0.02589   0.00838   0.02026   0.02137   0.04341   0.01105   0.07044   0.00187   0.00258   0.04522   0.00205   0.01840   0.00930   0.01667   0.04045   0.02759   0.00808   0.01085   0.01862   0.00278   0.00938   0.27871   0.19860   0.00866   0.21653   0.11350   0.04832   0.04621   0.14705   3.69272   0.42951   0.86265   1.37887   0.17256   1.14637  
 64 4583.6833  13687.008981  x:  0.40670   0.06349   0.34818   0.14663   0.01047   0.10360   0.02193   0.09043   0.04737   0.01449   0.01861   0.09384   0.08885   0.07145   0.03755   0.03303   0.00959   0.01984   0.00421   0.00807   0.01464   0.00745   0.00594   0.00527   0.00153   0.01379   0.00511   0.00618   0.00711   0.00670   0.01070   0.03011   0.04041   0.00329   0.02578   0.00896   0.01981   0.02182   0.04514   0.01026   0.07437   0.00178   0.00262   0.04852   0.00155   0.02061   0.01102   0.01806   0.04027   0.02890   0.01181   0.00728   0.01656   0.00257   0.00796   0.27895   0.19342   0.00769   0.21511   0.11133   0.05379   0.04187   0.15082   3.78427   0.41627   0.84869   1.39346   0.16755   1.14458  
 65 2545.4976  13681.285114  x:  0.40748   0.07558   0.34473   0.14990   0.01342   0.10507   0.02052   0.09437   0.05129   0.01344   0.02423   0.09472   0.09376   0.07329   0.03878   0.03398   0.00929   0.01972   0.00703   0.00422   0.01143   0.00887   0.00606   0.00577   0.00181   0.01042   0.00520   0.00745   0.00908   0.00743   0.01172   0.02967   0.03805   0.00324   0.02656   0.00812   0.01950   0.02264   0.05013   0.00659   0.07690   0.00197   0.00281   0.04611   0.00221   0.02174   0.01116   0.01794   0.04003   0.02864   0.00967   0.01130   0.01883   0.00311   0.00947   0.28469   0.18481   0.01178   0.21189   0.10814   0.05736   0.03726   0.15000   3.88886   0.40383   0.83413   1.40940   0.16540   1.14250  
 66 2180.4694  13673.812714  x:  0.40813   0.09099   0.33486   0.15319   0.01421   0.10819   0.01786   0.09960   0.05199   0.01226   0.02326   0.09743   0.09962   0.07563   0.03611   0.03484   0.01140   0.01627   0.00534   0.00644   0.01621   0.00747   0.00502   0.00543   0.00165   0.01074   0.00556   0.00668   0.00634   0.00775   0.00963   0.02624   0.03434   0.00331   0.02750   0.00859   0.02011   0.02249   0.05587   0.00728   0.07761   0.00186   0.00269   0.03755   0.00207   0.01958   0.00712   0.01582   0.04115   0.02741   0.00740   0.00806   0.02175   0.00288   0.00905   0.29664   0.17168   0.01735   0.20664   0.10387   0.05842   0.03422   0.14439   4.02476   0.39063   0.81672   1.42937   0.16724   1.13974  
 67 2987.4674  13668.584240  x:  0.40848   0.10145   0.32411   0.15475   0.01226   0.11071   0.01672   0.10269   0.04962   0.01350   0.01804   0.09976   0.10329   0.07676   0.03285   0.03461   0.01113   0.01681   0.00564   0.00573   0.01874   0.00800   0.00631   0.00541   0.00164   0.01318   0.00483   0.00676   0.00950   0.00755   0.01026   0.02373   0.03344   0.00345   0.02735   0.00860   0.02039   0.02177   0.05845   0.00994   0.07628   0.00189   0.00270   0.03150   0.00187   0.01842   0.01257   0.01655   0.04263   0.02720   0.01238   0.00872   0.02023   0.00273   0.00880   0.30810   0.16108   0.01948   0.20219   0.10087   0.05672   0.03575   0.13759   4.13096   0.38253   0.80432   1.44441   0.17005   1.13755  
 68 3700.4237  13662.797575  x:  0.40872   0.10836   0.30914   0.15452   0.00828   0.11272   0.01840   0.10323   0.04362   0.01642   0.01520   0.10191   0.10517   0.07661   0.03105   0.03341   0.00828   0.02095   0.00548   0.00584   0.01455   0.00915   0.00647   0.00517   0.00175   0.01170   0.00516   0.00644   0.00565   0.00722   0.01245   0.02451   0.03627   0.00313   0.02628   0.00811   0.02001   0.02130   0.05745   0.00953   0.07195   0.00190   0.00265   0.03098   0.00191   0.01994   0.00986   0.01872   0.04313   0.02720   0.01108   0.00947   0.01550   0.00281   0.00819   0.32202   0.15113   0.01814   0.19776   0.09896   0.05069   0.04244   0.12815   4.23740   0.37810   0.79412   1.45853   0.17263   1.13531  
 69 2395.7524  13659.100215  x:  0.40890   0.11087   0.29607   0.15335   0.00664   0.11339   0.02052   0.10177   0.03887   0.01629   0.01715   0.10303   0.10551   0.07599   0.03168   0.03299   0.01043   0.02108   0.00498   0.00668   0.01366   0.00802   0.00570   0.00512   0.00163   0.01199   0.00541   0.00622   0.01122   0.00635   0.01024   0.02694   0.03864   0.00331   0.02573   0.00873   0.01976   0.02156   0.05525   0.00845   0.06794   0.00185   0.00261   0.03510   0.00183   0.02074   0.00847   0.01861   0.04284   0.02764   0.00886   0.00850   0.01567   0.00272   0.00811   0.33319   0.14515   0.01649   0.19497   0.09844   0.04456   0.04852   0.12062   4.31524   0.37728   0.78826   1.46819   0.17346   1.13363  
 70 2796.9330  13655.860404  x:  0.40916   0.11037   0.28360   0.15158   0.00796   0.11281   0.02212   0.09891   0.03661   0.01386   0.01988   0.10320   0.10504   0.07527   0.03305   0.03281   0.01147   0.01869   0.00582   0.00589   0.01637   0.00804   0.00571   0.00552   0.00164   0.01252   0.00512   0.00679   0.00743   0.00747   0.00967   0.02866   0.03955   0.00345   0.02597   0.00870   0.01989   0.02204   0.05258   0.00795   0.06480   0.00193   0.00268   0.04082   0.00191   0.02049   0.01155   0.01722   0.04213   0.02838   0.00992   0.00939   0.01893   0.00280   0.00873   0.34310   0.14225   0.01564   0.19343   0.09894   0.03937   0.05332   0.11459   4.37943   0.37916   0.78526   1.47545   0.17276   1.13220  
 71 2212.8344  13652.761644  x:  0.40981   0.10423   0.26804   0.14835   0.01226   0.10935   0.02115   0.09335   0.04072   0.01327   0.01939   0.10098   0.10357   0.07474   0.03390   0.03336   0.00830   0.01668   0.00547   0.00634   0.01754   0.00744   0.00586   0.00553   0.00159   0.01231   0.00513   0.00673   0.00932   0.00739   0.01541   0.02677   0.03668   0.00349   0.02723   0.00820   0.02010   0.02226   0.04871   0.00885   0.06367   0.00191   0.00267   0.04302   0.00182   0.01864   0.00943   0.01678   0.04073   0.02819   0.01075   0.00886   0.01844   0.00271   0.00891   0.35438   0.14504   0.01762   0.19414   0.10145   0.03745   0.05496   0.11064   4.44544   0.38695   0.78662   1.48122   0.17017   1.13063  
 72 979.6132  13647.931280  x:  0.41112   0.09221   0.24428   0.14326   0.01544   0.10300   0.01864   0.08497   0.04849   0.01566   0.01738   0.09575   0.10163   0.07527   0.03465   0.03480   0.01109   0.01911   0.00561   0.00609   0.01480   0.00770   0.00590   0.00542   0.00161   0.01245   0.00514   0.00681   0.00819   0.00703   0.00984   0.02345   0.03281   0.00337   0.02801   0.00906   0.02006   0.02200   0.04476   0.00967   0.06397   0.00192   0.00266   0.04200   0.00183   0.01904   0.01045   0.01788   0.03894   0.02750   0.00988   0.00928   0.01653   0.00274   0.00864   0.37158   0.15308   0.02102   0.19664   0.10562   0.03830   0.05476   0.10680   4.54277   0.40227   0.79180   1.48857   0.16746   1.12825  
 73 1996.6367  13644.188019  x:  0.41274   0.08095   0.22650   0.14040   0.01018   0.09889   0.01997   0.08203   0.05070   0.01423   0.01916   0.08985   0.10225   0.07853   0.03393   0.03324   0.00976   0.02003   0.00547   0.00614   0.01671   0.00811   0.00573   0.00535   0.00166   0.01194   0.00518   0.00660   0.00866   0.00746   0.01039   0.02583   0.03817   0.00339   0.02528   0.00697   0.01969   0.02156   0.04785   0.00911   0.06682   0.00191   0.00265   0.03789   0.00191   0.02239   0.01027   0.01747   0.03996   0.02818   0.01035   0.00861   0.01970   0.00278   0.00861   0.38597   0.16413   0.02091   0.20007   0.10751   0.04350   0.05127   0.10676   4.62163   0.41955   0.80073   1.49287   0.17114   1.12620  
 74 1100.5791  13642.915941  x:  0.41347   0.07713   0.22108   0.14034   0.00984   0.09856   0.02149   0.08322   0.04914   0.01401   0.01994   0.08857   0.10352   0.07987   0.03353   0.03281   0.01050   0.01875   0.00576   0.00564   0.01635   0.00818   0.00588   0.00538   0.00168   0.01245   0.00512   0.00674   0.00833   0.00731   0.01152   0.02654   0.03955   0.00307   0.02567   0.01178   0.01985   0.02203   0.05016   0.00860   0.06801   0.00192   0.00265   0.03767   0.00196   0.02081   0.01008   0.01748   0.04091   0.02819   0.01048   0.00917   0.01823   0.00282   0.00869   0.39149   0.16946   0.01964   0.20154   0.10713   0.04508   0.04914   0.10782   4.65214   0.42792   0.80630   1.49381   0.17277   1.12535  
 75 1002.3290  13640.965143  x:  0.41449   0.07331   0.21612   0.14172   0.01239   0.09991   0.02357   0.08767   0.04429   0.01433   0.01978   0.08877   0.10639   0.08094   0.03312   0.03263   0.01092   0.01714   0.00569   0.00608   0.01529   0.00780   0.00574   0.00550   0.00163   0.01267   0.00510   0.00682   0.00819   0.00702   0.01077   0.02649   0.03936   0.00333   0.02722   0.00826   0.02011   0.02253   0.05330   0.00803   0.06917   0.00192   0.00266   0.03939   0.00189   0.01734   0.01060   0.01768   0.04232   0.02777   0.01011   0.00955   0.01530   0.00280   0.00887   0.39881   0.17759   0.01682   0.20350   0.10515   0.04596   0.04591   0.11056   4.69358   0.44149   0.81695   1.49402   0.17385   1.12411  
 76 944.2889  13639.103363  x:  0.41534   0.07184   0.21417   0.14442   0.01448   0.10275   0.02333   0.09386   0.03908   0.01496   0.01731   0.09096   0.10973   0.07995   0.03344   0.03339   0.00950   0.01999   0.00546   0.00619   0.01595   0.00753   0.00602   0.00549   0.00159   0.01203   0.00519   0.00672   0.00867   0.00732   0.01078   0.02536   0.03641   0.00341   0.02790   0.00926   0.01996   0.02197   0.05402   0.00794   0.06907   0.00190   0.00267   0.04141   0.00178   0.02068   0.01051   0.01773   0.04269   0.02749   0.00978   0.00906   0.01863   0.00271   0.00857   0.40586   0.18581   0.01461   0.20518   0.10201   0.04533   0.04412   0.11443   4.73609   0.45756   0.83153   1.49301   0.17215   1.12274  
 77 814.6081  13636.968666  x:  0.41578   0.07453   0.21686   0.14839   0.00960   0.10706   0.01975   0.10011   0.03936   0.01429   0.01873   0.09506   0.11250   0.07600   0.03508   0.03436   0.01254   0.01849   0.00565   0.00610   0.01545   0.00801   0.00580   0.00541   0.00163   0.01281   0.00508   0.00669   0.00813   0.00711   0.01266   0.02592   0.03529   0.00347   0.02486   0.00859   0.01981   0.02104   0.05084   0.00867   0.06716   0.00192   0.00266   0.04061   0.00188   0.02128   0.01018   0.01731   0.04116   0.02834   0.01064   0.00910   0.01752   0.00275   0.00863   0.41297   0.19316   0.01670   0.20642   0.09860   0.04419   0.04711   0.11947   4.78521   0.47860   0.85372   1.49007   0.16860   1.12099  
 78 608.7110  13635.826537  x:  0.41569   0.07719   0.21980   0.15044   0.00818   0.10916   0.01927   0.10169   0.04166   0.01393   0.01942   0.09774   0.11302   0.07398   0.03516   0.03355   0.00907   0.01796   0.00557   0.00602   0.01596   0.00829   0.00587   0.00535   0.00169   0.01194   0.00521   0.00657   0.00844   0.00730   0.01009   0.02653   0.03674   0.00328   0.02521   0.00941   0.01992   0.02192   0.04903   0.00900   0.06631   0.00192   0.00265   0.03996   0.00193   0.01953   0.01062   0.01747   0.04042   0.02846   0.01036   0.00900   0.01731   0.00279   0.00872   0.41609   0.19535   0.01784   0.20677   0.09760   0.04386   0.04931   0.12154   4.81065   0.48997   0.86698   1.48798   0.16829   1.12001  
 79 827.8687  13634.458247  x:  0.41486   0.08237   0.22607   0.15269   0.01029   0.11085   0.02154   0.09982   0.04623   0.01470   0.01877   0.10156   0.11160   0.07273   0.03395   0.03241   0.01143   0.02009   0.00548   0.00607   0.01593   0.00811   0.00585   0.00535   0.00166   0.01240   0.00517   0.00662   0.00833   0.00727   0.01120   0.02703   0.04046   0.00318   0.02813   0.00904   0.01990   0.02312   0.04811   0.00911   0.06631   0.00191   0.00265   0.03954   0.00189   0.01891   0.01035   0.01774   0.04041   0.02808   0.01039   0.00884   0.01899   0.00279   0.00860   0.41883   0.19439   0.01772   0.20663   0.09818   0.04427   0.05162   0.12265   4.84411   0.50534   0.88757   1.48423   0.17114   1.11860  
 80 580.4427  13632.612270  x:  0.41253   0.08956   0.23624   0.15421   0.01166   0.10993   0.02237   0.09263   0.04699   0.01408   0.01795   0.10403   0.10693   0.07396   0.03221   0.03251   0.01087   0.01667   0.00536   0.00612   0.01547   0.00808   0.00607   0.00535   0.00168   0.01245   0.00509   0.00664   0.00840   0.00709   0.01056   0.02719   0.03925   0.00311   0.02668   0.00924   0.01985   0.02028   0.04975   0.00798   0.06789   0.00189   0.00265   0.04016   0.00191   0.02292   0.01049   0.01661   0.04168   0.02762   0.01034   0.00921   0.01682   0.00280   0.00860   0.41994   0.18738   0.01519   0.20556   0.10115   0.04454   0.05053   0.12172   4.88841   0.52532   0.91891   1.47802   0.17433   1.11655  
 81 565.5676  13631.037167  x:  0.40989   0.09464   0.24488   0.15441   0.00932   0.10736   0.02112   0.08658   0.04394   0.01487   0.01886   0.10333   0.10222   0.07607   0.03259   0.03346   0.01061   0.01893   0.00546   0.00614   0.01576   0.00801   0.00590   0.00541   0.00164   0.01228   0.00520   0.00660   0.00834   0.00726   0.01113   0.02750   0.03624   0.00341   0.02483   0.00923   0.02014   0.02184   0.05204   0.00801   0.06923   0.00190   0.00265   0.04076   0.00186   0.01931   0.01054   0.01789   0.04275   0.02794   0.01014   0.00913   0.01813   0.00277   0.00865   0.41915   0.17863   0.01406   0.20424   0.10409   0.04455   0.04788   0.12017   4.92628   0.54153   0.94774   1.47212   0.17473   1.11468  
 82 854.0578  13630.277186  x:  0.40793   0.09462   0.24798   0.15320   0.00872   0.10502   0.02142   0.08792   0.04123   0.01354   0.01812   0.09955   0.10057   0.07714   0.03446   0.03310   0.01070   0.01898   0.00551   0.00613   0.01568   0.00802   0.00588   0.00539   0.00164   0.01233   0.00507   0.00668   0.00837   0.00722   0.01105   0.02631   0.03792   0.00319   0.02839   0.00906   0.01939   0.02283   0.05243   0.00763   0.06850   0.00191   0.00266   0.03968   0.00189   0.02010   0.01045   0.01698   0.04194   0.02827   0.01056   0.00897   0.01730   0.00276   0.00860   0.41615   0.17162   0.01636   0.20319   0.10515   0.04470   0.04687   0.11915   4.94525   0.54761   0.96469   1.46852   0.17300   1.11358  
 83 312.4705  13629.662808  x:  0.40617   0.09295   0.24938   0.15162   0.01047   0.10328   0.02257   0.09185   0.04095   0.01598   0.01888   0.09537   0.10042   0.07778   0.03521   0.03277   0.01055   0.01811   0.00564   0.00609   0.01598   0.00785   0.00578   0.00547   0.00161   0.01238   0.00523   0.00668   0.00835   0.00727   0.01096   0.02536   0.03931   0.00328   0.02725   0.00918   0.02025   0.02134   0.05243   0.00901   0.06752   0.00193   0.00264   0.03945   0.00184   0.02023   0.01041   0.01796   0.04150   0.02802   0.01031   0.00914   0.01787   0.00274   0.00879   0.41204   0.16485   0.01783   0.20213   0.10525   0.04506   0.04729   0.11812   4.96089   0.55088   0.98032   1.46516   0.17320   1.11254  
 84 357.9527  13629.167127  x:  0.40486   0.09076   0.24938   0.15012   0.01178   0.10251   0.02294   0.09551   0.04254   0.01378   0.01830   0.09218   0.10155   0.07785   0.03445   0.03302   0.01064   0.01914   0.00550   0.00612   0.01568   0.00781   0.00590   0.00542   0.00162   0.01229   0.00508   0.00675   0.00841   0.00726   0.01082   0.02516   0.03861   0.00322   0.02502   0.00929   0.02014   0.02151   0.05192   0.00794   0.06689   0.00191   0.00265   0.03961   0.00185   0.01952   0.01038   0.01766   0.04114   0.02774   0.01039   0.00901   0.01777   0.00276   0.00865   0.40770   0.15948   0.01730   0.20116   0.10454   0.04512   0.04817   0.11725   4.97325   0.55181   0.99396   1.46222   0.17526   1.11160  
 85 345.4217  13628.791160  x:  0.40410   0.08881   0.24798   0.14879   0.01087   0.10267   0.02158   0.09691   0.04433   0.01482   0.01873   0.09078   0.10384   0.07764   0.03341   0.03337   0.01055   0.01862   0.00549   0.00614   0.01571   0.00791   0.00587   0.00543   0.00163   0.01234   0.00517   0.00665   0.00835   0.00723   0.01098   0.02633   0.03679   0.00335   0.02665   0.00909   0.01936   0.02284   0.05175   0.00822   0.06720   0.00191   0.00265   0.04026   0.00186   0.02023   0.01050   0.01697   0.04173   0.02791   0.01022   0.00915   0.01776   0.00276   0.00869   0.40333   0.15618   0.01602   0.20030   0.10316   0.04468   0.04886   0.11665   4.98290   0.55035   1.00619   1.45957   0.17766   1.11072  
 86 233.4985  13628.279482  x:  0.40361   0.08704   0.24377   0.14703   0.01031   0.10414   0.02001   0.09470   0.04468   0.01385   0.01879   0.09188   0.10850   0.07698   0.03313   0.03309   0.01072   0.01857   0.00547   0.00615   0.01567   0.00792   0.00587   0.00542   0.00162   0.01227   0.00511   0.00669   0.00836   0.00727   0.01102   0.02676   0.03711   0.00322   0.02838   0.00906   0.02098   0.02064   0.05186   0.00755   0.06831   0.00190   0.00265   0.04028   0.00182   0.01995   0.01039   0.01921   0.04219   0.02826   0.01021   0.00903   0.01806   0.00277   0.00861   0.39628   0.15412   0.01611   0.19906   0.10069   0.04369   0.04877   0.11621   4.99618   0.54454   1.02568   1.45532   0.17889   1.10926  
 87 205.2927  13627.454047  x:  0.40326   0.08572   0.23594   0.14442   0.01108   0.10669   0.02041   0.08972   0.04378   0.01471   0.01872   0.09515   0.11560   0.07607   0.03386   0.03258   0.01061   0.01925   0.00556   0.00608   0.01581   0.00782   0.00579   0.00545   0.00161   0.01236   0.00515   0.00673   0.00839   0.00723   0.01098   0.02595   0.03880   0.00326   0.02640   0.00921   0.02007   0.02139   0.05233   0.00803   0.06946   0.00191   0.00265   0.03964   0.00188   0.01977   0.01043   0.01655   0.04236   0.02806   0.01020   0.00914   0.01753   0.00276   0.00871   0.38512   0.15296   0.01770   0.19725   0.09737   0.04297   0.04835   0.11557   5.01737   0.53271   1.05846   1.44814   0.17950   1.10676  
 88 492.1776  13627.074357  x:  0.40354   0.08716   0.23188   0.14352   0.01076   0.10675   0.02240   0.08879   0.04332   0.01453   0.01825   0.09620   0.11689   0.07608   0.03442   0.03325   0.01067   0.01788   0.00551   0.00615   0.01578   0.00784   0.00583   0.00544   0.00161   0.01240   0.00511   0.00671   0.00833   0.00726   0.01094   0.02546   0.03810   0.00328   0.02582   0.00912   0.01905   0.02336   0.05233   0.00801   0.06819   0.00191   0.00265   0.03922   0.00181   0.02047   0.01035   0.01891   0.04155   0.02768   0.01038   0.00902   0.01783   0.00275   0.00865   0.38110   0.15449   0.01787   0.19682   0.09762   0.04401   0.04863   0.11494   5.02749   0.52486   1.07536   1.44439   0.18032   1.10540  
 89 281.2390  13626.199904  x:  0.40476   0.09307   0.22288   0.14224   0.00944   0.10460   0.02489   0.08973   0.04274   0.01444   0.01893   0.09703   0.11602   0.07689   0.03492   0.03440   0.01038   0.01887   0.00554   0.00611   0.01585   0.00787   0.00576   0.00546   0.00160   0.01228   0.00515   0.00671   0.00838   0.00728   0.01103   0.02564   0.03597   0.00334   0.02715   0.00904   0.02082   0.02156   0.05225   0.00866   0.06406   0.00191   0.00264   0.03921   0.00184   0.01996   0.01045   0.01721   0.03989   0.02758   0.01045   0.00910   0.01757   0.00275   0.00873   0.37488   0.16070   0.01710   0.19663   0.10081   0.04645   0.04941   0.11301   5.05001   0.50412   1.11477   1.43558   0.18313   1.10211  
 90 414.0292  13625.428859  x:  0.40589   0.09829   0.21593   0.14219   0.01095   0.10183   0.02103   0.09227   0.04246   0.01447   0.01869   0.09635   0.11259   0.07762   0.03335   0.03247   0.01064   0.01878   0.00550   0.00611   0.01583   0.00782   0.00580   0.00545   0.00160   0.01237   0.00515   0.00669   0.00836   0.00724   0.01102   0.02615   0.03794   0.00331   0.02660   0.00920   0.01854   0.02133   0.05200   0.00842   0.06376   0.00191   0.00264   0.03984   0.00182   0.01965   0.01042   0.01776   0.04084   0.02842   0.01019   0.00914   0.01768   0.00275   0.00868   0.37262   0.16682   0.01643   0.19700   0.10388   0.04427   0.04889   0.11135   5.06962   0.48364   1.15031   1.42750   0.18463   1.09902  
 91 434.8041  13625.158615  x:  0.40615   0.09904   0.21430   0.14275   0.01108   0.10176   0.02086   0.09300   0.04259   0.01448   0.01848   0.09531   0.11069   0.07759   0.03300   0.03260   0.01070   0.01863   0.00549   0.00611   0.01584   0.00783   0.00581   0.00544   0.00160   0.01242   0.00513   0.00670   0.00838   0.00721   0.01100   0.02619   0.03840   0.00327   0.02622   0.00911   0.02105   0.02297   0.05181   0.00815   0.06554   0.00191   0.00264   0.03983   0.00182   0.02039   0.01039   0.01767   0.04164   0.02787   0.01027   0.00914   0.01743   0.00275   0.00865   0.37381   0.16858   0.01663   0.19734   0.10421   0.04250   0.04902   0.11100   5.07673   0.47513   1.16366   1.42436   0.18482   1.09778  
 92 296.1322  13624.699669  x:  0.40622   0.09765   0.21347   0.14465   0.01038   0.10347   0.02331   0.09315   0.04296   0.01453   0.01864   0.09272   0.10711   0.07714   0.03336   0.03390   0.01052   0.01880   0.00551   0.00610   0.01591   0.00783   0.00576   0.00546   0.00160   0.01239   0.00511   0.00673   0.00837   0.00726   0.01096   0.02594   0.03768   0.00329   0.02663   0.00908   0.01957   0.02168   0.05163   0.00778   0.06974   0.00190   0.00265   0.03936   0.00184   0.01992   0.01039   0.01766   0.04266   0.02697   0.01042   0.00906   0.01766   0.00276   0.00867   0.37954   0.17025   0.01726   0.19825   0.10304   0.04030   0.05040   0.11092   5.08849   0.45925   1.18643   1.41879   0.18504   1.09547  
 93 271.4415  13624.148963  x:  0.40584   0.09239   0.21500   0.14771   0.01149   0.10550   0.02225   0.09136   0.04227   0.01441   0.01874   0.09113   0.10427   0.07692   0.03402   0.03237   0.01064   0.01865   0.00545   0.00609   0.01579   0.00775   0.00578   0.00547   0.00158   0.01232   0.00514   0.00673   0.00839   0.00724   0.01096   0.02526   0.03713   0.00334   0.02664   0.00911   0.01998   0.02210   0.05224   0.00806   0.06926   0.00189   0.00265   0.03896   0.00182   0.02002   0.01035   0.01762   0.04151   0.02975   0.01000   0.00916   0.01766   0.00276   0.00870   0.39079   0.17035   0.01644   0.19957   0.10012   0.04313   0.05242   0.11123   5.10262   0.43832   1.21434   1.41160   0.18604   1.09237  
 94 246.6190  13623.865276  x:  0.40555   0.08884   0.21672   0.14887   0.01127   0.10531   0.02135   0.09049   0.04263   0.01451   0.01866   0.09151   0.10436   0.07694   0.03350   0.03306   0.01059   0.01867   0.00551   0.00611   0.01582   0.00771   0.00576   0.00550   0.00157   0.01239   0.00513   0.00676   0.00837   0.00725   0.01102   0.02596   0.03803   0.00331   0.02663   0.00913   0.01986   0.02206   0.05238   0.00808   0.06649   0.00190   0.00265   0.03980   0.00181   0.02002   0.01039   0.01764   0.04088   0.02681   0.01033   0.00914   0.01762   0.00275   0.00871   0.39778   0.16987   0.01655   0.20014   0.09916   0.04368   0.05078   0.11162   5.10977   0.42731   1.22847   1.40770   0.18635   1.09063  
 95 237.0552  13623.767780  x:  0.40547   0.08738   0.21785   0.14858   0.01079   0.10424   0.02236   0.09064   0.04329   0.01459   0.01851   0.09250   0.10568   0.07695   0.03308   0.03324   0.01061   0.01870   0.00552   0.00610   0.01582   0.00776   0.00575   0.00548   0.00158   0.01239   0.00513   0.00674   0.00836   0.00724   0.01100   0.02597   0.03804   0.00331   0.02651   0.00911   0.01990   0.02203   0.05194   0.00815   0.06555   0.00191   0.00265   0.04008   0.00181   0.02006   0.01041   0.01766   0.04130   0.02820   0.01025   0.00912   0.01757   0.00274   0.00869   0.40083   0.16958   0.01691   0.20013   0.09980   0.04275   0.04913   0.11185   5.11231   0.42330   1.23337   1.40607   0.18637   1.08984  
 96 96.6489  13623.711726  x:  0.40553   0.08658   0.21900   0.14727   0.01070   0.10267   0.02250   0.09111   0.04301   0.01451   0.01861   0.09372   0.10774   0.07704   0.03357   0.03249   0.01068   0.01869   0.00550   0.00609   0.01579   0.00779   0.00576   0.00547   0.00158   0.01236   0.00513   0.00674   0.00836   0.00725   0.01101   0.02595   0.03766   0.00331   0.02651   0.00911   0.01990   0.02203   0.05152   0.00808   0.06653   0.00190   0.00265   0.03992   0.00181   0.02005   0.01040   0.01764   0.04162   0.02776   0.01031   0.00910   0.01762   0.00275   0.00869   0.40307   0.16946   0.01687   0.19976   0.10142   0.04293   0.04979   0.11196   5.11384   0.42095   1.23598   1.40471   0.18642   1.08909  
 97 42.1705  13623.700007  x:  0.40561   0.08653   0.21931   0.14657   0.01085   0.10260   0.02232   0.09117   0.04284   0.01449   0.01863   0.09381   0.10822   0.07706   0.03333   0.03323   0.01061   0.01867   0.00549   0.00609   0.01580   0.00778   0.00576   0.00547   0.00158   0.01237   0.00513   0.00673   0.00836   0.00724   0.01100   0.02599   0.03793   0.00331   0.02653   0.00912   0.01988   0.02205   0.05154   0.00812   0.06682   0.00190   0.00265   0.03988   0.00182   0.02002   0.01040   0.01763   0.04145   0.02793   0.01027   0.00911   0.01762   0.00275   0.00869   0.40357   0.16951   0.01678   0.19957   0.10186   0.04308   0.05008   0.11202   5.11420   0.42049   1.23641   1.40419   0.18634   1.08878  
 98 22.0602  13623.681387  x:  0.40591   0.08687   0.21987   0.14439   0.01095   0.10373   0.02232   0.09108   0.04281   0.01452   0.01859   0.09309   0.10866   0.07691   0.03304   0.03288   0.01066   0.01868   0.00549   0.00609   0.01580   0.00779   0.00577   0.00547   0.00158   0.01238   0.00513   0.00673   0.00836   0.00724   0.01100   0.02620   0.03782   0.00331   0.02652   0.00912   0.01989   0.02204   0.05163   0.00819   0.06677   0.00190   0.00265   0.03990   0.00181   0.02003   0.01040   0.01763   0.04102   0.02789   0.01027   0.00912   0.01762   0.00275   0.00869   0.40429   0.16979   0.01669   0.19901   0.10238   0.04301   0.04984   0.11232   5.11496   0.41989   1.23660   1.40253   0.18621   1.08768  
 99 12.3550  13623.668525  x:  0.40618   0.08704   0.22009   0.14335   0.01099   0.10409   0.02212   0.09106   0.04282   0.01451   0.01858   0.09290   0.10861   0.07675   0.03364   0.03308   0.01061   0.01867   0.00549   0.00609   0.01577   0.00778   0.00577   0.00548   0.00158   0.01236   0.00513   0.00674   0.00836   0.00724   0.01100   0.02587   0.03793   0.00330   0.02651   0.00912   0.01988   0.02205   0.05149   0.00810   0.06653   0.00190   0.00265   0.04000   0.00181   0.02003   0.01040   0.01762   0.04173   0.02790   0.01029   0.00911   0.01763   0.00275   0.00869   0.40455   0.16992   0.01674   0.19877   0.10229   0.04312   0.04973   0.11255   5.11560   0.41959   1.23641   1.40087   0.18664   1.08655  
100 14.5131  13623.541170  x:  0.40845   0.08693   0.22055   0.13988   0.01099   0.10229   0.02260   0.09153   0.04296   0.01446   0.01866   0.09460   0.10634   0.07668   0.03275   0.03296   0.01066   0.01866   0.00546   0.00607   0.01583   0.00777   0.00575   0.00549   0.00158   0.01238   0.00512   0.00675   0.00836   0.00724   0.01099   0.02626   0.03772   0.00331   0.02657   0.00911   0.01992   0.02203   0.05194   0.00778   0.06639   0.00190   0.00265   0.03968   0.00182   0.02001   0.01040   0.01761   0.04282   0.02784   0.01022   0.00912   0.01765   0.00275   0.00869   0.40458   0.17008   0.01670   0.19791   0.09886   0.04373   0.05015   0.11362   5.12257   0.41733   1.23266   1.38101   0.18570   1.07298  
101 20.7434  13623.249839  x:  0.41287   0.08652   0.22142   0.13819   0.01055   0.10056   0.02227   0.09211   0.04319   0.01450   0.01862   0.09615   0.10469   0.07688   0.03437   0.03309   0.01055   0.01864   0.00542   0.00607   0.01572   0.00767   0.00570   0.00554   0.00155   0.01233   0.00513   0.00679   0.00833   0.00726   0.01105   0.02525   0.03798   0.00336   0.02650   0.00910   0.01988   0.02200   0.05228   0.00843   0.06777   0.00189   0.00264   0.04018   0.00177   0.02007   0.01042   0.01767   0.03902   0.02795   0.01029   0.00918   0.01756   0.00272   0.00874   0.40415   0.17033   0.01658   0.19767   0.09625   0.04251   0.04916   0.11450   5.13855   0.41241   1.22352   1.33527   0.18832   1.04153  
102 172.2955  13621.521057  x:  0.43235   0.08315   0.22527   0.14460   0.01066   0.10295   0.02201   0.09174   0.04333   0.01449   0.01858   0.09385   0.10680   0.07785   0.03386   0.03310   0.01050   0.01866   0.00506   0.00588   0.01570   0.00750   0.00549   0.00569   0.00150   0.01230   0.00511   0.00697   0.00826   0.00728   0.01101   0.02556   0.03775   0.00343   0.02651   0.00906   0.01987   0.02202   0.05116   0.00803   0.06715   0.00184   0.00264   0.04003   0.00172   0.02011   0.01042   0.01766   0.04083   0.02791   0.01011   0.00926   0.01755   0.00267   0.00879   0.39969   0.17158   0.01708   0.20026   0.09998   0.04332   0.04947   0.11389   5.22720   0.38552   1.17257   1.08079   0.18873   0.86612  
103 490.0854  13621.171977  x:  0.41280   0.08387   0.22567   0.14355   0.01061   0.10186   0.02208   0.09184   0.04332   0.01449   0.01857   0.09395   0.10674   0.07260   0.03400   0.03310   0.01050   0.01864   0.00502   0.00585   0.01569   0.00737   0.00541   0.00576   0.00148   0.01229   0.00511   0.00704   0.00824   0.00729   0.01103   0.02542   0.03771   0.00349   0.02651   0.00905   0.01987   0.02200   0.05368   0.00790   0.06714   0.00184   0.00264   0.03978   0.00169   0.02010   0.01046   0.01765   0.04070   0.02792   0.01000   0.00931   0.01753   0.00264   0.00883   0.39884   0.17567   0.01657   0.20190   0.09992   0.04318   0.04934   0.11441   5.24614   0.37962   1.16225   1.03262   0.18968   0.82604  
104 67.9317  13621.068138  x:  0.40601   0.08408   0.22589   0.14314   0.01055   0.10267   0.02197   0.09198   0.04345   0.01446   0.01858   0.09449   0.10664   0.07711   0.03402   0.03311   0.01049   0.01864   0.00495   0.00583   0.01567   0.00744   0.00543   0.00574   0.00148   0.01228   0.00510   0.00701   0.00823   0.00728   0.01102   0.02546   0.03772   0.00347   0.02650   0.00905   0.01987   0.02201   0.05150   0.00799   0.06735   0.00183   0.00263   0.04006   0.00169   0.02012   0.01044   0.01766   0.04065   0.02792   0.01006   0.00929   0.01754   0.00265   0.00882   0.39858   0.17726   0.01671   0.20156   0.09917   0.04323   0.04947   0.11496   5.25176   0.37803   1.15960   1.02013   0.18988   0.81327  
105 76.6314  13620.436650  x:  0.40405   0.08016   0.22831   0.14801   0.01034   0.10260   0.02193   0.09229   0.04381   0.01445   0.01856   0.09446   0.10436   0.07607   0.03402   0.03312   0.01046   0.01865   0.00480   0.00573   0.01563   0.00732   0.00531   0.00583   0.00145   0.01226   0.00509   0.00711   0.00819   0.00730   0.01102   0.02545   0.03771   0.00353   0.02647   0.00903   0.01986   0.02200   0.05193   0.00794   0.06756   0.00181   0.00263   0.04017   0.00165   0.02016   0.01046   0.01767   0.04064   0.02792   0.00998   0.00934   0.01752   0.00261   0.00886   0.39676   0.18207   0.01714   0.18266   0.10105   0.04405   0.04865   0.11550   5.27864   0.37748   1.16317   1.02453   0.19023   0.71881  
106 10.7874  13614.744329  x:  0.40428   0.07926   0.24000   0.14897   0.00990   0.10255   0.02180   0.09281   0.04460   0.01447   0.01834   0.09398   0.10590   0.07684   0.03393   0.03313   0.01029   0.01864   0.00366   0.00523   0.01554   0.00669   0.00470   0.00632   0.00128   0.01214   0.00504   0.00761   0.00796   0.00738   0.01102   0.02512   0.03769   0.00384   0.02639   0.00891   0.01984   0.02202   0.05198   0.00737   0.06789   0.00167   0.00260   0.03996   0.00144   0.02021   0.01060   0.01767   0.04110   0.02787   0.00941   0.00968   0.01741   0.00241   0.00907   0.38984   0.18765   0.01712   0.18798   0.10066   0.04457   0.04849   0.11648   5.43605   0.37585   1.18990   1.06924   0.18921   0.15312  
107 256.5293  13606.816419  x:  0.40344   0.07825   0.26990   0.15092   0.00896   0.10291   0.02154   0.09417   0.04643   0.01449   0.01787   0.09280   0.11043   0.07874   0.03358   0.03306   0.00989   0.01866   0.00058   0.00393   0.01540   0.00529   0.00328   0.00750   0.00087   0.01186   0.00490   0.00881   0.00739   0.00755   0.01103   0.02451   0.03761   0.00456   0.02621   0.00860   0.01978   0.02208   0.05201   0.00626   0.06876   0.00130   0.00251   0.03943   0.00092   0.02032   0.01096   0.01769   0.04221   0.02792   0.00833   0.01001   0.01759   0.00191   0.00950   0.37219   0.20047   0.01711   0.20601   0.10005   0.04585   0.04820   0.11884   5.85247   0.37720   1.27513   1.24537   0.18580   0.51038  
108  3.1298  13603.112455  x:  0.40896   0.07807   0.28352   0.15216   0.01004   0.10455   0.02148   0.09526   0.04612   0.01426   0.01883   0.09470   0.10833   0.07699   0.03433   0.03340   0.00969   0.01929   0.00325   0.00211   0.01567   0.00788   0.00437   0.00775   0.00132   0.01212   0.00483   0.00910   0.00714   0.00710   0.01100   0.02593   0.03694   0.00416   0.02632   0.00840   0.01970   0.02208   0.05341   0.00712   0.06972   0.00152   0.00243   0.04075   0.00153   0.02053   0.01088   0.01791   0.04234   0.02780   0.00816   0.01056   0.01720   0.00229   0.00910   0.36449   0.20118   0.01891   0.21542   0.10192   0.04737   0.04616   0.12059   6.23470   0.36593   1.33536   1.31381   0.18502   0.55521  
109  0.7939  13600.851808  x:  0.41886   0.07872   0.28747   0.15205   0.01106   0.10627   0.02151   0.09559   0.04532   0.01399   0.01953   0.09798   0.10432   0.07529   0.03530   0.03370   0.00973   0.01942   0.00198   0.00507   0.01576   0.00949   0.00554   0.00738   0.00164   0.01233   0.00478   0.00867   0.00743   0.00680   0.01104   0.02746   0.03651   0.00350   0.02650   0.00837   0.01973   0.02204   0.05500   0.00837   0.07005   0.00150   0.00232   0.04182   0.00174   0.02057   0.01069   0.01801   0.04211   0.02772   0.00871   0.01061   0.01721   0.00254   0.00827   0.36632   0.19563   0.02035   0.21786   0.10505   0.04795   0.04531   0.12137   6.60614   0.34837   1.37931   1.31005   0.18552   0.45173  
110  0.6539  13599.317154  x:  0.42673   0.08052   0.28628   0.15040   0.00966   0.10685   0.02158   0.09502   0.04475   0.01442   0.01858   0.10010   0.10480   0.07678   0.03477   0.03348   0.01025   0.01856   0.00106   0.00408   0.01535   0.00843   0.00451   0.00760   0.00151   0.01204   0.00487   0.00857   0.00774   0.00733   0.01119   0.02586   0.03730   0.00401   0.02653   0.00885   0.01996   0.02198   0.05504   0.00757   0.06895   0.00131   0.00233   0.04092   0.00168   0.02014   0.01061   0.01759   0.04208   0.02774   0.00922   0.01015   0.01785   0.00233   0.00861   0.37586   0.18949   0.01997   0.21515   0.10678   0.04650   0.04778   0.11927   6.96077   0.33395   1.40734   1.26883   0.18611   0.28061  
111  0.3672  13599.122364  x:  0.42344   0.08083   0.28425   0.15067   0.00945   0.10628   0.02174   0.09502   0.04470   0.01444   0.01851   0.09898   0.10637   0.07701   0.03451   0.03341   0.01015   0.01862   0.00175   0.00397   0.01535   0.00759   0.00411   0.00767   0.00139   0.01212   0.00486   0.00864   0.00775   0.00731   0.01114   0.02553   0.03733   0.00409   0.02650   0.00875   0.01992   0.02200   0.05484   0.00726   0.06885   0.00132   0.00237   0.04091   0.00157   0.02018   0.01072   0.01764   0.04220   0.02777   0.00904   0.01020   0.01781   0.00218   0.00877   0.37561   0.18994   0.01975   0.21407   0.10559   0.04615   0.04802   0.11885   7.01383   0.33032   1.40731   1.25088   0.18663   0.29458  
112  0.0797  13599.040194  x:  0.42068   0.08089   0.28241   0.15125   0.00971   0.10586   0.02183   0.09517   0.04470   0.01432   0.01868   0.09804   0.10702   0.07685   0.03450   0.03344   0.01001   0.01879   0.00156   0.00367   0.01552   0.00732   0.00468   0.00747   0.00136   0.01216   0.00486   0.00850   0.00768   0.00719   0.01106   0.02570   0.03718   0.00390   0.02651   0.00863   0.01986   0.02202   0.05467   0.00731   0.06897   0.00127   0.00237   0.04096   0.00148   0.02027   0.01074   0.01774   0.04228   0.02777   0.00881   0.01032   0.01767   0.00219   0.00874   0.37461   0.19060   0.01960   0.21307   0.10469   0.04609   0.04780   0.11912   7.05419   0.32646   1.40407   1.22543   0.18726   0.29121  
113  0.0697  13599.018589  x:  0.42024   0.08107   0.28176   0.15150   0.00982   0.10581   0.02178   0.09525   0.04484   0.01431   0.01874   0.09784   0.10688   0.07681   0.03454   0.03346   0.00999   0.01886   0.00150   0.00371   0.01554   0.00757   0.00448   0.00735   0.00140   0.01217   0.00490   0.00839   0.00764   0.00719   0.01106   0.02584   0.03715   0.00389   0.02650   0.00866   0.01984   0.02202   0.05452   0.00736   0.06910   0.00125   0.00238   0.04091   0.00152   0.02032   0.01070   0.01777   0.04230   0.02776   0.00888   0.01031   0.01758   0.00232   0.00874   0.37447   0.19103   0.01947   0.21310   0.10460   0.04624   0.04759   0.11955   7.07886   0.32428   1.39990   1.20446   0.18758   0.29787  
114  0.0299  13599.014284  x:  0.42074   0.08120   0.28185   0.15139   0.00973   0.10589   0.02176   0.09521   0.04488   0.01435   0.01867   0.09802   0.10674   0.07689   0.03455   0.03346   0.01003   0.01881   0.00151   0.00377   0.01553   0.00756   0.00454   0.00734   0.00140   0.01216   0.00488   0.00844   0.00765   0.00721   0.01109   0.02581   0.03720   0.00391   0.02650   0.00869   0.01986   0.02202   0.05454   0.00740   0.06907   0.00123   0.00240   0.04083   0.00151   0.02029   0.01069   0.01776   0.04228   0.02776   0.00892   0.01028   0.01762   0.00229   0.00878   0.37478   0.19109   0.01940   0.21341   0.10479   0.04625   0.04767   0.11960   7.09219   0.32188   1.39861   1.19373   0.18769   0.30139  
115  0.0145  13599.013617  x:  0.42073   0.08114   0.28204   0.15135   0.00973   0.10590   0.02177   0.09520   0.04486   0.01434   0.01868   0.09807   0.10675   0.07688   0.03455   0.03346   0.01002   0.01881   0.00152   0.00378   0.01553   0.00755   0.00454   0.00735   0.00139   0.01216   0.00488   0.00845   0.00766   0.00721   0.01108   0.02580   0.03720   0.00391   0.02650   0.00868   0.01986   0.02202   0.05455   0.00739   0.06906   0.00122   0.00240   0.04083   0.00151   0.02028   0.01069   0.01775   0.04227   0.02776   0.00891   0.01028   0.01762   0.00228   0.00878   0.37491   0.19108   0.01941   0.21348   0.10482   0.04624   0.04769   0.11957   7.09470   0.32258   1.39751   1.19237   0.18767   0.30098  
116  0.0037  13599.012779  x:  0.42055   0.08104   0.28231   0.15132   0.00977   0.10590   0.02179   0.09520   0.04480   0.01432   0.01870   0.09809   0.10677   0.07683   0.03455   0.03346   0.01001   0.01881   0.00153   0.00378   0.01552   0.00754   0.00451   0.00735   0.00139   0.01217   0.00488   0.00845   0.00766   0.00721   0.01107   0.02579   0.03717   0.00390   0.02651   0.00866   0.01986   0.02202   0.05459   0.00737   0.06905   0.00119   0.00240   0.04087   0.00151   0.02028   0.01070   0.01775   0.04228   0.02776   0.00888   0.01029   0.01762   0.00227   0.00876   0.37471   0.19113   0.01945   0.21349   0.10480   0.04622   0.04768   0.11948   7.09628   0.32189   1.39680   1.19077   0.18770   0.29944  
117  0.0017  13599.012103  x:  0.42052   0.08107   0.28230   0.15135   0.00974   0.10590   0.02178   0.09521   0.04482   0.01433   0.01869   0.09806   0.10675   0.07684   0.03454   0.03346   0.01002   0.01881   0.00153   0.00377   0.01553   0.00756   0.00453   0.00736   0.00140   0.01216   0.00488   0.00845   0.00765   0.00721   0.01108   0.02580   0.03719   0.00390   0.02650   0.00868   0.01986   0.02202   0.05458   0.00738   0.06906   0.00116   0.00239   0.04088   0.00151   0.02029   0.01070   0.01775   0.04228   0.02776   0.00891   0.01028   0.01762   0.00229   0.00876   0.37473   0.19112   0.01947   0.21344   0.10479   0.04623   0.04767   0.11951   7.09038   0.32238   1.39597   1.19244   0.18766   0.30135  
118  0.0036  13599.012006  x:  0.42066   0.08112   0.28212   0.15136   0.00974   0.10589   0.02177   0.09520   0.04484   0.01434   0.01869   0.09805   0.10675   0.07686   0.03454   0.03346   0.01002   0.01881   0.00153   0.00378   0.01553   0.00756   0.00453   0.00736   0.00140   0.01216   0.00488   0.00844   0.00766   0.00721   0.01108   0.02580   0.03719   0.00390   0.02650   0.00867   0.01986   0.02202   0.05457   0.00738   0.06906   0.00116   0.00239   0.04086   0.00151   0.02029   0.01070   0.01775   0.04228   0.02776   0.00890   0.01028   0.01762   0.00228   0.00877   0.37479   0.19107   0.01945   0.21342   0.10479   0.04623   0.04768   0.11954   7.09049   0.32243   1.39634   1.19302   0.18765   0.30006  
119  0.0012  13599.011996  x:  0.42064   0.08111   0.28208   0.15136   0.00975   0.10589   0.02178   0.09520   0.04484   0.01434   0.01869   0.09805   0.10676   0.07686   0.03455   0.03346   0.01002   0.01881   0.00153   0.00378   0.01553   0.00756   0.00453   0.00735   0.00140   0.01217   0.00488   0.00844   0.00766   0.00721   0.01108   0.02580   0.03719   0.00390   0.02650   0.00867   0.01986   0.02202   0.05457   0.00738   0.06906   0.00116   0.00239   0.04086   0.00151   0.02029   0.01070   0.01775   0.04228   0.02776   0.00890   0.01028   0.01762   0.00228   0.00877   0.37479   0.19108   0.01945   0.21343   0.10479   0.04623   0.04767   0.11953   7.09058   0.32246   1.39672   1.19343   0.18766   0.30039  
120  0.0004  13599.011994  x:  0.42064   0.08111   0.28209   0.15136   0.00975   0.10589   0.02177   0.09520   0.04484   0.01434   0.01869   0.09805   0.10676   0.07685   0.03455   0.03346   0.01002   0.01881   0.00153   0.00378   0.01553   0.00756   0.00453   0.00735   0.00140   0.01217   0.00488   0.00844   0.00766   0.00721   0.01108   0.02580   0.03719   0.00390   0.02650   0.00867   0.01986   0.02202   0.05457   0.00738   0.06906   0.00116   0.00240   0.04086   0.00151   0.02029   0.01070   0.01775   0.04228   0.02776   0.00890   0.01028   0.01762   0.00228   0.00877   0.37478   0.19108   0.01945   0.21343   0.10479   0.04623   0.04767   0.11953   7.09093   0.32245   1.39698   1.19351   0.18766   0.30037  
121  0.0002  13599.011994  x:  0.42064   0.08111   0.28210   0.15136   0.00975   0.10589   0.02177   0.09520   0.04484   0.01434   0.01869   0.09805   0.10676   0.07686   0.03455   0.03346   0.01002   0.01881   0.00153   0.00378   0.01553   0.00756   0.00453   0.00735   0.00140   0.01216   0.00488   0.00844   0.00766   0.00721   0.01108   0.02580   0.03719   0.00390   0.02650   0.00867   0.01986   0.02202   0.05457   0.00738   0.06906   0.00116   0.00240   0.04086   0.00151   0.02029   0.01070   0.01775   0.04228   0.02776   0.00890   0.01028   0.01762   0.00228   0.00877   0.37478   0.19108   0.01945   0.21343   0.10479   0.04623   0.04767   0.11953   7.09089   0.32245   1.39704   1.19352   0.18766   0.30037  
122  0.0001  13599.011993  x:  0.42064   0.08111   0.28210   0.15136   0.00975   0.10589   0.02177   0.09520   0.04484   0.01434   0.01869   0.09805   0.10676   0.07685   0.03455   0.03346   0.01002   0.01881   0.00153   0.00378   0.01553   0.00756   0.00453   0.00735   0.00140   0.01216   0.00488   0.00844   0.00766   0.00721   0.01108   0.02580   0.03719   0.00390   0.02650   0.00867   0.01986   0.02202   0.05457   0.00738   0.06906   0.00116   0.00240   0.04086   0.00151   0.02029   0.01070   0.01775   0.04228   0.02776   0.00890   0.01028   0.01762   0.00228   0.00877   0.37478   0.19108   0.01945   0.21343   0.10479   0.04623   0.04767   0.11953   7.09087   0.32245   1.39704   1.19350   0.18766   0.30036  
123  0.0000  13599.011993  x:  0.42064   0.08111   0.28210   0.15136   0.00975   0.10589   0.02177   0.09520   0.04484   0.01434   0.01869   0.09805   0.10676   0.07685   0.03455   0.03346   0.01002   0.01881   0.00153   0.00378   0.01553   0.00756   0.00453   0.00735   0.00140   0.01216   0.00488   0.00844   0.00766   0.00721   0.01108   0.02580   0.03719   0.00390   0.02650   0.00867   0.01986   0.02202   0.05457   0.00738   0.06906   0.00116   0.00240   0.04086   0.00151   0.02029   0.01070   0.01775   0.04228   0.02776   0.00890   0.01028   0.01762   0.00228   0.00877   0.37478   0.19108   0.01945   0.21343   0.10479   0.04623   0.04767   0.11953   7.09087   0.32245   1.39703   1.19350   0.18766   0.30036  
124  0.0000  13599.011993  x:  0.42064   0.08111   0.28210   0.15136   0.00975   0.10589   0.02177   0.09520   0.04484   0.01434   0.01869   0.09805   0.10676   0.07685   0.03455   0.03346   0.01002   0.01881   0.00153   0.00378   0.01553   0.00756   0.00453   0.00735   0.00140   0.01216   0.00488   0.00844   0.00766   0.00721   0.01108   0.02580   0.03719   0.00390   0.02650   0.00867   0.01986   0.02202   0.05457   0.00738   0.06906   0.00116   0.00240   0.04086   0.00151   0.02029   0.01070   0.01775   0.04228   0.02776   0.00890   0.01028   0.01762   0.00228   0.00877   0.37478   0.19108   0.01945   0.21343   0.10479   0.04623   0.04767   0.11953   7.09087   0.32245   1.39703   1.19350   0.18766   0.30036  
125  0.0000  13599.011993  x:  0.42064   0.08111   0.28210   0.15136   0.00975   0.10589   0.02177   0.09520   0.04484   0.01434   0.01869   0.09805   0.10676   0.07685   0.03455   0.03346   0.01002   0.01881   0.00153   0.00378   0.01553   0.00756   0.00453   0.00735   0.00140   0.01216   0.00488   0.00844   0.00766   0.00721   0.01108   0.02580   0.03719   0.00390   0.02650   0.00867   0.01986   0.02202   0.05457   0.00738   0.06906   0.00116   0.00240   0.04086   0.00151   0.02029   0.01070   0.01775   0.04228   0.02776   0.00890   0.01028   0.01762   0.00228   0.00877   0.37478   0.19108   0.01945   0.21343   0.10479   0.04623   0.04767   0.11953   7.09087   0.32245   1.39703   1.19350   0.18766   0.30036  