Supplemental results for CODEML (seqf: paml_null_altered_dna_aligned_combined_TAS1R3  treef: paml_null_ML_tree_output_altered_dna_aligned_combined_TAS1R3.txt)

I	J	ij	2Ns_IJ	pMut_IJ	pSub_IJ	2Ns_JI	pMut_JI	pSub_JI

TTC	TTT	CT	-0.82183	0.08785	0.05664	0.82183	0.03862	0.05664	0.05664	0.05664
TTA	TTT	AT	3.74589	0.00014	0.00055	-3.74589	0.00602	0.00055	0.00012	0.00012
TTA	TTC	AC	4.56772	0.00047	0.00218	-4.56772	0.04539	0.00218	0.00049	0.00049
TTG	TTT	GT	1.24706	0.00164	0.00287	-1.24706	0.00571	0.00287	0.00065	0.00065
TTG	TTC	GC	2.06889	0.00544	0.01288	-2.06889	0.04307	0.01288	0.00293	0.00293
TTG	TTA	GA	-2.49884	0.02530	0.00566	2.49884	0.00208	0.00566	0.00566	0.00566
TCT	TTT	CT	1.87489	0.00592	0.01312	-1.87489	0.03862	0.01312	0.00298	0.00298
TCC	TTC	CT	2.36050	0.02750	0.07169	-2.36050	0.29143	0.07169	0.01630	0.01630
TCC	TCT	CT	-0.33622	0.02750	0.02314	0.33622	0.01965	0.02314	0.02314	0.02314
TCA	TTA	CT	-1.59530	0.01269	0.00515	1.59530	0.00257	0.00515	0.00117	0.00117
TCA	TCT	AT	0.27570	0.00232	0.00266	-0.27570	0.00306	0.00266	0.00266	0.00266
TCA	TCC	AC	0.61192	0.00771	0.01030	-0.61192	0.01421	0.01030	0.01030	0.01030
TCG	TTG	CT	0.44183	0.01911	0.02364	-0.44183	0.02973	0.02364	0.00538	0.00538
TCG	TCT	GT	-0.18601	0.00350	0.00318	0.18601	0.00290	0.00318	0.00318	0.00318
TCG	TCC	GC	0.15021	0.01160	0.01250	-0.15021	0.01348	0.01250	0.01250	0.01250
TCG	TCA	GA	-0.46171	0.05395	0.04245	0.46171	0.03400	0.04245	0.04245	0.04245
TAT	TTT	AT	1.65580	0.00115	0.00235	-1.65580	0.00602	0.00235	0.00053	0.00053
TAT	TCT	AC	-0.21909	0.00381	0.00341	0.21909	0.00306	0.00341	0.00077	0.00077
TAC	TTC	AT	1.84102	0.00720	0.01576	-1.84102	0.04539	0.01576	0.00358	0.00358
TAC	TCC	AC	-0.51949	0.02389	0.01822	0.51949	0.01421	0.01822	0.00414	0.00414
TAC	TAT	CT	-0.63661	0.03935	0.02814	0.63661	0.02082	0.02814	0.02814	0.02814
TGT	TTT	GT	1.30440	0.00155	0.00277	-1.30440	0.00571	0.00277	0.00063	0.00063
TGT	TCT	GC	-0.57049	0.00514	0.00381	0.57049	0.00290	0.00381	0.00087	0.00087
TGT	TAT	GA	-0.35140	0.02389	0.01994	0.35140	0.01681	0.01994	0.00453	0.00453
TGC	TTC	GT	1.27336	0.01205	0.02132	-1.27336	0.04307	0.02132	0.00485	0.00485
TGC	TCC	GC	-1.08715	0.03999	0.02211	1.08715	0.01348	0.02211	0.00503	0.00503
TGC	TAC	GA	-0.56766	0.18595	0.13814	0.56766	0.10540	0.13814	0.03141	0.03141
TGC	TGT	CT	-0.85287	0.06587	0.04172	0.85287	0.02807	0.04172	0.04172	0.04172
TGG	TTG	GT	-0.70946	0.00893	0.00613	0.70946	0.00439	0.00613	0.00139	0.00139
TGG	TCG	GC	-1.15128	0.02963	0.01577	1.15128	0.00937	0.01577	0.00359	0.00359
TGG	TGT	GT	-0.76680	0.00893	0.00594	0.76680	0.00415	0.00594	0.00135	0.00135
TGG	TGC	GC	0.08607	0.02963	0.03092	-0.08607	0.03229	0.03092	0.00703	0.00703
CTT	TTT	CT	1.12392	0.01255	0.02090	-1.12392	0.03862	0.02090	0.00475	0.00475
CTC	TTC	CT	1.46076	0.06763	0.12864	-1.46076	0.29143	0.12864	0.02925	0.02925
CTC	CTT	CT	-0.48499	0.06763	0.05255	0.48499	0.04164	0.05255	0.05255	0.05255
CTA	TTA	CT	-1.36519	0.01008	0.00472	1.36519	0.00257	0.00472	0.00472	0.00472
CTA	CTT	AT	1.25678	0.00185	0.00324	-1.25678	0.00649	0.00324	0.00324	0.00324
CTA	CTC	AC	1.74177	0.00612	0.01293	-1.74177	0.03494	0.01293	0.01293	0.01293
CTG	TTG	CT	-1.93093	0.20500	0.06714	1.93093	0.02973	0.06714	0.06714	0.06714
CTG	CTT	GT	-1.80780	0.03752	0.01331	1.80780	0.00615	0.01331	0.01331	0.01331
CTG	CTC	GC	-1.32280	0.12446	0.05978	1.32280	0.03315	0.05978	0.05978	0.05978
CTG	CTA	GA	-3.06458	0.57874	0.08683	3.06458	0.02701	0.08683	0.08683	0.08683
CCT	TCT	CT	0.08086	0.01812	0.01887	-0.08086	0.01965	0.01887	0.00429	0.00429
CCT	CTT	CT	0.83182	0.01812	0.02669	-0.83182	0.04164	0.02669	0.00607	0.00607
CCC	TCC	CT	0.42238	0.05980	0.07332	-0.42238	0.09123	0.07332	0.01667	0.01667
CCC	CTC	CT	1.32212	0.05980	0.10780	-1.32212	0.22434	0.10780	0.02451	0.02451
CCC	CCT	CT	0.00531	0.05980	0.05996	-0.00531	0.06012	0.05996	0.05996	0.05996
CCA	TCA	CT	0.90727	0.01700	0.02586	-0.90727	0.04211	0.02586	0.00588	0.00588
CCA	CTA	CT	0.67716	0.01700	0.02339	-0.67716	0.03345	0.02339	0.00532	0.00532
CCA	CCT	AT	1.10212	0.00311	0.00513	-1.10212	0.00936	0.00513	0.00513	0.00513
CCA	CCC	AC	1.09681	0.01032	0.01699	-1.09681	0.03090	0.01699	0.01699	0.01699
CCG	TCG	CT	1.00822	0.02313	0.03672	-1.00822	0.06339	0.03672	0.00835	0.00835
CCG	CTG	CT	3.38098	0.02313	0.08096	-3.38098	0.68003	0.08096	0.01841	0.01841
CCG	CCT	GT	0.74136	0.00423	0.00599	-0.74136	0.00889	0.00599	0.00599	0.00599
CCG	CCC	GC	0.73605	0.01404	0.01984	-0.73605	0.02932	0.01984	0.01984	0.01984
CCG	CCA	GA	-0.36076	0.06530	0.05423	0.36076	0.04552	0.05423	0.05423	0.05423
CAT	TAT	CT	1.28103	0.00578	0.01026	-1.28103	0.02082	0.01026	0.00233	0.00233
CAT	CTT	AT	1.81291	0.00106	0.00229	-1.81291	0.00649	0.00229	0.00052	0.00052
CAT	CCT	AC	0.98108	0.00351	0.00551	-0.98108	0.00936	0.00551	0.00125	0.00125
CAC	TAC	CT	1.00876	0.04760	0.07558	-1.00876	0.13053	0.07558	0.01718	0.01718
CAC	CTC	AT	1.38902	0.00871	0.01612	-1.38902	0.03494	0.01612	0.00367	0.00367
CAC	CCC	AC	0.06689	0.02890	0.02988	-0.06689	0.03090	0.02988	0.00679	0.00679
CAC	CAT	CT	-0.90888	0.04760	0.02920	0.90888	0.01918	0.02920	0.02920	0.02920
CAA	CTA	AT	1.82630	0.00084	0.00183	-1.82630	0.00521	0.00183	0.00042	0.00042
CAA	CCA	AC	1.14914	0.00278	0.00468	-1.14914	0.00878	0.00468	0.00106	0.00106
CAA	CAT	AT	1.27017	0.00084	0.00148	-1.27017	0.00299	0.00148	0.00034	0.00034
CAA	CAC	AC	2.17905	0.00278	0.00684	-2.17905	0.02460	0.00684	0.00155	0.00155
CAG	CTG	AT	1.79381	0.01762	0.03791	-1.79381	0.10592	0.03791	0.00862	0.00862
CAG	CCG	AC	-1.58717	0.05844	0.02385	1.58717	0.01195	0.02385	0.00542	0.00542
CAG	CAT	GT	-1.82689	0.01762	0.00617	1.82689	0.00283	0.00617	0.00140	0.00140
CAG	CAC	GC	-0.91801	0.05844	0.03566	0.91801	0.02334	0.03566	0.00811	0.00811
CAG	CAA	GA	-3.09707	0.27175	0.03983	3.09707	0.01228	0.03983	0.03983	0.03983
CGT	TGT	CT	0.95617	0.01079	0.01676	-0.95617	0.02807	0.01676	0.00381	0.00381
CGT	CTT	GT	1.13664	0.00197	0.00331	-1.13664	0.00615	0.00331	0.00075	0.00075
CGT	CCT	GC	0.30482	0.00655	0.00760	-0.30482	0.00889	0.00760	0.00173	0.00173
CGT	CAT	GA	-0.67626	0.03046	0.02131	0.67626	0.01549	0.02131	0.00485	0.00485
CGC	TGC	CT	1.60565	0.04386	0.08812	-1.60565	0.21849	0.08812	0.02003	0.02003
CGC	CTC	GT	1.41825	0.00803	0.01502	-1.41825	0.03315	0.01502	0.00342	0.00342
CGC	CCC	GC	0.09612	0.02663	0.02793	-0.09612	0.02932	0.02793	0.00635	0.00635
CGC	CAC	GA	0.02923	0.12383	0.12565	-0.02923	0.12750	0.12565	0.02857	0.02857
CGC	CGT	CT	-0.20339	0.04386	0.03955	0.20339	0.03579	0.03955	0.03955	0.03955
CGA	CTA	GT	1.99690	0.00067	0.00155	-1.99690	0.00494	0.00155	0.00035	0.00035
CGA	CCA	GC	1.31974	0.00223	0.00401	-1.31974	0.00833	0.00401	0.00091	0.00091
CGA	CAA	GA	0.17060	0.01035	0.01126	-0.17060	0.01228	0.01126	0.00256	0.00256
CGA	CGT	AT	2.11703	0.00067	0.00162	-2.11703	0.00557	0.00162	0.00162	0.00162
CGA	CGC	AC	2.32042	0.00223	0.00573	-2.32042	0.02266	0.00573	0.00573	0.00573
CGG	TGG	CT	1.50625	0.03589	0.06947	-1.50625	0.16188	0.06947	0.01579	0.01579
CGG	CTG	GT	2.72773	0.00657	0.01917	-2.72773	0.10050	0.01917	0.00436	0.00436
CGG	CCG	GC	-0.65325	0.02179	0.01544	0.65325	0.01134	0.01544	0.00351	0.00351
CGG	CAG	GA	0.93392	0.10133	0.15591	-0.93392	0.25784	0.15591	0.03545	0.03545
CGG	CGT	GT	-0.21671	0.00657	0.00588	0.21671	0.00529	0.00588	0.00588	0.00588
CGG	CGC	GC	-0.01333	0.02179	0.02165	0.01333	0.02150	0.02165	0.02165	0.02165
CGG	CGA	GA	-2.33375	0.10133	0.02538	2.33375	0.00982	0.02538	0.02538	0.02538
ATT	TTT	AT	1.92492	0.00088	0.00198	-1.92492	0.00602	0.00198	0.00045	0.00045
ATT	CTT	AC	0.80100	0.00291	0.00423	-0.80100	0.00649	0.00423	0.00096	0.00096
ATC	TTC	AT	2.17142	0.00518	0.01268	-2.17142	0.04539	0.01268	0.00288	0.00288
ATC	CTC	AC	0.71066	0.01717	0.02399	-0.71066	0.03494	0.02399	0.00545	0.00545
ATC	ATT	CT	-0.57534	0.02828	0.02092	0.57534	0.01591	0.02092	0.02092	0.02092
ATA	TTA	AT	0.14054	0.00035	0.00037	-0.14054	0.00040	0.00037	0.00008	0.00008
ATA	CTA	AC	1.50573	0.00116	0.00224	-1.50573	0.00521	0.00224	0.00051	0.00051
ATA	ATT	AT	1.96151	0.00035	0.00080	-1.96151	0.00248	0.00080	0.00080	0.00080
ATA	ATC	AC	2.53685	0.00116	0.00318	-2.53685	0.01461	0.00318	0.00318	0.00318
ATG	TTG	AT	-0.50924	0.00771	0.00591	0.50924	0.00463	0.00591	0.00134	0.00134
ATG	CTG	AC	1.42169	0.02556	0.04790	-1.42169	0.10592	0.04790	0.01089	0.01089
ATG	ATT	GT	-1.18711	0.00771	0.00402	1.18711	0.00235	0.00402	0.00091	0.00091
ATG	ATC	GC	-0.61177	0.02556	0.01853	0.61177	0.01386	0.01853	0.00421	0.00421
ATG	ATA	GA	-3.14862	0.11885	0.01678	3.14862	0.00510	0.01678	0.00381	0.00381
ACT	TCT	AT	1.42561	0.00074	0.00138	-1.42561	0.00306	0.00138	0.00031	0.00031
ACT	CCT	AC	1.34475	0.00244	0.00444	-1.34475	0.00936	0.00444	0.00101	0.00101
ACT	ATT	CT	1.37557	0.00402	0.00740	-1.37557	0.01591	0.00740	0.00168	0.00168
ACC	TCC	AT	0.77351	0.00656	0.00942	-0.77351	0.01421	0.00942	0.00214	0.00214
ACC	CCC	AC	0.35113	0.02175	0.02579	-0.35113	0.03090	0.02579	0.00586	0.00586
ACC	ATC	CT	0.96259	0.03582	0.05579	-0.96259	0.09380	0.05579	0.01268	0.01268
ACC	ACT	CT	-0.98832	0.03582	0.02099	0.98832	0.01333	0.02099	0.02099	0.02099
ACA	TCA	AT	0.57481	0.00369	0.00485	-0.57481	0.00656	0.00485	0.00110	0.00110
ACA	CCA	AC	-0.33247	0.01224	0.01032	0.33247	0.00878	0.01032	0.00235	0.00235
ACA	ATA	CT	-1.16104	0.02017	0.01068	1.16104	0.00632	0.01068	0.00243	0.00243
ACA	ACT	AT	-0.57510	0.00369	0.00273	0.57510	0.00208	0.00273	0.00273	0.00273
ACA	ACC	AC	0.41322	0.01224	0.01495	-0.41322	0.01851	0.01495	0.01495	0.01495
ACG	TCG	AT	0.75664	0.00463	0.00661	-0.75664	0.00987	0.00661	0.00150	0.00150
ACG	CCG	AC	-0.25158	0.01537	0.01352	0.25158	0.01195	0.01352	0.00307	0.00307
ACG	ATG	CT	1.70771	0.02532	0.05281	-1.70771	0.13965	0.05281	0.01201	0.01201
ACG	ACT	GT	-0.85497	0.00463	0.00293	0.85497	0.00197	0.00293	0.00293	0.00293
ACG	ACC	GC	0.13334	0.01537	0.01642	-0.13334	0.01756	0.01642	0.01642	0.01642
ACG	ACA	GA	-0.27987	0.07147	0.06194	0.27987	0.05402	0.06194	0.06194	0.06194
AAT	TAT	AT	0.84435	0.00139	0.00206	-0.84435	0.00324	0.00206	0.00047	0.00047
AAT	CAT	AC	-0.43669	0.00462	0.00369	0.43669	0.00299	0.00369	0.00084	0.00084
AAT	ATT	AT	0.57522	0.00139	0.00183	-0.57522	0.00248	0.00183	0.00042	0.00042
AAT	ACT	AC	-0.80035	0.00462	0.00302	0.80035	0.00208	0.00302	0.00069	0.00069
AAC	TAC	AT	0.82117	0.00894	0.01311	-0.82117	0.02033	0.01311	0.00298	0.00298
AAC	CAC	AC	-0.18759	0.02967	0.02697	0.18759	0.02460	0.02697	0.00613	0.00613
AAC	ATC	AT	0.49077	0.00894	0.01132	-0.49077	0.01461	0.01132	0.00257	0.00257
AAC	ACC	AC	-0.47182	0.02967	0.02322	0.47182	0.01851	0.02322	0.00528	0.00528
AAC	AAT	CT	-0.65978	0.04887	0.03451	0.65978	0.02526	0.03451	0.03451	0.03451
AAA	CAA	AC	-0.19158	0.00287	0.00260	0.19158	0.00237	0.00260	0.00059	0.00059
AAA	ATA	AT	0.12899	0.00086	0.00092	-0.12899	0.00098	0.00092	0.00021	0.00021
AAA	ACA	AC	1.29003	0.00287	0.00511	-1.29003	0.01042	0.00511	0.00116	0.00116
AAA	AAT	AT	1.51528	0.00086	0.00168	-1.51528	0.00394	0.00168	0.00038	0.00038
AAA	AAC	AC	2.17506	0.00287	0.00704	-2.17506	0.02525	0.00704	0.00160	0.00160
AAG	CAG	AC	0.83110	0.02166	0.03190	-0.83110	0.04974	0.03190	0.00725	0.00725
AAG	ATG	AT	1.20322	0.00653	0.01123	-1.20322	0.02175	0.01123	0.00255	0.00255
AAG	ACG	AC	-0.50449	0.02166	0.01666	0.50449	0.01308	0.01666	0.00379	0.00379
AAG	AAT	GT	-0.55911	0.00653	0.00487	0.55911	0.00373	0.00487	0.00111	0.00111
AAG	AAC	GC	0.10068	0.02166	0.02277	-0.10068	0.02396	0.02277	0.00518	0.00518
AAG	AAA	GA	-2.07439	0.10074	0.03003	2.07439	0.01266	0.03003	0.03003	0.03003
AGT	TGT	AT	1.06316	0.00151	0.00245	-1.06316	0.00437	0.00245	0.00056	0.00056
AGT	CGT	AC	0.10699	0.00501	0.00528	-0.10699	0.00557	0.00528	0.00120	0.00120
AGT	ATT	GT	0.44263	0.00151	0.00187	-0.44263	0.00235	0.00187	0.00042	0.00042
AGT	ACT	GC	-0.93294	0.00501	0.00303	0.93294	0.00197	0.00303	0.00069	0.00069
AGT	AAT	GA	-0.13259	0.02329	0.02178	0.13259	0.02040	0.02178	0.00495	0.00495
AGC	TGC	AT	0.87972	0.01412	0.02123	-0.87972	0.03403	0.02123	0.00483	0.00483
AGC	CGC	AC	-0.72593	0.04684	0.03188	0.72593	0.02266	0.03188	0.00725	0.00725
AGC	ATC	GT	-0.01834	0.01412	0.01399	0.01834	0.01386	0.01399	0.00318	0.00318
AGC	ACC	GC	-0.98093	0.04684	0.02756	0.98093	0.01756	0.02756	0.00627	0.00627
AGC	AAC	GA	-0.50911	0.21780	0.16704	0.50911	0.13090	0.16704	0.03798	0.03798
AGC	AGT	CT	-1.03631	0.07715	0.04396	1.03631	0.02737	0.04396	0.04396	0.04396
AGA	CGA	AC	1.30506	0.00051	0.00092	-1.30506	0.00189	0.00092	0.00092	0.00092
AGA	ATA	GT	1.79623	0.00015	0.00033	-1.79623	0.00093	0.00033	0.00008	0.00008
AGA	ACA	GC	2.95727	0.00051	0.00160	-2.95727	0.00989	0.00160	0.00036	0.00036
AGA	AAA	GA	1.66724	0.00239	0.00491	-1.66724	0.01266	0.00491	0.00112	0.00112
AGA	AGT	AT	3.31511	0.00015	0.00053	-3.31511	0.00426	0.00053	0.00012	0.00012
AGA	AGC	AC	4.35142	0.00051	0.00226	-4.35142	0.03986	0.00226	0.00051	0.00051
AGG	TGG	AT	1.82168	0.00408	0.00886	-1.82168	0.02521	0.00886	0.00202	0.00202
AGG	CGG	AC	0.31543	0.01353	0.01578	-0.31543	0.01855	0.01578	0.01578	0.01578
AGG	ATG	GT	1.62147	0.00408	0.00824	-1.62147	0.02064	0.00824	0.00187	0.00187
AGG	ACG	GC	-0.08624	0.01353	0.01295	0.08624	0.01241	0.01295	0.00295	0.00295
AGG	AAG	GA	0.41825	0.06291	0.07698	-0.41825	0.09558	0.07698	0.01750	0.01750
AGG	AGT	GT	-0.00827	0.00408	0.00406	0.00827	0.00404	0.00406	0.00092	0.00092
AGG	AGC	GC	1.02804	0.01353	0.02165	-1.02804	0.03782	0.02165	0.00492	0.00492
AGG	AGA	GA	-3.32338	0.06291	0.00781	3.32338	0.00227	0.00781	0.00781	0.00781
GTT	TTT	GT	2.30770	0.00057	0.00146	-2.30770	0.00571	0.00146	0.00033	0.00033
GTT	CTT	GC	1.18378	0.00188	0.00321	-1.18378	0.00615	0.00321	0.00073	0.00073
GTT	ATT	GA	0.38277	0.00876	0.01054	-0.38277	0.01284	0.01054	0.00240	0.00240
GTC	TTC	GT	2.01476	0.00574	0.01335	-2.01476	0.04307	0.01335	0.00304	0.00304
GTC	CTC	GC	0.55400	0.01905	0.02481	-0.55400	0.03315	0.02481	0.00564	0.00564
GTC	ATC	GA	-0.15666	0.08859	0.08183	0.15666	0.07575	0.08183	0.01861	0.01861
GTC	GTT	CT	-1.11477	0.03138	0.01707	1.11477	0.01029	0.01707	0.01707	0.01707
GTA	TTA	GT	-0.25375	0.00049	0.00043	0.25375	0.00038	0.00043	0.00010	0.00010
GTA	CTA	GC	1.11144	0.00163	0.00270	-1.11144	0.00494	0.00270	0.00061	0.00061
GTA	ATA	GA	-0.39429	0.00757	0.00617	0.39429	0.00510	0.00617	0.00140	0.00140
GTA	GTT	AT	1.18444	0.00049	0.00084	-1.18444	0.00160	0.00084	0.00084	0.00084
GTA	GTC	AC	2.29921	0.00163	0.00416	-2.29921	0.01621	0.00416	0.00416	0.00416
GTG	TTG	GT	-1.64917	0.02286	0.00897	1.64917	0.00439	0.00897	0.00204	0.00204
GTG	CTG	GC	0.28176	0.07582	0.08701	-0.28176	0.10050	0.08701	0.01978	0.01978
GTG	ATG	GA	-1.13993	0.35258	0.18900	1.13993	0.11277	0.18900	0.04297	0.04297
GTG	GTT	GT	-2.70981	0.02286	0.00442	2.70981	0.00152	0.00442	0.00442	0.00442
GTG	GTC	GC	-1.59504	0.07582	0.03079	1.59504	0.01538	0.03079	0.03079	0.03079
GTG	GTA	GA	-3.89426	0.35258	0.02853	3.89426	0.00718	0.02853	0.02853	0.02853
GCT	TCT	GT	-0.49739	0.00478	0.00369	0.49739	0.00290	0.00369	0.00084	0.00084
GCT	CCT	GC	-0.57824	0.01584	0.01170	0.57824	0.00889	0.01170	0.00266	0.00266
GCT	ACT	GA	-1.92300	0.07366	0.02425	1.92300	0.01077	0.02425	0.00551	0.00551
GCT	GTT	CT	-0.93020	0.02609	0.01581	0.93020	0.01029	0.01581	0.00359	0.00359
GCC	TCC	GT	-0.54521	0.02326	0.01749	0.54521	0.01348	0.01749	0.00398	0.00398
GCC	CCC	GC	-0.96759	0.07715	0.04575	0.96759	0.02932	0.04575	0.01040	0.01040
GCC	ACC	GA	-1.31871	0.35875	0.17275	1.31871	0.09596	0.17275	0.03928	0.03928
GCC	GTC	CT	-0.19946	0.12708	0.11482	0.19946	0.10410	0.11482	0.02611	0.02611
GCC	GCT	CT	-0.38404	0.12708	0.10423	0.38404	0.08655	0.10423	0.10423	0.10423
GCA	TCA	GT	0.67700	0.00316	0.00435	-0.67700	0.00622	0.00435	0.00099	0.00099
GCA	CCA	GC	-0.23028	0.01049	0.00933	0.23028	0.00833	0.00933	0.00212	0.00212
GCA	ACA	GA	0.10219	0.04878	0.05131	-0.10219	0.05402	0.05131	0.01167	0.01167
GCA	GTA	CT	-0.66456	0.01728	0.01217	0.66456	0.00889	0.01217	0.00277	0.00277
GCA	GCT	AT	1.45009	0.00316	0.00599	-1.45009	0.01348	0.00599	0.00599	0.00599
GCA	GCC	AC	1.83412	0.01049	0.02290	-1.83412	0.06566	0.02290	0.02290	0.02290
GCG	TCG	GT	0.80359	0.00419	0.00610	-0.80359	0.00937	0.00610	0.00139	0.00139
GCG	CCG	GC	-0.20463	0.01391	0.01254	0.20463	0.01134	0.01254	0.00285	0.00285
GCG	ACG	GA	0.04695	0.06470	0.06623	-0.04695	0.06781	0.06623	0.01506	0.01506
GCG	GTG	CT	2.89459	0.02292	0.07023	-2.89459	0.41429	0.07023	0.01597	0.01597
GCG	GCT	GT	1.11497	0.00419	0.00696	-1.11497	0.01279	0.00696	0.00696	0.00696
GCG	GCC	GC	1.49901	0.01391	0.02686	-1.49901	0.06230	0.02686	0.02686	0.02686
GCG	GCA	GA	-0.33511	0.06470	0.05447	0.33511	0.04628	0.05447	0.05447	0.05447
GAT	TAT	GT	0.53946	0.00179	0.00232	-0.53946	0.00308	0.00232	0.00053	0.00053
GAT	CAT	GC	-0.74157	0.00595	0.00401	0.74157	0.00283	0.00401	0.00091	0.00091
GAT	AAT	GA	-0.30489	0.02767	0.02367	0.30489	0.02040	0.02367	0.00538	0.00538
GAT	GTT	AT	-0.11244	0.00179	0.00170	0.11244	0.00160	0.00170	0.00039	0.00039
GAT	GCT	AC	0.81776	0.00595	0.00871	-0.81776	0.01348	0.00871	0.00198	0.00198
GAC	TAC	GT	0.55389	0.01109	0.01444	-0.55389	0.01929	0.01444	0.00328	0.00328
GAC	CAC	GC	-0.45487	0.03678	0.02904	0.45487	0.02334	0.02904	0.00660	0.00660
GAC	AAC	GA	-0.26728	0.17101	0.14918	0.26728	0.13090	0.14918	0.03392	0.03392
GAC	GTC	AT	0.38015	0.01109	0.01333	-0.38015	0.01621	0.01333	0.00303	0.00303
GAC	GCC	AC	0.57961	0.03678	0.04846	-0.57961	0.06566	0.04846	0.01102	0.01102
GAC	GAT	CT	-0.62218	0.06058	0.04367	0.62218	0.03252	0.04367	0.04367	0.04367
GAA	CAA	GC	-0.22909	0.00283	0.00251	0.22909	0.00225	0.00251	0.00057	0.00057
GAA	AAA	GA	-0.03751	0.01314	0.01289	0.03751	0.01266	0.01289	0.00293	0.00293
GAA	GTA	AT	0.48577	0.00085	0.00108	-0.48577	0.00138	0.00108	0.00024	0.00024
GAA	GCA	AC	1.15033	0.00283	0.00476	-1.15033	0.00893	0.00476	0.00108	0.00108
GAA	GAT	AT	1.78266	0.00085	0.00183	-1.78266	0.00506	0.00183	0.00042	0.00042
GAA	GAC	AC	2.40484	0.00283	0.00747	-2.40484	0.03130	0.00747	0.00170	0.00170
GAG	CAG	GC	0.00294	0.04705	0.04712	-0.00294	0.04719	0.04712	0.01071	0.01071
GAG	AAG	GA	-0.82816	0.21880	0.14056	0.82816	0.09558	0.14056	0.03196	0.03196
GAG	GTG	AT	1.51498	0.01418	0.02754	-1.51498	0.06453	0.02754	0.00626	0.00626
GAG	GCG	AC	-1.37960	0.04705	0.02183	1.37960	0.01184	0.02183	0.00496	0.00496
GAG	GAT	GT	-1.08239	0.01418	0.00787	1.08239	0.00481	0.00787	0.00179	0.00179
GAG	GAC	GC	-0.46020	0.04705	0.03705	0.46020	0.02970	0.03705	0.00842	0.00842
GAG	GAA	GA	-2.86505	0.21880	0.03788	2.86505	0.01247	0.03788	0.03788	0.03788
GGT	TGT	GT	0.98530	0.00155	0.00244	-0.98530	0.00415	0.00244	0.00055	0.00055
GGT	CGT	GC	0.02913	0.00514	0.00521	-0.02913	0.00529	0.00521	0.00119	0.00119
GGT	AGT	GA	-0.07786	0.02389	0.02297	0.07786	0.02210	0.02297	0.00522	0.00522
GGT	GTT	GT	-0.01801	0.00155	0.00153	0.01801	0.00152	0.00153	0.00035	0.00035
GGT	GCT	GC	0.91219	0.00514	0.00783	-0.91219	0.01279	0.00783	0.00178	0.00178
GGT	GAT	GA	0.09444	0.02389	0.02504	-0.09444	0.02626	0.02504	0.00569	0.00569
GGC	TGC	GT	0.58484	0.01799	0.02376	-0.58484	0.03229	0.02376	0.00540	0.00540
GGC	CGC	GC	-1.02081	0.05968	0.03432	1.02081	0.02150	0.03432	0.00780	0.00780
GGC	AGC	GA	-0.29488	0.27753	0.23862	0.29488	0.20665	0.23862	0.05425	0.05425
GGC	GTC	GT	-0.15656	0.01799	0.01662	0.15656	0.01538	0.01662	0.00378	0.00378
GGC	GCC	GC	0.04290	0.05968	0.06097	-0.04290	0.06230	0.06097	0.01386	0.01386
GGC	GAC	GA	-0.53671	0.27753	0.20968	0.53671	0.16226	0.20968	0.04767	0.04767
GGC	GGT	CT	-1.25333	0.09830	0.04924	1.25333	0.02807	0.04924	0.04924	0.04924
GGA	CGA	GC	-1.02475	0.00501	0.00287	1.02475	0.00180	0.00287	0.00065	0.00065
GGA	AGA	GA	-2.32981	0.02329	0.00585	2.32981	0.00227	0.00585	0.00133	0.00133
GGA	GTA	GT	-0.13929	0.00151	0.00141	0.13929	0.00131	0.00141	0.00032	0.00032
GGA	GCA	GC	0.52527	0.00501	0.00644	-0.52527	0.00847	0.00644	0.00146	0.00146
GGA	GAA	GA	-0.62506	0.02329	0.01677	0.62506	0.01247	0.01677	0.00381	0.00381
GGA	GGT	AT	1.06316	0.00151	0.00245	-1.06316	0.00437	0.00245	0.00245	0.00245
GGA	GGC	AC	2.31649	0.00501	0.01287	-2.31649	0.05079	0.01287	0.01287	0.01287
GGG	TGG	GT	1.08873	0.00805	0.01322	-1.08873	0.02392	0.01322	0.00301	0.00301
GGG	CGG	GC	-0.41752	0.02672	0.02153	0.41752	0.01760	0.02153	0.00489	0.00489
GGG	AGG	GA	-0.73295	0.12423	0.08421	0.73295	0.05969	0.08421	0.01915	0.01915
GGG	GTG	GT	2.02845	0.00805	0.01881	-2.02845	0.06123	0.01881	0.00428	0.00428
GGG	GCG	GC	-0.86614	0.02672	0.01680	0.86614	0.01124	0.01680	0.00382	0.00382
GGG	GAG	GA	0.51346	0.12423	0.15884	-0.51346	0.20760	0.15884	0.03611	0.03611
GGG	GGT	GT	-0.66336	0.00805	0.00568	0.66336	0.00415	0.00568	0.00568	0.00568
GGG	GGC	GC	0.58996	0.02672	0.03537	-0.58996	0.04819	0.03537	0.03537	0.03537
GGG	GGA	GA	-1.72652	0.12423	0.04641	1.72652	0.02210	0.04641	0.04641	0.04641


Histograms
2Ns	FMut	FSub(CodonUsage)	FSubw(after w)

-4.35021	0.00450	0.00031	0.00017
-3.91519	0.01893	0.00204	0.00491
-3.48017	0.03944	0.00625	0.00451
-3.04515	0.08511	0.01773	0.03164
-2.61013	0.01027	0.00279	0.00331
-2.17511	0.04581	0.01630	0.01973
-1.74008	0.07204	0.03517	0.04517
-1.30506	0.12611	0.08076	0.07109
-0.87004	0.11754	0.09724	0.08902
-0.43502	0.16003	0.16875	0.16898
0.00000	0.10980	0.14531	0.12295
0.43502	0.10321	0.16875	0.16898
0.87004	0.04893	0.09724	0.08902
1.30506	0.03402	0.08076	0.07109
1.74008	0.01256	0.03517	0.04517
2.17511	0.00493	0.01630	0.01973
2.61013	0.00075	0.00279	0.00331
3.04515	0.00424	0.01773	0.03164
3.48017	0.00135	0.00625	0.00451
3.91519	0.00039	0.00204	0.00491
4.35021	0.00005	0.00031	0.00017

Proportion of advantageous (S > 0) mutations:
 0.26270

Proportions of good & bad mutations (|S| > 2.0000) among mutations:
0.01165  0.20367

mean |Ns| = 1.27554	mean Ns+ = 0.72340	mean Ns- = -1.47227

