

TREE # 1

  0  0.0000  16138.178836  x:  0.39423   0.04406   0.14593   0.11209   0.01268   0.10755   0.01286   0.08299   0.04419   0.01093   0.02366   0.07317   0.06852   0.06011   0.02226   0.03552   0.01082   0.01764   0.00404   0.00345   0.01989   0.01193   0.00784   0.00944   0.00448   0.01639   0.00717   0.01086   0.01482   0.00769   0.01166   0.02956   0.04150   0.00422   0.02763   0.00748   0.02701   0.31176   0.00127   0.02916   0.03752   0.00857   0.06577   0.00284   0.00527   0.03217   0.00542   0.02243   0.01445   0.02099   0.03339   0.03362   0.00977   0.01906   0.01835   0.00446   0.00945   0.28935   0.07779   0.00000   0.14617   0.08454   0.04777   0.03498   0.10314   3.00000   0.55884   1.03689   0.45863   1.00000  
  1 99.0000  16126.948214  x:  0.39422   0.04474   0.14645   0.11242   0.01291   0.10751   0.01354   0.08300   0.04422   0.01128   0.02328   0.07322   0.06905   0.06040   0.02262   0.03537   0.01069   0.01772   0.00319   0.00348   0.01951   0.01168   0.00737   0.00907   0.00361   0.01609   0.00666   0.01050   0.01417   0.00756   0.01153   0.02953   0.04157   0.00415   0.02760   0.00751   0.02657   0.31180   0.00000   0.02908   0.03781   0.00877   0.06575   0.00195   0.00444   0.03239   0.00445   0.02231   0.01416   0.02068   0.03353   0.03331   0.00955   0.01855   0.01818   0.00376   0.00926   0.28943   0.07860   0.00316   0.14642   0.08474   0.04766   0.03513   0.10330   3.00021   0.55854   1.03693   0.45888   0.99874  
  2 2721.0306  16112.160153  x:  0.39415   0.04757   0.14902   0.11403   0.01381   0.10727   0.01601   0.08304   0.04435   0.01244   0.02157   0.07344   0.07156   0.06180   0.02418   0.03465   0.01026   0.01813   0.00063   0.00350   0.01789   0.01069   0.00592   0.00776   0.00048   0.01483   0.00499   0.00917   0.01139   0.00720   0.01108   0.02934   0.04190   0.00398   0.02748   0.00763   0.02470   0.31204   0.00000   0.02871   0.03909   0.00952   0.06568   0.00083   0.00182   0.03333   0.00047   0.02178   0.01299   0.01943   0.03414   0.03189   0.00881   0.01629   0.01748   0.00200   0.00866   0.28978   0.08208   0.00083   0.14735   0.08513   0.04713   0.03576   0.10348   3.00124   0.55704   1.03712   0.46014   0.99242  
  3 2341.2925  16101.996674  x:  0.39408   0.05041   0.15162   0.11567   0.01463   0.10701   0.01822   0.08308   0.04447   0.01342   0.01993   0.07364   0.07408   0.06319   0.02565   0.03395   0.00991   0.01855   0.00170   0.00353   0.01642   0.00977   0.00497   0.00674   0.00205   0.01369   0.00382   0.00806   0.00884   0.00694   0.01070   0.02914   0.04223   0.00386   0.02737   0.00773   0.02288   0.31228   0.00000   0.02835   0.04035   0.01017   0.06559   0.00159   0.00097   0.03426   0.00000   0.02130   0.01196   0.01833   0.03473   0.03050   0.00820   0.01416   0.01685   0.00146   0.00819   0.29014   0.08561   0.00006   0.14833   0.08558   0.04659   0.03640   0.10373   3.00231   0.55548   1.03732   0.46145   0.98585  
  4 4068.9472  16101.085693  x:  0.39407   0.05060   0.15180   0.11578   0.01468   0.10700   0.01837   0.08308   0.04448   0.01348   0.01981   0.07365   0.07425   0.06328   0.02575   0.03390   0.00989   0.01858   0.00172   0.00353   0.01632   0.00971   0.00490   0.00667   0.00208   0.01361   0.00375   0.00798   0.00867   0.00693   0.01067   0.02913   0.04225   0.00385   0.02736   0.00774   0.02276   0.31230   0.00000   0.02833   0.04044   0.01022   0.06558   0.00162   0.00095   0.03432   0.00010   0.02127   0.01189   0.01825   0.03477   0.03041   0.00816   0.01401   0.01681   0.00143   0.00816   0.29017   0.08585   0.00000   0.14840   0.08561   0.04656   0.03644   0.10374   3.00239   0.55538   1.03733   0.46154   0.98540  
  5 31450.4179  16101.085693  x:  0.39407   0.05060   0.15180   0.11578   0.01468   0.10700   0.01837   0.08308   0.04448   0.01348   0.01981   0.07365   0.07425   0.06328   0.02575   0.03390   0.00989   0.01858   0.00172   0.00353   0.01632   0.00971   0.00490   0.00667   0.00208   0.01361   0.00375   0.00798   0.00867   0.00693   0.01067   0.02913   0.04225   0.00385   0.02736   0.00774   0.02276   0.31230   0.00000   0.02833   0.04044   0.01022   0.06558   0.00162   0.00095   0.03432   0.00010   0.02127   0.01189   0.01825   0.03477   0.03041   0.00816   0.01401   0.01681   0.00143   0.00816   0.29017   0.08585   0.00000   0.14840   0.08561   0.04656   0.03644   0.10374   3.00239   0.55538   1.03733   0.46154   0.98540  
  6 11875.2313  16094.649936  x:  0.39404   0.05141   0.15255   0.11624   0.01480   0.10690   0.01871   0.08309   0.04449   0.01356   0.01950   0.07370   0.07491   0.06363   0.02601   0.03375   0.00988   0.01862   0.00154   0.00354   0.01610   0.00975   0.00520   0.00683   0.00139   0.01351   0.00438   0.00807   0.00858   0.00697   0.01067   0.02907   0.04232   0.00389   0.02734   0.00774   0.02237   0.31237   0.00000   0.02826   0.04073   0.01026   0.06555   0.00098   0.00459   0.03455   0.00774   0.02121   0.01188   0.01818   0.03489   0.03010   0.00820   0.01372   0.01674   0.00296   0.00821   0.29027   0.08691   0.00482   0.14878   0.08590   0.04641   0.03660   0.10399   3.00273   0.55488   1.03740   0.46195   0.98329  
  7 3524.5405  16069.385148  x:  0.39375   0.05749   0.15860   0.11995   0.01560   0.10614   0.02124   0.08312   0.04460   0.01413   0.01717   0.07402   0.08019   0.06636   0.02799   0.03257   0.00983   0.01899   0.00145   0.00359   0.01459   0.00991   0.00663   0.00772   0.00055   0.01280   0.00641   0.00859   0.00801   0.00724   0.01066   0.02858   0.04293   0.00400   0.02716   0.00774   0.01941   0.31298   0.00000   0.02775   0.04298   0.01013   0.06536   0.00267   0.00039   0.03606   0.00416   0.02062   0.01143   0.01630   0.03577   0.02769   0.00852   0.01165   0.01626   0.00113   0.00843   0.29110   0.09500   0.02441   0.15152   0.08755   0.04524   0.03784   0.10523   3.00552   0.55082   1.03792   0.46531   0.96602  
  8 1537.1441  16058.458403  x:  0.39357   0.06091   0.16211   0.12210   0.01602   0.10569   0.02262   0.08313   0.04466   0.01443   0.01593   0.07420   0.08322   0.06791   0.02908   0.03191   0.00981   0.01918   0.00148   0.00360   0.01382   0.00998   0.00719   0.00810   0.00156   0.01244   0.00712   0.00881   0.00776   0.00735   0.01065   0.02830   0.04327   0.00403   0.02707   0.00775   0.01782   0.31333   0.00000   0.02747   0.04424   0.01005   0.06526   0.00316   0.00267   0.03689   0.00000   0.02029   0.01120   0.01528   0.03626   0.02635   0.00869   0.01061   0.01602   0.00097   0.00854   0.29157   0.09961   0.03427   0.15307   0.08843   0.04458   0.03852   0.10585   3.00717   0.54844   1.03822   0.46728   0.95584  
  9 13276.5913  16058.458403  x:  0.39357   0.06091   0.16211   0.12210   0.01602   0.10569   0.02262   0.08313   0.04466   0.01443   0.01593   0.07420   0.08322   0.06791   0.02908   0.03191   0.00981   0.01918   0.00148   0.00360   0.01382   0.00998   0.00719   0.00810   0.00156   0.01244   0.00712   0.00881   0.00776   0.00735   0.01065   0.02830   0.04327   0.00403   0.02707   0.00775   0.01782   0.31333   0.00000   0.02747   0.04424   0.01005   0.06526   0.00316   0.00267   0.03689   0.00000   0.02029   0.01120   0.01528   0.03626   0.02635   0.00869   0.01061   0.01602   0.00097   0.00854   0.29157   0.09961   0.03427   0.15307   0.08843   0.04458   0.03852   0.10585   3.00717   0.54844   1.03822   0.46728   0.95584  
 10 2329.6544  16056.391535  x:  0.39356   0.06098   0.16222   0.12217   0.01601   0.10567   0.02262   0.08313   0.04466   0.01442   0.01596   0.07421   0.08330   0.06794   0.02908   0.03191   0.00981   0.01918   0.00148   0.00359   0.01386   0.00997   0.00707   0.00804   0.00151   0.01247   0.00695   0.00878   0.00780   0.00733   0.01065   0.02830   0.04328   0.00402   0.02707   0.00775   0.01785   0.31335   0.00000   0.02747   0.04426   0.01006   0.06525   0.00284   0.00261   0.03691   0.00281   0.02031   0.01123   0.01537   0.03627   0.02634   0.00868   0.01069   0.01604   0.00165   0.00853   0.29159   0.09973   0.03416   0.15311   0.08843   0.04457   0.03852   0.10582   3.00724   0.54835   1.03824   0.46736   0.95541  
 11 4959.6697  16051.946233  x:  0.39348   0.06151   0.16315   0.12271   0.01591   0.10552   0.02258   0.08313   0.04465   0.01434   0.01624   0.07423   0.08393   0.06820   0.02908   0.03188   0.00984   0.01914   0.00153   0.00354   0.01420   0.00989   0.00619   0.00756   0.00117   0.01266   0.00562   0.00852   0.00809   0.00718   0.01066   0.02825   0.04331   0.00391   0.02706   0.00777   0.01811   0.31346   0.00000   0.02750   0.04440   0.01006   0.06521   0.00041   0.00217   0.03697   0.00248   0.02036   0.01138   0.01574   0.03630   0.02632   0.00866   0.01128   0.01615   0.00355   0.00843   0.29170   0.10070   0.03325   0.15344   0.08841   0.04449   0.03855   0.10565   3.00781   0.54754   1.03834   0.46801   0.95185  
 12 1214.8590  16042.464940  x:  0.39316   0.06346   0.16662   0.12473   0.01553   0.10495   0.02247   0.08312   0.04462   0.01409   0.01721   0.07433   0.08627   0.06917   0.02909   0.03180   0.00995   0.01899   0.00167   0.00343   0.01533   0.00964   0.00337   0.00604   0.00094   0.01330   0.00139   0.00771   0.00900   0.00671   0.01067   0.02807   0.04345   0.00359   0.02705   0.00782   0.01903   0.31388   0.00000   0.02758   0.04490   0.01006   0.06506   0.00231   0.00158   0.03717   0.00187   0.02056   0.01189   0.01705   0.03643   0.02623   0.00857   0.01323   0.01652   0.00720   0.00810   0.29213   0.10430   0.02989   0.15466   0.08836   0.04420   0.03866   0.10500   3.00993   0.54454   1.03872   0.47047   0.93850  
 13 3107.2944  16019.745772  x:  0.39232   0.06838   0.17548   0.12987   0.01462   0.10351   0.02220   0.08309   0.04455   0.01350   0.01936   0.07460   0.09217   0.07157   0.02914   0.03160   0.01016   0.01868   0.00212   0.00338   0.01763   0.00929   0.00049   0.00366   0.00252   0.01465   0.00523   0.00637   0.01062   0.00595   0.01070   0.02764   0.04379   0.00316   0.02703   0.00793   0.02109   0.31495   0.00000   0.02778   0.04613   0.01008   0.06469   0.00384   0.00299   0.03768   0.00111   0.02100   0.01290   0.01995   0.03674   0.02602   0.00840   0.01718   0.01731   0.01182   0.00747   0.29320   0.11345   0.02144   0.15780   0.08826   0.04346   0.03896   0.10339   3.01544   0.53677   1.03970   0.47682   0.90383  
 14 6256.2323  15991.654390  x:  0.39107   0.07564   0.18860   0.13746   0.01328   0.10139   0.02182   0.08305   0.04445   0.01265   0.02247   0.07499   0.10088   0.07511   0.02922   0.03130   0.01046   0.01823   0.00282   0.00332   0.02093   0.00883   0.00322   0.00075   0.00422   0.01658   0.00884   0.00455   0.01291   0.00494   0.01074   0.02701   0.04428   0.00261   0.02700   0.00808   0.02407   0.31654   0.00000   0.02806   0.04793   0.01010   0.06415   0.00597   0.00448   0.03843   0.00000   0.02163   0.01434   0.02415   0.03718   0.02571   0.00816   0.02286   0.01844   0.01854   0.00661   0.29480   0.12697   0.00900   0.16246   0.08811   0.04237   0.03940   0.10101   3.02362   0.52523   1.04116   0.48624   0.85238  
 15 63060.6760  15991.654390  x:  0.39107   0.07564   0.18860   0.13746   0.01328   0.10139   0.02182   0.08305   0.04445   0.01265   0.02247   0.07499   0.10088   0.07511   0.02922   0.03130   0.01046   0.01823   0.00282   0.00332   0.02093   0.00883   0.00322   0.00075   0.00422   0.01658   0.00884   0.00455   0.01291   0.00494   0.01074   0.02701   0.04428   0.00261   0.02700   0.00808   0.02407   0.31654   0.00000   0.02806   0.04793   0.01010   0.06415   0.00597   0.00448   0.03843   0.00000   0.02163   0.01434   0.02415   0.03718   0.02571   0.00816   0.02286   0.01844   0.01854   0.00661   0.29480   0.12697   0.00900   0.16246   0.08811   0.04237   0.03940   0.10101   3.02362   0.52523   1.04116   0.48624   0.85238  
 16 60492.8659  15979.321178  x:  0.39103   0.07563   0.18871   0.13749   0.01334   0.10138   0.02186   0.08306   0.04446   0.01275   0.02220   0.07501   0.10087   0.07507   0.02922   0.03132   0.01039   0.01829   0.00244   0.00340   0.02057   0.00899   0.00406   0.01076   0.00349   0.01632   0.00828   0.00553   0.01248   0.00546   0.01074   0.02705   0.04427   0.00298   0.02700   0.00805   0.02382   0.31656   0.00000   0.02803   0.04789   0.01009   0.06415   0.00497   0.00388   0.03843   0.00405   0.02159   0.01413   0.02384   0.03717   0.02574   0.00822   0.02231   0.01831   0.01748   0.00689   0.29480   0.12705   0.00942   0.16252   0.08815   0.04239   0.03942   0.10107   3.02378   0.52501   1.04118   0.48641   0.85126  
 17 7602.7314  15964.207790  x:  0.39085   0.07557   0.18924   0.13766   0.01360   0.10138   0.02206   0.08309   0.04450   0.01314   0.02104   0.07510   0.10082   0.07489   0.02922   0.03139   0.01013   0.01847   0.00061   0.00366   0.01897   0.00959   0.00608   0.01143   0.00041   0.01518   0.00585   0.00837   0.01062   0.00713   0.01072   0.02721   0.04422   0.00410   0.02703   0.00791   0.02273   0.31667   0.00000   0.02792   0.04769   0.00997   0.06419   0.00058   0.00155   0.03831   0.00186   0.02132   0.01313   0.02219   0.03708   0.02587   0.00844   0.01982   0.01773   0.01258   0.00796   0.29483   0.12742   0.01125   0.16282   0.08833   0.04244   0.03949   0.10136   3.02456   0.52399   1.04130   0.48722   0.84607  
 18 1871.4056  15958.125491  x:  0.39071   0.07553   0.18964   0.13778   0.01377   0.10137   0.02220   0.08311   0.04453   0.01341   0.02021   0.07516   0.10078   0.07476   0.02923   0.03144   0.00998   0.01862   0.00136   0.00374   0.01788   0.00988   0.00700   0.01186   0.00180   0.01441   0.00437   0.00974   0.00939   0.00792   0.01071   0.02731   0.04418   0.00457   0.02705   0.00782   0.02195   0.31675   0.00000   0.02784   0.04754   0.00991   0.06421   0.00007   0.00129   0.03823   0.00067   0.02114   0.01246   0.02104   0.03702   0.02596   0.00856   0.01803   0.01733   0.00894   0.00852   0.29485   0.12770   0.01250   0.16304   0.08845   0.04248   0.03955   0.10156   3.02515   0.52321   1.04138   0.48784   0.84212  
 19 3801.1042  15954.830454  x:  0.39063   0.07550   0.18986   0.13785   0.01388   0.10136   0.02228   0.08313   0.04455   0.01356   0.01974   0.07520   0.10075   0.07469   0.02924   0.03147   0.00989   0.01871   0.00164   0.00379   0.01725   0.01005   0.00754   0.01209   0.00231   0.01397   0.00352   0.01055   0.00868   0.00839   0.01070   0.02736   0.04415   0.00485   0.02706   0.00777   0.02151   0.31679   0.00000   0.02779   0.04745   0.00987   0.06423   0.00031   0.00111   0.03818   0.00000   0.02104   0.01208   0.02038   0.03699   0.02601   0.00864   0.01701   0.01711   0.00685   0.00885   0.29486   0.12786   0.01322   0.16316   0.08852   0.04250   0.03958   0.10167   3.02549   0.52276   1.04144   0.48820   0.83986  
 20 60602.3946  15948.045897  x:  0.39043   0.07544   0.19045   0.13803   0.01413   0.10135   0.02249   0.08316   0.04459   0.01392   0.01856   0.07529   0.10069   0.07450   0.02925   0.03154   0.00968   0.01891   0.00208   0.00387   0.01570   0.01043   0.00862   0.01138   0.00309   0.01290   0.00178   0.01229   0.00701   0.00939   0.01068   0.02751   0.04408   0.00542   0.02708   0.00766   0.02040   0.31691   0.00000   0.02768   0.04724   0.00978   0.06426   0.00058   0.00138   0.03807   0.00124   0.02079   0.01117   0.01876   0.03691   0.02613   0.00880   0.01444   0.01655   0.00157   0.00959   0.29489   0.12827   0.01501   0.16349   0.08870   0.04256   0.03966   0.10196   3.02636   0.52161   1.04156   0.48912   0.83398  
 21 12185.7458  15945.770168  x:  0.39034   0.07540   0.19072   0.13811   0.01422   0.10135   0.02257   0.08318   0.04460   0.01404   0.01813   0.07533   0.10066   0.07441   0.02926   0.03157   0.00963   0.01898   0.00203   0.00382   0.01518   0.01049   0.00865   0.01142   0.00303   0.01258   0.00288   0.01256   0.00668   0.00948   0.01067   0.02756   0.04405   0.00541   0.02708   0.00763   0.01999   0.31696   0.00000   0.02765   0.04715   0.00976   0.06428   0.00056   0.00203   0.03802   0.00113   0.02071   0.01093   0.01817   0.03688   0.02618   0.00884   0.01351   0.01637   0.00050   0.00970   0.29491   0.12845   0.01567   0.16363   0.08878   0.04258   0.03969   0.10207   3.02677   0.52108   1.04162   0.48954   0.83127  
 22 2862.4091  15932.773437  x:  0.38955   0.07510   0.19298   0.13881   0.01498   0.10130   0.02324   0.08330   0.04474   0.01502   0.01451   0.07564   0.10043   0.07372   0.02928   0.03183   0.00919   0.01953   0.00217   0.00351   0.01073   0.01108   0.00925   0.01115   0.00337   0.00987   0.00612   0.01516   0.00377   0.01048   0.01060   0.02799   0.04376   0.00553   0.02711   0.00742   0.01653   0.31741   0.00000   0.02734   0.04637   0.00957   0.06442   0.00063   0.00482   0.03763   0.00144   0.01999   0.00881   0.01318   0.03662   0.02655   0.00912   0.00567   0.01488   0.00264   0.01084   0.29503   0.12997   0.02126   0.16482   0.08937   0.04279   0.03995   0.10302   3.03017   0.51661   1.04212   0.49309   0.80840  
 23 5389.0743  15888.701348  x:  0.38668   0.07387   0.20115   0.14131   0.01686   0.10110   0.02520   0.08368   0.04515   0.01710   0.00680   0.07661   0.09959   0.07143   0.02932   0.03259   0.00901   0.02068   0.00264   0.00304   0.00456   0.01099   0.00437   0.01121   0.00335   0.00761   0.00642   0.01532   0.01685   0.00813   0.01054   0.02916   0.04276   0.00246   0.02707   0.00757   0.00880   0.31904   0.00000   0.02666   0.04387   0.00940   0.06493   0.00073   0.00236   0.03644   0.00190   0.01842   0.00811   0.00347   0.03605   0.02736   0.00922   0.00343   0.01250   0.00245   0.01030   0.29547   0.13533   0.03720   0.16894   0.09116   0.04348   0.04071   0.10583   3.04277   0.50014   1.04392   0.50621   0.72330  
 24 4099.5750  15790.121898  x:  0.38116   0.07149   0.21684   0.14613   0.02009   0.10071   0.02875   0.08437   0.04598   0.02099   0.00097   0.07842   0.09801   0.06718   0.02946   0.03390   0.00852   0.02266   0.00371   0.00360   0.00617   0.01183   0.00162   0.01105   0.00318   0.00496   0.00759   0.01799   0.02272   0.00676   0.01044   0.03129   0.04112   0.00308   0.02709   0.00776   0.00137   0.32216   0.00000   0.02551   0.03934   0.00901   0.06586   0.00080   0.00317   0.03438   0.00208   0.01582   0.00654   0.01120   0.03507   0.02876   0.00965   0.00599   0.00916   0.00308   0.01073   0.29635   0.14558   0.06731   0.17678   0.09446   0.04474   0.04207   0.11101   3.06719   0.46832   1.04737   0.53160   0.55813  
 25 16930.4938  15666.180403  x:  0.37479   0.06873   0.23495   0.15169   0.02376   0.10026   0.03282   0.08518   0.04699   0.02557   0.00314   0.08051   0.09619   0.06233   0.02963   0.03540   0.00800   0.02491   0.00484   0.00398   0.00639   0.01273   0.00000   0.01079   0.00317   0.00259   0.00894   0.02097   0.02998   0.00524   0.01034   0.03370   0.03923   0.00349   0.02711   0.00807   0.00231   0.32577   0.00000   0.02430   0.03419   0.00860   0.06693   0.00090   0.00391   0.03205   0.00239   0.01297   0.00495   0.01576   0.03397   0.03036   0.01010   0.00680   0.00566   0.00374   0.01117   0.29737   0.15741   0.10206   0.18583   0.09826   0.04619   0.04363   0.11696   3.09541   0.43156   1.05134   0.56095   0.36715  
 26 172005.0312  15624.691535  x:  0.37118   0.06717   0.24521   0.15485   0.02583   0.10000   0.03513   0.08564   0.04756   0.02815   0.00427   0.08169   0.09516   0.05958   0.02972   0.03624   0.00771   0.02617   0.00551   0.00418   0.00653   0.01321   0.00011   0.01060   0.00321   0.00128   0.00984   0.02254   0.03430   0.00430   0.01028   0.03507   0.03816   0.00365   0.02711   0.00825   0.00275   0.32782   0.00000   0.02361   0.03127   0.00836   0.06754   0.00097   0.00436   0.03074   0.00259   0.01136   0.00409   0.01830   0.03334   0.03127   0.01035   0.00736   0.00369   0.00415   0.01138   0.29794   0.16410   0.12171   0.19096   0.10040   0.04701   0.04451   0.12033   3.11139   0.41074   1.05359   0.57757   0.25899  
 27 9418055.8308  15613.423258  x:  0.37012   0.06673   0.24829   0.15581   0.02637   0.09993   0.03577   0.08578   0.04772   0.02878   0.00343   0.08204   0.09488   0.05887   0.02976   0.03646   0.00769   0.02649   0.00560   0.00422   0.00659   0.01332   0.00010   0.01055   0.00329   0.00458   0.01002   0.02301   0.03492   0.00445   0.01030   0.03542   0.03789   0.00385   0.02712   0.00829   0.00333   0.32844   0.00000   0.02348   0.03056   0.00832   0.06772   0.00099   0.00453   0.03043   0.00265   0.01125   0.00446   0.01854   0.03321   0.03150   0.01038   0.00706   0.00465   0.00424   0.01145   0.29815   0.16611   0.12754   0.19248   0.10102   0.04724   0.04475   0.12131   3.11620   0.40452   1.05423   0.58261   0.22677  
 28 50231.6514  15609.267011  x:  0.36983   0.06667   0.24941   0.15622   0.02621   0.09991   0.03579   0.08586   0.04778   0.02849   0.00258   0.08214   0.09490   0.05902   0.02980   0.03640   0.00795   0.02628   0.00541   0.00419   0.00739   0.01308   0.00009   0.01057   0.00336   0.00324   0.00999   0.02235   0.03422   0.00519   0.01042   0.03533   0.03798   0.00383   0.02711   0.00828   0.00380   0.32870   0.00000   0.02371   0.03092   0.00843   0.06780   0.00099   0.00449   0.03064   0.00263   0.01246   0.00644   0.01767   0.03342   0.03142   0.01018   0.00716   0.00790   0.00421   0.01116   0.29834   0.16681   0.12910   0.19300   0.10115   0.04727   0.04477   0.12152   3.11803   0.40236   1.05432   0.58461   0.21650  
 29 4212.2318  15608.227580  x:  0.36979   0.06670   0.24978   0.15639   0.02600   0.09991   0.03570   0.08590   0.04782   0.02819   0.00335   0.08217   0.09496   0.05926   0.02983   0.03631   0.00813   0.02608   0.00525   0.00418   0.00769   0.01288   0.00009   0.01060   0.00338   0.00330   0.00992   0.02174   0.03361   0.00544   0.01048   0.03520   0.03810   0.00379   0.02710   0.00826   0.00284   0.32880   0.00000   0.02389   0.03132   0.00851   0.06782   0.00098   0.00440   0.03086   0.00262   0.01317   0.00680   0.01707   0.03361   0.03131   0.01002   0.00727   0.00824   0.00417   0.01093   0.29846   0.16703   0.12933   0.19315   0.10115   0.04726   0.04474   0.12153   3.11864   0.40173   1.05428   0.58533   0.21420  
 30 1767.3190  15604.234320  x:  0.36974   0.06702   0.25166   0.15737   0.02446   0.09993   0.03501   0.08615   0.04797   0.02598   0.00323   0.08231   0.09546   0.06097   0.03000   0.03571   0.00909   0.02468   0.00436   0.00417   0.00903   0.01162   0.00008   0.01081   0.00342   0.00327   0.00945   0.01744   0.02985   0.00607   0.01078   0.03426   0.03891   0.00362   0.02705   0.00825   0.00212   0.32937   0.00456   0.02508   0.03407   0.00900   0.06796   0.00093   0.00370   0.03231   0.00250   0.01684   0.00672   0.01408   0.03487   0.03054   0.00900   0.00852   0.00623   0.00393   0.00942   0.29928   0.16813   0.12973   0.19386   0.10101   0.04714   0.04453   0.12137   3.12187   0.39866   1.05385   0.58930   0.20548  
 31 1926.1282  15602.348282  x:  0.36984   0.06742   0.25330   0.15830   0.02300   0.10000   0.03437   0.08639   0.04808   0.02413   0.00308   0.08248   0.09598   0.06237   0.03014   0.03517   0.00893   0.02364   0.00450   0.00408   0.00715   0.01125   0.00007   0.01105   0.00281   0.00309   0.00877   0.01361   0.02779   0.00444   0.01064   0.03346   0.03954   0.00370   0.02702   0.00850   0.00203   0.32999   0.00413   0.02576   0.03610   0.00890   0.06804   0.00085   0.00320   0.03333   0.00231   0.01625   0.00497   0.01407   0.03573   0.03002   0.00889   0.00874   0.00709   0.00363   0.00905   0.30015   0.16909   0.12943   0.19448   0.10084   0.04704   0.04435   0.12116   3.12471   0.39619   1.05329   0.59292   0.20205  
 32 740.1193  15601.015975  x:  0.36999   0.06786   0.25512   0.15932   0.02158   0.10010   0.03378   0.08666   0.04817   0.02259   0.00277   0.08273   0.09654   0.06359   0.03028   0.03472   0.00851   0.02288   0.00472   0.00420   0.00661   0.01135   0.00007   0.01123   0.00230   0.00306   0.00819   0.01063   0.02683   0.00483   0.01053   0.03273   0.04004   0.00347   0.02698   0.00869   0.00216   0.33072   0.00290   0.02614   0.03775   0.00853   0.06812   0.00079   0.00313   0.03408   0.00213   0.01462   0.00652   0.01419   0.03638   0.02964   0.00912   0.00802   0.00588   0.00343   0.00928   0.30112   0.17016   0.12914   0.19517   0.10069   0.04697   0.04420   0.12096   3.12787   0.39351   1.05263   0.59695   0.19987  
 33 971.4033  15599.512119  x:  0.37027   0.06860   0.25815   0.16101   0.01971   0.10033   0.03310   0.08707   0.04827   0.02129   0.00278   0.08326   0.09739   0.06494   0.03051   0.03434   0.00804   0.02244   0.00461   0.00448   0.00868   0.01204   0.00007   0.01128   0.00227   0.00302   0.00803   0.00957   0.02755   0.00621   0.01044   0.03189   0.04052   0.00313   0.02694   0.00868   0.00210   0.33193   0.00304   0.02611   0.03929   0.00781   0.06820   0.00077   0.00340   0.03461   0.00208   0.01226   0.00523   0.01371   0.03692   0.02938   0.00977   0.00717   0.00630   0.00341   0.01016   0.30275   0.17197   0.12891   0.19635   0.10051   0.04694   0.04407   0.12073   3.13316   0.38914   1.05147   0.60372   0.19894  
 34 748.9167  15593.494732  x:  0.37165   0.07194   0.27273   0.16897   0.01223   0.10153   0.03064   0.08894   0.04856   0.01840   0.00372   0.08606   0.10118   0.06973   0.03158   0.03346   0.00756   0.02218   0.00400   0.00400   0.00710   0.01477   0.00007   0.01097   0.00333   0.00306   0.00899   0.01454   0.03010   0.00530   0.01013   0.02895   0.04200   0.00550   0.02690   0.00815   0.00159   0.33781   0.00635   0.02492   0.04392   0.00527   0.06852   0.00087   0.00428   0.03569   0.00232   0.01039   0.00698   0.01452   0.03848   0.02878   0.01190   0.00824   0.00714   0.00384   0.01332   0.31061   0.18067   0.12865   0.20210   0.09981   0.04691   0.04374   0.11986   3.15900   0.36819   1.04579   0.63658   0.19862  
 35 1374.6494  15587.152503  x:  0.37305   0.07510   0.28850   0.17732   0.00642   0.10284   0.02885   0.09070   0.04865   0.01772   0.00306   0.08928   0.10480   0.07339   0.03252   0.03324   0.00839   0.02271   0.00500   0.00410   0.00796   0.01504   0.00007   0.01076   0.00324   0.00312   0.00961   0.01831   0.03148   0.00503   0.01046   0.02691   0.04260   0.00277   0.02684   0.00800   0.00264   0.34426   0.00230   0.02411   0.04682   0.00569   0.06882   0.00095   0.00368   0.03605   0.00251   0.01629   0.00578   0.01578   0.03962   0.02847   0.01195   0.00740   0.00601   0.00393   0.01345   0.31901   0.18999   0.12856   0.20825   0.09905   0.04692   0.04353   0.11889   3.18800   0.34526   1.03955   0.67288   0.19744  
 36 3123.7694  15580.063090  x:  0.37449   0.07723   0.30577   0.18571   0.00979   0.10429   0.02946   0.09178   0.04824   0.02278   0.00307   0.09338   0.10731   0.07343   0.03273   0.03441   0.00850   0.02422   0.00610   0.00563   0.00727   0.01023   0.00007   0.01083   0.00235   0.00318   0.00931   0.01670   0.03080   0.00741   0.01111   0.02830   0.04156   0.00576   0.02708   0.00925   0.00277   0.35131   0.00204   0.02455   0.04441   0.00941   0.06897   0.00089   0.00406   0.03448   0.00237   0.01485   0.00558   0.01549   0.03889   0.02898   0.00822   0.00803   0.00641   0.00393   0.00753   0.32807   0.19981   0.12807   0.21464   0.09808   0.04697   0.04369   0.11755   3.22328   0.31997   1.03212   0.71540   0.19881  
 37 1854.9212  15576.379181  x:  0.37510   0.07739   0.31374   0.18903   0.01332   0.10478   0.03062   0.09180   0.04794   0.02538   0.00332   0.09497   0.10762   0.07176   0.03229   0.03522   0.00826   0.02479   0.00520   0.00384   0.00867   0.00990   0.00008   0.01106   0.00230   0.00335   0.00850   0.01449   0.02840   0.00427   0.01063   0.03003   0.04037   0.00295   0.02704   0.00863   0.00249   0.35454   0.00354   0.02531   0.04106   0.00990   0.06892   0.00083   0.00331   0.03328   0.00219   0.01360   0.00677   0.01505   0.03760   0.02968   0.00778   0.00744   0.00682   0.00356   0.00819   0.33217   0.20409   0.12748   0.21733   0.09751   0.04694   0.04390   0.11670   3.24199   0.30843   1.02831   0.73694   0.20008  
 38 2198.5195  15574.091421  x:  0.37538   0.07646   0.31861   0.19032   0.01601   0.10478   0.03185   0.09123   0.04773   0.02590   0.00321   0.09519   0.10678   0.06933   0.03148   0.03567   0.00845   0.02443   0.00339   0.00381   0.00763   0.01206   0.00008   0.01115   0.00322   0.00338   0.00860   0.01123   0.02699   0.00572   0.01037   0.03174   0.03951   0.00285   0.02703   0.00789   0.00258   0.35650   0.00311   0.02594   0.03740   0.00877   0.06874   0.00084   0.00320   0.03263   0.00221   0.01497   0.00626   0.01412   0.03625   0.03025   0.00954   0.00958   0.00678   0.00358   0.01075   0.33456   0.20633   0.12619   0.21859   0.09697   0.04683   0.04410   0.11583   3.25657   0.30173   1.02551   0.75253   0.20042  
 39 1482.1840  15572.774834  x:  0.37542   0.07475   0.32072   0.18991   0.01694   0.10432   0.03265   0.09033   0.04766   0.02444   0.00314   0.09415   0.10517   0.06717   0.03064   0.03560   0.00872   0.02347   0.00454   0.00425   0.00867   0.01313   0.00008   0.01119   0.00251   0.00335   0.00843   0.01013   0.02714   0.00457   0.01046   0.03278   0.03937   0.00532   0.02704   0.00829   0.00251   0.35729   0.00304   0.02601   0.03494   0.00746   0.06856   0.00081   0.00319   0.03284   0.00215   0.01634   0.00630   0.01357   0.03555   0.03032   0.01050   0.00860   0.00659   0.00351   0.01104   0.33545   0.20682   0.12431   0.21863   0.09649   0.04665   0.04423   0.11500   3.26719   0.29952   1.02365   0.76264   0.20035  
 40 877.7669  15569.668884  x:  0.37531   0.06937   0.32391   0.18720   0.01778   0.10265   0.03421   0.08765   0.04758   0.01938   0.00360   0.09015   0.10012   0.06232   0.02869   0.03489   0.00896   0.02108   0.00622   0.00440   0.00720   0.01331   0.00008   0.01123   0.00148   0.00338   0.00799   0.01138   0.02753   0.00607   0.01100   0.03454   0.03939   0.00340   0.02684   0.00911   0.00216   0.35835   0.00488   0.02589   0.03074   0.00603   0.06819   0.00076   0.00350   0.03417   0.00199   0.01667   0.00619   0.01502   0.03492   0.02993   0.01055   0.00706   0.00715   0.00340   0.00929   0.33651   0.20645   0.11862   0.21755   0.09532   0.04613   0.04451   0.11280   3.29304   0.29791   1.01938   0.78548   0.20007  
 41 1256.9412  15566.113169  x:  0.37505   0.06220   0.32681   0.18296   0.01813   0.10038   0.03555   0.08441   0.04747   0.01507   0.00311   0.08468   0.09355   0.05807   0.02730   0.03388   0.00885   0.01969   0.00334   0.00471   0.00790   0.01202   0.00008   0.01103   0.00358   0.00324   0.00857   0.01458   0.02623   0.00522   0.01082   0.03588   0.03992   0.00367   0.02672   0.00895   0.00231   0.35920   0.00306   0.02560   0.02898   0.00803   0.06792   0.00087   0.00262   0.03574   0.00228   0.01496   0.00615   0.01360   0.03540   0.02923   0.00926   0.00769   0.00647   0.00342   0.00846   0.33717   0.20516   0.11157   0.21559   0.09406   0.04555   0.04483   0.11025   3.32579   0.29821   1.01425   0.81324   0.19827  
 42 2058.2017  15562.553652  x:  0.37472   0.05472   0.32855   0.17782   0.01843   0.09813   0.03624   0.08167   0.04730   0.01748   0.00279   0.07921   0.08702   0.05641   0.02751   0.03334   0.00883   0.02121   0.00517   0.00241   0.00800   0.01128   0.00007   0.01118   0.00205   0.00319   0.00772   0.01598   0.02592   0.00555   0.01027   0.03632   0.04050   0.00397   0.02672   0.00787   0.00233   0.35943   0.00248   0.02531   0.03146   0.01009   0.06779   0.00073   0.00486   0.03613   0.00186   0.01454   0.00587   0.01215   0.03634   0.02906   0.00874   0.00911   0.00613   0.00353   0.01100   0.33709   0.20294   0.10456   0.21295   0.09328   0.04520   0.04518   0.10816   3.36052   0.30142   1.00918   0.84116   0.19652  
 43 1875.8905  15559.297150  x:  0.37435   0.04660   0.32996   0.17183   0.01915   0.09582   0.03679   0.07911   0.04720   0.02234   0.00279   0.07360   0.08014   0.05576   0.02844   0.03317   0.00877   0.02379   0.00591   0.00687   0.00749   0.01141   0.00007   0.01116   0.00164   0.00315   0.00773   0.01644   0.02605   0.00496   0.00985   0.03636   0.04090   0.00325   0.02679   0.00720   0.00216   0.35938   0.00337   0.02500   0.03545   0.01117   0.06773   0.00072   0.00492   0.03572   0.00184   0.01461   0.00609   0.01233   0.03714   0.02933   0.00899   0.00829   0.00630   0.00349   0.01349   0.33666   0.20010   0.09710   0.20977   0.09278   0.04499   0.04559   0.10629   3.40022   0.30641   1.00362   0.87234   0.19494  
 44 4462.5576  15556.739230  x:  0.37415   0.04248   0.33029   0.16821   0.02020   0.09484   0.03685   0.07839   0.04742   0.02548   0.00281   0.07129   0.07695   0.05651   0.02945   0.03356   0.00867   0.02526   0.00504   0.00506   0.00721   0.01225   0.00007   0.01091   0.00288   0.00306   0.00885   0.01600   0.02656   0.00569   0.01043   0.03587   0.04085   0.00396   0.02694   0.00844   0.00207   0.35903   0.00379   0.02486   0.03820   0.00999   0.06777   0.00090   0.00215   0.03471   0.00237   0.01502   0.00593   0.01370   0.03713   0.02983   0.00960   0.00639   0.00636   0.00334   0.01283   0.33607   0.19809   0.09330   0.20768   0.09302   0.04508   0.04584   0.10584   3.42551   0.31090   1.00040   0.89134   0.19395  
 45 2425.7106  15554.351571  x:  0.37401   0.04021   0.32989   0.16486   0.02205   0.09468   0.03663   0.07911   0.04819   0.02699   0.00258   0.07103   0.07576   0.05847   0.03055   0.03457   0.00828   0.02568   0.00275   0.00459   0.00743   0.01366   0.00007   0.01118   0.00340   0.00303   0.00744   0.01647   0.02647   0.00502   0.01120   0.03469   0.04022   0.00356   0.02709   0.00964   0.00217   0.35820   0.00305   0.02485   0.04012   0.00630   0.06794   0.00076   0.00436   0.03304   0.00188   0.01537   0.00580   0.01342   0.03633   0.03056   0.01039   0.00639   0.00608   0.00332   0.00944   0.33503   0.19580   0.09147   0.20551   0.09421   0.04550   0.04606   0.10670   3.45267   0.31753   0.99752   0.91041   0.19276  
 46 1619.4640  15550.580439  x:  0.37392   0.03973   0.32816   0.16013   0.02572   0.09557   0.03611   0.08207   0.05000   0.02600   0.00236   0.07347   0.07693   0.06209   0.03166   0.03652   0.00769   0.02460   0.00574   0.00519   0.00792   0.01487   0.00007   0.01089   0.00254   0.00306   0.00899   0.01820   0.02456   0.00508   0.01070   0.03244   0.03876   0.00275   0.02720   0.00819   0.00236   0.35616   0.00202   0.02501   0.04054   0.00351   0.06854   0.00090   0.00229   0.03077   0.00241   0.01438   0.00577   0.01170   0.03502   0.03149   0.01103   0.00884   0.00574   0.00346   0.00733   0.33272   0.19184   0.09172   0.20202   0.09743   0.04646   0.04631   0.11000   3.49864   0.33115   0.99350   0.94075   0.19118  
 47 1845.9908  15540.580886  x:  0.37389   0.04296   0.32161   0.14797   0.03539   0.09936   0.03449   0.09188   0.05485   0.01945   0.00280   0.08317   0.08429   0.07147   0.03336   0.04146   0.00827   0.01989   0.00577   0.00524   0.00754   0.01491   0.00007   0.01095   0.00235   0.00305   0.00856   0.01802   0.02767   0.00517   0.00961   0.02689   0.03516   0.00364   0.02737   0.00650   0.00245   0.34943   0.00261   0.02540   0.03747   0.01105   0.07059   0.00085   0.00355   0.02729   0.00220   0.01599   0.00574   0.01403   0.03309   0.03310   0.01128   0.00710   0.00593   0.00352   0.01082   0.32534   0.18028   0.09533   0.19230   0.10781   0.04917   0.04667   0.12146   3.63207   0.37355   0.98313   1.02599   0.18790  
 48 3874.1033  15534.644379  x:  0.37422   0.05006   0.31596   0.14367   0.03402   0.10143   0.03345   0.09551   0.05381   0.02081   0.00290   0.08745   0.09192   0.07216   0.03165   0.03929   0.00681   0.02387   0.00559   0.00572   0.00777   0.01110   0.00007   0.01091   0.00249   0.00309   0.00895   0.01696   0.02751   0.00494   0.01226   0.02977   0.03849   0.00293   0.02699   0.01360   0.00252   0.34481   0.00240   0.02425   0.03160   0.00839   0.07110   0.00088   0.00336   0.03373   0.00226   0.01630   0.00580   0.01379   0.03453   0.03099   0.00863   0.00850   0.00597   0.00361   0.01538   0.32043   0.17398   0.10160   0.18775   0.11367   0.04919   0.04589   0.12918   3.71545   0.40134   0.97868   1.07584   0.18631  
 49 2045.2223  15529.369432  x:  0.37471   0.05817   0.31021   0.14282   0.02843   0.10258   0.03304   0.09588   0.05039   0.02450   0.00298   0.08904   0.09913   0.06934   0.02937   0.03525   0.01108   0.02721   0.00423   0.00508   0.00774   0.01099   0.00008   0.01102   0.00299   0.00307   0.00861   0.01467   0.02820   0.00506   0.00965   0.03483   0.04206   0.00348   0.02655   0.00745   0.00269   0.34096   0.00234   0.02482   0.02735   0.00680   0.07072   0.00086   0.00323   0.03844   0.00216   0.01563   0.00584   0.01494   0.03692   0.02888   0.00907   0.00752   0.00612   0.00352   0.01207   0.31630   0.16964   0.10841   0.18538   0.11731   0.04816   0.04481   0.13500   3.78391   0.42443   0.97663   1.11426   0.18535  
 50 2321.0111  15526.907898  x:  0.37509   0.06316   0.30634   0.14497   0.02390   0.10261   0.03404   0.09350   0.04762   0.02614   0.00313   0.08826   0.10257   0.06533   0.02824   0.03302   0.00718   0.02631   0.00448   0.00491   0.00790   0.01425   0.00008   0.01105   0.00284   0.00313   0.00863   0.01363   0.02786   0.00480   0.01098   0.03774   0.04171   0.00325   0.02670   0.00743   0.00264   0.33919   0.00280   0.02530   0.02811   0.01022   0.06989   0.00085   0.00310   0.03667   0.00215   0.01567   0.00611   0.01475   0.03741   0.02932   0.01091   0.00810   0.00628   0.00354   0.00928   0.31426   0.16846   0.11335   0.18571   0.11767   0.04722   0.04443   0.13692   3.81800   0.43560   0.97732   1.13089   0.18538  
 51 1182.5193  15524.389437  x:  0.37567   0.06899   0.30093   0.15017   0.01891   0.10206   0.03630   0.08850   0.04472   0.02646   0.00323   0.08613   0.10560   0.05940   0.02833   0.03317   0.01047   0.02297   0.00442   0.00500   0.00798   0.01323   0.00008   0.01108   0.00283   0.00319   0.00868   0.01257   0.02760   0.00481   0.01027   0.03977   0.03901   0.00314   0.02719   0.01005   0.00266   0.33757   0.00279   0.02573   0.03208   0.01005   0.06834   0.00085   0.00304   0.03080   0.00219   0.01489   0.00623   0.01468   0.03568   0.03092   0.00959   0.00872   0.00637   0.00356   0.01000   0.31207   0.16833   0.11985   0.18787   0.11615   0.04618   0.04444   0.13751   3.85610   0.44724   0.98018   1.14653   0.18566  
 52 1041.9449  15523.222509  x:  0.37600   0.07130   0.29773   0.15399   0.01858   0.10155   0.03751   0.08572   0.04476   0.02569   0.00331   0.08509   0.10604   0.05712   0.02891   0.03424   0.00799   0.02278   0.00394   0.00492   0.00797   0.01061   0.00008   0.01110   0.00306   0.00319   0.00865   0.01184   0.02824   0.00494   0.01090   0.03925   0.03808   0.00363   0.02708   0.00774   0.00274   0.33714   0.00278   0.02571   0.03410   0.00829   0.06776   0.00086   0.00304   0.03015   0.00218   0.01569   0.00615   0.01525   0.03463   0.03139   0.00841   0.00839   0.00644   0.00355   0.01081   0.31119   0.16903   0.12293   0.18995   0.11417   0.04609   0.04481   0.13655   3.87410   0.45196   0.98300   1.15188   0.18596  
 53 683.3454  15520.427034  x:  0.37706   0.07611   0.28732   0.16738   0.02366   0.09959   0.04023   0.07867   0.04824   0.02312   0.00346   0.08269   0.10435   0.05395   0.03115   0.03897   0.00876   0.02668   0.00418   0.00483   0.00816   0.01180   0.00008   0.01109   0.00288   0.00326   0.00876   0.01128   0.02876   0.00484   0.01000   0.03450   0.03822   0.00340   0.02653   0.00836   0.00290   0.33690   0.00263   0.02497   0.03813   0.00897   0.06721   0.00086   0.00309   0.03639   0.00216   0.01597   0.00628   0.01567   0.03467   0.03114   0.01024   0.00876   0.00654   0.00363   0.00976   0.30929   0.17289   0.13122   0.19825   0.10561   0.04678   0.04630   0.13061   3.92432   0.46273   0.99480   1.16135   0.18714  
 54 648.4507  15518.250365  x:  0.37798   0.07715   0.27819   0.17756   0.02674   0.09799   0.03851   0.07919   0.05036   0.02470   0.00341   0.08144   0.10029   0.05763   0.03016   0.03572   0.00991   0.02354   0.00430   0.00492   0.00822   0.01415   0.00009   0.01105   0.00298   0.00330   0.00898   0.01155   0.02940   0.00460   0.01297   0.03255   0.04106   0.00327   0.02750   0.00772   0.00302   0.33772   0.00227   0.02699   0.03610   0.00855   0.06756   0.00088   0.00311   0.03541   0.00223   0.01590   0.00627   0.01598   0.03647   0.02890   0.00717   0.00880   0.00654   0.00370   0.01052   0.30868   0.17721   0.13512   0.20591   0.09769   0.04706   0.04599   0.12326   3.96609   0.46888   1.00831   1.16412   0.18786  
 55 519.3929  15516.411273  x:  0.37879   0.07713   0.27047   0.18539   0.02792   0.09697   0.03617   0.08152   0.05130   0.02579   0.00340   0.08066   0.09640   0.06181   0.02918   0.03236   0.00898   0.02134   0.00413   0.00485   0.00834   0.01142   0.00009   0.01104   0.00309   0.00334   0.00903   0.01184   0.02948   0.00474   0.01007   0.03247   0.04252   0.00302   0.02777   0.00890   0.00302   0.33871   0.00231   0.02717   0.03340   0.00832   0.06809   0.00089   0.00312   0.03345   0.00225   0.01647   0.00627   0.01604   0.03765   0.02827   0.01030   0.00888   0.00654   0.00372   0.01053   0.30859   0.18114   0.13745   0.21242   0.09141   0.04717   0.04533   0.11665   4.00254   0.47325   1.02125   1.16492   0.18854  
 56 1307.9572  15514.294897  x:  0.37981   0.07485   0.26269   0.19095   0.02432   0.09762   0.03329   0.08757   0.04930   0.02334   0.00349   0.08081   0.09214   0.06666   0.02974   0.03339   0.00954   0.02544   0.00415   0.00480   0.00820   0.01165   0.00009   0.01113   0.00285   0.00333   0.00875   0.01032   0.02855   0.00474   0.01109   0.03674   0.03929   0.00324   0.02590   0.00831   0.00290   0.34060   0.00279   0.02287   0.03031   0.00921   0.06908   0.00085   0.00304   0.03195   0.00217   0.01615   0.00634   0.01561   0.03601   0.03116   0.00950   0.00900   0.00668   0.00362   0.01013   0.30985   0.18604   0.13740   0.21908   0.08752   0.04703   0.04418   0.10957   4.04762   0.47560   1.04029   1.16168   0.18958  
 57 585.1522  15512.354670  x:  0.38083   0.07154   0.25772   0.19220   0.02082   0.10021   0.03380   0.09235   0.04590   0.02325   0.00352   0.08305   0.09041   0.06769   0.02973   0.03697   0.00815   0.02586   0.00417   0.00485   0.00818   0.01264   0.00009   0.01110   0.00291   0.00334   0.00876   0.01086   0.02867   0.00501   0.00855   0.03920   0.03704   0.00357   0.02711   0.00909   0.00279   0.34286   0.00288   0.02897   0.03036   0.00922   0.06956   0.00086   0.00314   0.03480   0.00217   0.01626   0.00633   0.01552   0.03407   0.03172   0.00765   0.00886   0.00672   0.00363   0.01009   0.31241   0.19049   0.13502   0.22349   0.08848   0.04714   0.04408   0.10550   4.09232   0.47469   1.06174   1.15487   0.19081  
 58 602.5919  15510.294287  x:  0.38200   0.06780   0.25355   0.19173   0.01829   0.10345   0.03568   0.09605   0.04292   0.02409   0.00346   0.08641   0.08999   0.06671   0.02949   0.03977   0.00963   0.02432   0.00423   0.00487   0.00819   0.01046   0.00009   0.01109   0.00288   0.00337   0.00874   0.01154   0.02809   0.00475   0.01280   0.03983   0.03668   0.00347   0.02829   0.00841   0.00274   0.34550   0.00281   0.03196   0.03158   0.00959   0.06956   0.00086   0.00306   0.03727   0.00216   0.01545   0.00641   0.01515   0.03326   0.03126   0.01130   0.00891   0.00672   0.00360   0.01020   0.31589   0.19523   0.13152   0.22723   0.09149   0.04733   0.04450   0.10278   4.14397   0.47207   1.08762   1.14541   0.19240  
 59 1439.9612  15502.643267  x:  0.38587   0.05699   0.24430   0.18532   0.01529   0.11282   0.04276   0.10144   0.03949   0.02658   0.00330   0.09814   0.09336   0.05824   0.02889   0.03998   0.00873   0.01907   0.00371   0.00475   0.00804   0.01181   0.00009   0.01120   0.00297   0.00352   0.00826   0.01052   0.02605   0.00502   0.01018   0.03527   0.04262   0.00314   0.02773   0.00820   0.00262   0.35417   0.00333   0.02163   0.03684   0.00898   0.06771   0.00082   0.00279   0.03819   0.00206   0.01593   0.00654   0.01410   0.03534   0.02631   0.00938   0.00858   0.00703   0.00338   0.00980   0.32884   0.20964   0.11788   0.23538   0.10507   0.04766   0.04667   0.09996   4.32096   0.45873   1.17907   1.10884   0.19868  
 60 1787.1795  15494.902712  x:  0.38969   0.05301   0.24088   0.17554   0.01560   0.11479   0.04214   0.09745   0.04613   0.02112   0.00321   0.10400   0.10094   0.05284   0.03018   0.02862   0.00981   0.02938   0.00389   0.00488   0.00781   0.01134   0.00009   0.01127   0.00257   0.00359   0.00777   0.01069   0.02431   0.00530   0.01057   0.03050   0.04452   0.00357   0.02462   0.00896   0.00233   0.36174   0.00376   0.02829   0.03921   0.00842   0.06575   0.00077   0.00282   0.03136   0.00196   0.01620   0.00661   0.01303   0.03992   0.03047   0.00926   0.00815   0.00729   0.00319   0.01014   0.34239   0.22106   0.10183   0.23730   0.11609   0.04582   0.04648   0.10429   4.51103   0.44040   1.27904   1.06644   0.20557  
 61 2076.2621  15482.206865  x:  0.39452   0.06232   0.24721   0.15843   0.01743   0.10201   0.02568   0.07845   0.05613   0.02393   0.00272   0.09683   0.11509   0.06312   0.03271   0.03050   0.00953   0.02273   0.00372   0.00490   0.00763   0.01159   0.00009   0.01131   0.00262   0.00375   0.00731   0.01208   0.02163   0.00552   0.01060   0.03700   0.03664   0.00347   0.03109   0.00851   0.00209   0.36911   0.00405   0.02565   0.03803   0.00811   0.06747   0.00074   0.00258   0.03738   0.00187   0.01646   0.00670   0.01126   0.03966   0.03263   0.00909   0.00757   0.00752   0.00294   0.01034   0.36075   0.22885   0.07570   0.22725   0.12133   0.04246   0.04315   0.12080   4.81444   0.40472   1.44039   0.99481   0.21649  
 62 2016.2241  15476.383337  x:  0.39499   0.07135   0.25658   0.15348   0.01616   0.09616   0.03071   0.07877   0.05257   0.02335   0.00265   0.08626   0.11839   0.07165   0.02767   0.03776   0.00908   0.02373   0.00368   0.00491   0.00755   0.01147   0.00010   0.01135   0.00251   0.00387   0.00703   0.01205   0.02025   0.00566   0.01061   0.03464   0.04313   0.00359   0.02179   0.00884   0.00193   0.36846   0.00423   0.02767   0.03666   0.00899   0.06915   0.00072   0.00249   0.03351   0.00182   0.01652   0.00679   0.01043   0.03535   0.02733   0.00983   0.00745   0.00771   0.00282   0.01003   0.36446   0.22271   0.06697   0.21509   0.11532   0.04630   0.04516   0.12986   4.95475   0.38413   1.51532   0.96045   0.22250  
 63 1467.8310  15472.117183  x:  0.39360   0.07860   0.26826   0.15326   0.01729   0.09593   0.03948   0.08729   0.04535   0.02059   0.00272   0.07834   0.11719   0.07470   0.03038   0.03478   0.00919   0.02560   0.00369   0.00486   0.00754   0.01134   0.00010   0.01141   0.00233   0.00397   0.00680   0.01145   0.01947   0.00579   0.01040   0.03067   0.04401   0.00339   0.03178   0.00840   0.00191   0.36444   0.00436   0.02609   0.03755   0.00855   0.06969   0.00069   0.00246   0.03399   0.00176   0.01691   0.00687   0.01006   0.03682   0.02964   0.00957   0.00741   0.00794   0.00274   0.00984   0.36242   0.20894   0.06413   0.20094   0.10604   0.04848   0.04654   0.13606   5.06548   0.36438   1.57445   0.93274   0.22839  
 64 1286.3432  15469.250806  x:  0.39134   0.08083   0.27798   0.15630   0.01885   0.09915   0.03850   0.09373   0.04358   0.02111   0.00268   0.07907   0.11330   0.07196   0.03379   0.03104   0.00951   0.02215   0.00366   0.00486   0.00764   0.01148   0.00010   0.01138   0.00243   0.00406   0.00689   0.01186   0.01961   0.00582   0.01059   0.03064   0.03927   0.00366   0.02458   0.00849   0.00197   0.35917   0.00409   0.02655   0.04161   0.00748   0.06884   0.00070   0.00247   0.03800   0.00177   0.01717   0.00693   0.01004   0.04037   0.03060   0.00928   0.00739   0.00802   0.00277   0.00995   0.35655   0.19304   0.06523   0.19077   0.09998   0.04626   0.04506   0.13765   5.13523   0.34931   1.61146   0.91507   0.23279  
 65 867.3064  15467.070855  x:  0.38865   0.07991   0.28694   0.16087   0.01636   0.10268   0.03029   0.09560   0.04748   0.02029   0.00269   0.08441   0.10816   0.06757   0.03039   0.03436   0.00939   0.02375   0.00354   0.00481   0.00765   0.01128   0.00010   0.01142   0.00239   0.00414   0.00677   0.01099   0.01919   0.00586   0.01059   0.03117   0.04160   0.00356   0.02712   0.00848   0.00195   0.35277   0.00426   0.02689   0.04461   0.00762   0.06779   0.00069   0.00243   0.03620   0.00174   0.01715   0.00704   0.00988   0.04007   0.02769   0.00957   0.00746   0.00822   0.00273   0.00966   0.34755   0.17506   0.06792   0.18416   0.09825   0.04409   0.04371   0.13616   5.18897   0.33574   1.63964   0.90124   0.23681  
 66 618.4688  15466.432023  x:  0.38781   0.07864   0.29029   0.16296   0.01406   0.10307   0.03062   0.09190   0.04820   0.02064   0.00269   0.08688   0.10682   0.06993   0.03120   0.03297   0.00955   0.02285   0.00349   0.00477   0.00766   0.01115   0.00010   0.01144   0.00238   0.00418   0.00672   0.01060   0.01894   0.00589   0.01053   0.03119   0.04356   0.00351   0.02675   0.00847   0.00194   0.34945   0.00430   0.02698   0.04359   0.00803   0.06872   0.00068   0.00240   0.03710   0.00173   0.01704   0.00710   0.00975   0.03793   0.03074   0.00926   0.00759   0.00828   0.00271   0.00945   0.34151   0.16744   0.06873   0.18511   0.10183   0.04692   0.04559   0.13377   5.20514   0.33069   1.64765   0.89691   0.23829  
 67 201.9405  15466.162770  x:  0.38779   0.07818   0.29197   0.16389   0.01395   0.10267   0.03230   0.08957   0.04712   0.02016   0.00270   0.08752   0.10705   0.07230   0.03138   0.03257   0.00952   0.02350   0.00351   0.00478   0.00766   0.01112   0.00010   0.01145   0.00235   0.00419   0.00670   0.01059   0.01889   0.00591   0.01053   0.03115   0.04173   0.00358   0.02691   0.00851   0.00194   0.34740   0.00430   0.02693   0.04287   0.00785   0.06895   0.00068   0.00241   0.03657   0.00172   0.01710   0.00710   0.00972   0.03904   0.02841   0.00941   0.00756   0.00831   0.00271   0.00949   0.33715   0.16402   0.06841   0.18710   0.10487   0.04651   0.04494   0.13199   5.21186   0.32826   1.65056   0.89497   0.23887  
 68 126.2617  15466.076858  x:  0.38830   0.07850   0.29275   0.16386   0.01442   0.10206   0.03239   0.08998   0.04663   0.02017   0.00269   0.08672   0.10794   0.07246   0.03090   0.03336   0.00945   0.02332   0.00351   0.00478   0.00766   0.01113   0.00010   0.01144   0.00236   0.00419   0.00670   0.01071   0.01886   0.00591   0.01052   0.03071   0.04230   0.00357   0.02679   0.00849   0.00194   0.34630   0.00426   0.02690   0.04276   0.00773   0.06860   0.00068   0.00241   0.03654   0.00172   0.01713   0.00709   0.00969   0.03995   0.02964   0.00933   0.00753   0.00829   0.00270   0.00954   0.33416   0.16354   0.06755   0.18874   0.10612   0.04511   0.04417   0.13119   5.21402   0.32732   1.65097   0.89416   0.23896  
 69 48.0541  15465.988017  x:  0.38948   0.07928   0.29377   0.16319   0.01489   0.10144   0.03175   0.09167   0.04717   0.02016   0.00266   0.08528   0.10926   0.07159   0.03168   0.03301   0.00946   0.02332   0.00353   0.00479   0.00764   0.01118   0.00010   0.01144   0.00235   0.00418   0.00668   0.01084   0.01876   0.00592   0.01053   0.03097   0.04242   0.00355   0.02680   0.00849   0.00193   0.34489   0.00425   0.02693   0.04320   0.00785   0.06833   0.00068   0.00240   0.03662   0.00172   0.01714   0.00708   0.00963   0.03903   0.02899   0.00942   0.00749   0.00828   0.00269   0.00955   0.32951   0.16415   0.06614   0.19100   0.10687   0.04510   0.04503   0.13052   5.21623   0.32623   1.65066   0.89308   0.23903  
 70 43.8930  15465.946399  x:  0.39036   0.07958   0.29426   0.16234   0.01464   0.10185   0.03175   0.09173   0.04746   0.02036   0.00265   0.08552   0.10931   0.07140   0.03052   0.03289   0.00950   0.02337   0.00350   0.00479   0.00764   0.01117   0.00010   0.01145   0.00236   0.00418   0.00667   0.01082   0.01870   0.00592   0.01053   0.03069   0.04168   0.00359   0.02683   0.00848   0.00193   0.34441   0.00425   0.02682   0.04340   0.00777   0.06870   0.00068   0.00239   0.03677   0.00172   0.01712   0.00708   0.00960   0.03932   0.02918   0.00936   0.00748   0.00829   0.00269   0.00954   0.32686   0.16528   0.06564   0.19164   0.10613   0.04587   0.04527   0.13070   5.21723   0.32572   1.64984   0.89235   0.23908  
 71 26.3875  15465.888040  x:  0.39173   0.07976   0.29493   0.16098   0.01443   0.10277   0.03199   0.09102   0.04729   0.02015   0.00266   0.08671   0.10886   0.07152   0.03129   0.03319   0.00945   0.02332   0.00352   0.00479   0.00763   0.01118   0.00010   0.01145   0.00235   0.00419   0.00666   0.01085   0.01868   0.00593   0.01053   0.03130   0.04231   0.00357   0.02683   0.00848   0.00193   0.34408   0.00424   0.02691   0.04345   0.00773   0.06913   0.00068   0.00240   0.03649   0.00172   0.01713   0.00708   0.00959   0.03976   0.02918   0.00938   0.00747   0.00829   0.00268   0.00955   0.32321   0.16735   0.06532   0.19195   0.10452   0.04608   0.04466   0.13128   5.21861   0.32503   1.64802   0.89107   0.23918  
 72 38.6269  15465.845834  x:  0.39247   0.07945   0.29524   0.16059   0.01413   0.10276   0.03177   0.09063   0.04669   0.02025   0.00267   0.08721   0.10845   0.07178   0.03140   0.03282   0.00948   0.02339   0.00350   0.00478   0.00764   0.01115   0.00010   0.01145   0.00234   0.00419   0.00665   0.01073   0.01863   0.00593   0.01053   0.03030   0.04225   0.00357   0.02681   0.00848   0.00192   0.34439   0.00427   0.02689   0.04314   0.00789   0.06856   0.00068   0.00239   0.03672   0.00171   0.01709   0.00709   0.00957   0.03870   0.02905   0.00938   0.00750   0.00830   0.00268   0.00950   0.32167   0.16851   0.06567   0.19155   0.10414   0.04513   0.04447   0.13156   5.21955   0.32464   1.64597   0.88988   0.23928  
 73 22.2678  15465.641473  x:  0.39488   0.07744   0.29622   0.16165   0.01419   0.10117   0.03193   0.09082   0.04672   0.01969   0.00274   0.08732   0.10767   0.07306   0.03077   0.03287   0.00952   0.02329   0.00350   0.00475   0.00770   0.01108   0.00011   0.01145   0.00234   0.00423   0.00668   0.01046   0.01880   0.00593   0.01052   0.03149   0.04233   0.00357   0.02682   0.00847   0.00198   0.34727   0.00426   0.02698   0.04364   0.00780   0.06599   0.00068   0.00241   0.03690   0.00171   0.01717   0.00714   0.00974   0.03964   0.02915   0.00934   0.00760   0.00837   0.00270   0.00946   0.31874   0.17173   0.06809   0.18867   0.10563   0.04427   0.04700   0.13167   5.22398   0.32314   1.63364   0.88323   0.23973  
 74 30.7292  15464.904691  x:  0.40092   0.07396   0.29868   0.16762   0.01251   0.09911   0.03194   0.09217   0.04852   0.02016   0.00279   0.08528   0.10840   0.07172   0.03214   0.03350   0.00944   0.02292   0.00341   0.00469   0.00774   0.01094   0.00011   0.01147   0.00233   0.00427   0.00664   0.00989   0.01862   0.00593   0.01055   0.03001   0.04198   0.00364   0.02675   0.00852   0.00199   0.35628   0.00440   0.02721   0.04258   0.00770   0.07080   0.00067   0.00239   0.03676   0.00170   0.01706   0.00721   0.00975   0.04050   0.02880   0.00932   0.00775   0.00848   0.00269   0.00925   0.31498   0.17709   0.06973   0.18152   0.11043   0.04629   0.04333   0.12894   5.23965   0.31884   1.58704   0.85860   0.23958  
 75 115.2107  15463.925431  x:  0.40620   0.07438   0.30100   0.17325   0.01591   0.10166   0.03063   0.09119   0.04535   0.01890   0.00279   0.08638   0.11046   0.07246   0.02947   0.03145   0.00963   0.02356   0.00361   0.00476   0.00769   0.01126   0.00011   0.01142   0.00232   0.00425   0.00670   0.01111   0.01885   0.00596   0.01050   0.03221   0.04314   0.00356   0.02686   0.00839   0.00202   0.36430   0.00425   0.02667   0.04577   0.00773   0.07178   0.00068   0.00248   0.03717   0.00172   0.01724   0.00711   0.00986   0.03754   0.02911   0.00943   0.00750   0.00837   0.00271   0.00964   0.31563   0.17903   0.06549   0.17870   0.11190   0.04787   0.04085   0.12478   5.26022   0.31344   1.52411   0.82584   0.23765  
 76 303.5325  15461.232491  x:  0.41505   0.07912   0.30569   0.17947   0.01210   0.10995   0.02943   0.08994   0.04629   0.02064   0.00263   0.08937   0.11198   0.07325   0.03258   0.03397   0.00898   0.02370   0.00361   0.00481   0.00749   0.01139   0.00011   0.01139   0.00229   0.00419   0.00653   0.01204   0.01786   0.00604   0.01053   0.02930   0.04190   0.00372   0.02681   0.00851   0.00187   0.37813   0.00449   0.02670   0.04131   0.00773   0.06479   0.00067   0.00244   0.03606   0.00169   0.01662   0.00707   0.00932   0.04025   0.02915   0.00949   0.00718   0.00830   0.00262   0.00974   0.32487   0.17845   0.05335   0.18374   0.10878   0.04731   0.04634   0.11790   5.31527   0.29783   1.35356   0.73780   0.23279  
 77 642.2162  15458.526760  x:  0.41763   0.07846   0.30865   0.17584   0.00966   0.10849   0.03416   0.09315   0.05173   0.02009   0.00277   0.09125   0.10722   0.07505   0.03074   0.03239   0.00924   0.02305   0.00352   0.00467   0.00765   0.01127   0.00012   0.01139   0.00230   0.00432   0.00653   0.01137   0.01795   0.00609   0.01052   0.03136   0.04244   0.00378   0.02704   0.00838   0.00210   0.38339   0.00436   0.02647   0.04484   0.00773   0.06958   0.00067   0.00250   0.03742   0.00168   0.01654   0.00722   0.00977   0.03802   0.02895   0.00943   0.00747   0.00853   0.00264   0.00935   0.33874   0.17815   0.05555   0.20134   0.10613   0.04069   0.04609   0.12142   5.37012   0.27813   1.18254   0.65053   0.23202  
 78 780.0194  15457.493198  x:  0.41608   0.07594   0.30882   0.17348   0.01051   0.10489   0.02931   0.09366   0.04588   0.01874   0.00295   0.09172   0.10573   0.07372   0.03170   0.03281   0.00917   0.02311   0.00352   0.00460   0.00775   0.01116   0.00012   0.01140   0.00225   0.00440   0.00653   0.01077   0.01803   0.00609   0.01056   0.02945   0.04280   0.00382   0.02676   0.00838   0.00219   0.38158   0.00428   0.02688   0.04546   0.00736   0.07015   0.00067   0.00253   0.03722   0.00167   0.01670   0.00729   0.00999   0.04017   0.02861   0.00942   0.00765   0.00867   0.00266   0.00927   0.34451   0.17964   0.05873   0.20877   0.10575   0.04507   0.04576   0.12400   5.39007   0.26977   1.11952   0.61890   0.23249  
 79 634.8531  15456.927439  x:  0.40910   0.07137   0.30677   0.17470   0.00957   0.10442   0.03045   0.09400   0.04752   0.01889   0.00293   0.09169   0.11007   0.07467   0.03157   0.03273   0.00920   0.02296   0.00350   0.00459   0.00777   0.01112   0.00012   0.01140   0.00225   0.00442   0.00652   0.01071   0.01792   0.00610   0.01056   0.02985   0.04272   0.00381   0.02687   0.00837   0.00223   0.37083   0.00416   0.02688   0.04544   0.00761   0.06548   0.00067   0.00252   0.03782   0.00166   0.01663   0.00732   0.00998   0.03941   0.02857   0.00942   0.00769   0.00869   0.00265   0.00919   0.34742   0.18560   0.05858   0.20704   0.10446   0.04795   0.04157   0.12273   5.39821   0.26477   1.09055   0.60591   0.23275  
 80 100.8541  15456.452662  x:  0.40154   0.06890   0.30473   0.17661   0.00951   0.10552   0.02975   0.09319   0.04665   0.01872   0.00292   0.09198   0.11331   0.07513   0.03159   0.03281   0.00917   0.02305   0.00351   0.00458   0.00776   0.01112   0.00012   0.01140   0.00224   0.00443   0.00649   0.01079   0.01780   0.00612   0.01056   0.02969   0.04281   0.00383   0.02681   0.00837   0.00225   0.35972   0.00402   0.02691   0.04521   0.00749   0.06947   0.00067   0.00253   0.03749   0.00166   0.01665   0.00731   0.00994   0.03981   0.02859   0.00941   0.00766   0.00869   0.00264   0.00922   0.34965   0.19247   0.05729   0.20322   0.10422   0.04501   0.04529   0.12024   5.40344   0.26118   1.06923   0.59724   0.23286  
 81 136.1272  15455.864902  x:  0.39334   0.07788   0.30497   0.17712   0.00982   0.10658   0.02956   0.09349   0.04724   0.01860   0.00291   0.09173   0.10330   0.07500   0.03163   0.03259   0.00920   0.02292   0.00346   0.00455   0.00777   0.01112   0.00012   0.01141   0.00222   0.00447   0.00642   0.01070   0.01749   0.00613   0.01055   0.02946   0.04291   0.00382   0.02678   0.00837   0.00229   0.35435   0.00393   0.02691   0.04591   0.00743   0.06876   0.00066   0.00250   0.03749   0.00164   0.01675   0.00733   0.00988   0.03990   0.02852   0.00941   0.00764   0.00873   0.00261   0.00918   0.35040   0.19975   0.05453   0.20062   0.11130   0.04550   0.04425   0.11807   5.40244   0.26179   1.05837   0.59646   0.23320  
 82 25.3013  15450.278061  x:  0.35014   0.07482   0.31101   0.18750   0.00814   0.09564   0.03122   0.09570   0.04579   0.01820   0.00296   0.10075   0.10256   0.07312   0.03138   0.03221   0.00935   0.02251   0.00311   0.00432   0.00770   0.01092   0.00014   0.01149   0.00208   0.00475   0.00571   0.01029   0.01427   0.00634   0.01056   0.03018   0.04307   0.00386   0.02689   0.00840   0.00234   0.37584   0.00410   0.02725   0.04696   0.00754   0.06918   0.00060   0.00227   0.03824   0.00146   0.01708   0.00757   0.00887   0.04015   0.02841   0.00920   0.00744   0.00920   0.00231   0.00910   0.33954   0.20515   0.02792   0.20831   0.10757   0.04432   0.04529   0.12875   5.36150   0.28807   1.02662   0.63223   0.23512  
 83 23.7358  15444.808532  x:  0.33940   0.06812   0.30982   0.17745   0.01102   0.12054   0.02532   0.09103   0.04656   0.01619   0.00334   0.08077   0.10826   0.07816   0.03055   0.03175   0.00968   0.02086   0.00273   0.00386   0.00807   0.01035   0.00016   0.01159   0.00194   0.00522   0.00533   0.00765   0.01256   0.00640   0.01063   0.02989   0.04411   0.00372   0.02646   0.00837   0.00274   0.38948   0.00398   0.02820   0.04696   0.00771   0.06816   0.00056   0.00213   0.03906   0.00134   0.01787   0.00804   0.00897   0.04049   0.02747   0.00898   0.00814   0.00996   0.00219   0.00844   0.33831   0.20500   0.02788   0.21434   0.10763   0.04372   0.04408   0.12281   5.31649   0.30616   1.00049   0.67516   0.24024  
 84 161.7194  15437.249796  x:  0.37880   0.07264   0.29276   0.15633   0.01017   0.10856   0.02645   0.09138   0.04620   0.01507   0.00357   0.08849   0.11516   0.07703   0.03073   0.03135   0.00987   0.01996   0.00232   0.00347   0.00829   0.01006   0.00018   0.01164   0.00185   0.00564   0.00489   0.00596   0.01051   0.00652   0.01072   0.02921   0.04452   0.00370   0.02654   0.00829   0.00312   0.38189   0.00367   0.02880   0.05001   0.00764   0.06859   0.00053   0.00198   0.03979   0.00121   0.01838   0.00844   0.00890   0.04106   0.02716   0.00868   0.00847   0.01061   0.00202   0.00785   0.35220   0.19522   0.02210   0.20772   0.10198   0.04398   0.04328   0.09170   5.25386   0.32123   0.97003   0.73834   0.24297  
 85 189.0552  15435.429763  x:  0.40064   0.06884   0.28230   0.16611   0.01027   0.11090   0.02599   0.09152   0.04611   0.01488   0.00355   0.08669   0.11028   0.07771   0.03058   0.03130   0.00986   0.01974   0.00226   0.00341   0.00827   0.01000   0.00018   0.01166   0.00179   0.00572   0.00469   0.00602   0.00957   0.00659   0.01072   0.02940   0.04463   0.00367   0.02650   0.00830   0.00316   0.37157   0.00352   0.02887   0.04967   0.00775   0.06845   0.00051   0.00193   0.04003   0.00116   0.01848   0.00847   0.00861   0.04102   0.02705   0.00866   0.00839   0.01070   0.00194   0.00790   0.35651   0.19196   0.01269   0.20772   0.10493   0.04366   0.04332   0.10454   5.23829   0.32263   0.96323   0.75474   0.24274  
 86 130.8608  15435.316719  x:  0.40358   0.06666   0.29134   0.16765   0.01035   0.11096   0.02596   0.09140   0.04608   0.01490   0.00357   0.08674   0.10951   0.07758   0.03049   0.03126   0.00989   0.01970   0.00224   0.00339   0.00829   0.00997   0.00018   0.01166   0.00179   0.00573   0.00468   0.00590   0.00954   0.00657   0.01072   0.02955   0.04463   0.00367   0.02649   0.00832   0.00320   0.36804   0.00345   0.02890   0.04938   0.00777   0.06844   0.00051   0.00193   0.04003   0.00116   0.01852   0.00848   0.00865   0.04103   0.02704   0.00864   0.00844   0.01071   0.00193   0.00789   0.35931   0.19370   0.01293   0.20927   0.10463   0.04368   0.04327   0.10390   5.23936   0.32845   0.96545   0.75456   0.24250  
 87  5.7353  15415.811407  x:  0.40494   0.07231   0.27694   0.16378   0.01035   0.10656   0.02626   0.08872   0.04625   0.01542   0.00575   0.08568   0.10992   0.07695   0.03170   0.03270   0.00940   0.01868   0.00280   0.00328   0.00991   0.01051   0.00018   0.01115   0.00134   0.00605   0.00480   0.00860   0.00973   0.00652   0.01084   0.02626   0.04467   0.00401   0.02655   0.00845   0.00595   0.34777   0.00000   0.02832   0.05069   0.00739   0.06839   0.00055   0.00222   0.03925   0.00122   0.01830   0.00912   0.01296   0.04090   0.02650   0.00858   0.01024   0.01120   0.00210   0.00766   0.35741   0.17874   0.01143   0.20510   0.09970   0.04479   0.04364   0.10803   5.51190   0.32665   1.32999   0.90642   0.24170  
 88  3.3681  15407.400412  x:  0.43592   0.07413   0.25550   0.18525   0.00859   0.10265   0.02842   0.08948   0.04649   0.01598   0.00719   0.09045   0.10427   0.07664   0.03267   0.03320   0.00920   0.01880   0.00235   0.00350   0.01196   0.01075   0.00021   0.01044   0.00137   0.00699   0.00485   0.00914   0.00867   0.00663   0.01089   0.02556   0.04454   0.00423   0.02682   0.00854   0.00791   0.33649   0.00000   0.02793   0.05172   0.00765   0.06763   0.00061   0.00202   0.03932   0.00137   0.01931   0.01011   0.01540   0.04102   0.02656   0.00852   0.01189   0.01237   0.00218   0.00823   0.35924   0.16925   0.03606   0.20420   0.09796   0.04488   0.04457   0.12135   5.54094   0.36294   1.21661   1.00851   0.23288  
 89  0.3440  15398.359625  x:  0.39583   0.08602   0.29528   0.17728   0.00946   0.10196   0.03019   0.08982   0.04752   0.01608   0.01056   0.09247   0.11113   0.07481   0.03305   0.03310   0.00934   0.02051   0.00237   0.00425   0.01492   0.01120   0.00025   0.00904   0.00166   0.00870   0.00536   0.00856   0.00837   0.00709   0.01073   0.02702   0.04360   0.00434   0.02730   0.00832   0.01170   0.36784   0.00000   0.02709   0.05339   0.00730   0.06775   0.00079   0.00279   0.03840   0.00173   0.02092   0.01156   0.02025   0.04114   0.02762   0.00864   0.01421   0.01456   0.00257   0.00985   0.34305   0.17292   0.02158   0.19816   0.10112   0.04397   0.04609   0.11943   5.69636   0.38338   1.22226   1.09472   0.22141  
 90  0.1475  15395.012009  x:  0.40133   0.07981   0.27150   0.17032   0.00802   0.10312   0.02651   0.09059   0.04604   0.01308   0.01219   0.08873   0.11059   0.07682   0.03206   0.03184   0.01016   0.01890   0.00257   0.00381   0.01629   0.01039   0.00031   0.00819   0.00111   0.01037   0.00454   0.00751   0.00689   0.00733   0.01065   0.02777   0.04391   0.00404   0.02703   0.00791   0.01358   0.35429   0.00000   0.02803   0.05457   0.00772   0.06803   0.00082   0.00254   0.03954   0.00173   0.02226   0.01243   0.02095   0.04190   0.02711   0.00836   0.01465   0.01647   0.00234   0.00829   0.35137   0.17289   0.01862   0.19538   0.10409   0.04377   0.04396   0.11764   5.58801   0.39669   1.35149   1.17989   0.22864  
 91  0.1492  15393.728895  x:  0.41050   0.07622   0.26690   0.17238   0.01011   0.10437   0.02632   0.09051   0.04696   0.01453   0.01312   0.08778   0.10956   0.07782   0.03212   0.03209   0.01008   0.01848   0.00214   0.00336   0.01688   0.01039   0.00034   0.00753   0.00162   0.01128   0.00475   0.00873   0.01007   0.00740   0.01080   0.02662   0.04401   0.00407   0.02713   0.00806   0.01475   0.34834   0.00000   0.02825   0.05340   0.00776   0.06813   0.00091   0.00246   0.03975   0.00189   0.02253   0.01265   0.02183   0.04170   0.02672   0.00839   0.01454   0.01735   0.00243   0.00799   0.35455   0.17413   0.01781   0.19838   0.10266   0.04417   0.04369   0.11669   5.48749   0.40104   1.30924   1.19637   0.22860  
 92  0.1396  15392.289406  x:  0.41389   0.07762   0.27160   0.17770   0.01072   0.10420   0.02826   0.09044   0.04757   0.01561   0.01457   0.08992   0.10853   0.07731   0.03246   0.03294   0.00961   0.01946   0.00274   0.00381   0.01710   0.01066   0.00039   0.00676   0.00099   0.01258   0.00423   0.00839   0.00831   0.00694   0.01092   0.02582   0.04377   0.00382   0.02721   0.00864   0.01646   0.35039   0.00000   0.02772   0.05084   0.00797   0.06810   0.00093   0.00195   0.03918   0.00186   0.02188   0.01272   0.02139   0.04102   0.02692   0.00841   0.01454   0.01827   0.00216   0.00872   0.35214   0.17392   0.02024   0.20231   0.09891   0.04451   0.04462   0.11865   5.39132   0.39222   1.24514   1.18205   0.22533  
 93  0.0882  15391.427730  x:  0.41010   0.08050   0.27435   0.17836   0.00801   0.10346   0.02815   0.09068   0.04633   0.01449   0.01567   0.09123   0.10911   0.07647   0.03232   0.03285   0.00950   0.02001   0.00167   0.00376   0.01675   0.01071   0.00042   0.00639   0.00177   0.01351   0.00420   0.00801   0.00782   0.00679   0.01081   0.02726   0.04371   0.00386   0.02714   0.00847   0.01759   0.35344   0.00000   0.02740   0.05018   0.00777   0.06802   0.00097   0.00243   0.03877   0.00181   0.02123   0.01259   0.02045   0.04096   0.02719   0.00836   0.01433   0.01882   0.00217   0.00868   0.34933   0.17291   0.02101   0.20132   0.09969   0.04419   0.04494   0.11956   5.36184   0.38359   1.24721   1.15781   0.22505  
 94  0.0397  15390.659213  x:  0.40576   0.08187   0.27606   0.17715   0.00724   0.10277   0.02737   0.09056   0.04580   0.01304   0.01673   0.09081   0.11025   0.07567   0.03202   0.03227   0.00967   0.01940   0.00297   0.00401   0.01606   0.01058   0.00046   0.00619   0.00152   0.01448   0.00490   0.00810   0.00890   0.00694   0.01072   0.02833   0.04382   0.00413   0.02711   0.00810   0.01864   0.35532   0.00000   0.02726   0.05041   0.00763   0.06794   0.00103   0.00286   0.03893   0.00180   0.02054   0.01224   0.01890   0.04126   0.02719   0.00843   0.01381   0.01915   0.00234   0.00857   0.34852   0.17343   0.02069   0.19878   0.10213   0.04376   0.04470   0.11819   5.36297   0.37537   1.24747   1.10957   0.22627  
 95  0.0476  15390.013977  x:  0.40219   0.08163   0.27438   0.17505   0.01109   0.10259   0.02730   0.09051   0.04713   0.01411   0.01744   0.08979   0.11164   0.07615   0.03213   0.03205   0.00989   0.01858   0.00264   0.00352   0.01502   0.01040   0.00050   0.00638   0.00145   0.01521   0.00497   0.00782   0.00818   0.00700   0.01067   0.02740   0.04405   0.00409   0.02724   0.00803   0.01940   0.35478   0.00000   0.02751   0.05131   0.00766   0.06796   0.00102   0.00258   0.03935   0.00162   0.02024   0.01181   0.01720   0.04157   0.02685   0.00856   0.01303   0.01915   0.00223   0.00834   0.34939   0.17440   0.02006   0.19730   0.10281   0.04385   0.04428   0.11724   5.41059   0.36687   1.26276   1.05495   0.22846  
 96  0.0726  15389.619297  x:  0.40734   0.07986   0.27292   0.17523   0.00887   0.10414   0.02715   0.09080   0.04687   0.01449   0.01785   0.08984   0.11082   0.07648   0.03226   0.03243   0.00978   0.01973   0.00223   0.00341   0.01420   0.01055   0.00053   0.00672   0.00121   0.01557   0.00480   0.00865   0.00863   0.00701   0.01078   0.02672   0.04382   0.00400   0.02727   0.00825   0.01980   0.35171   0.00000   0.02772   0.05172   0.00781   0.06796   0.00099   0.00235   0.03930   0.00139   0.02043   0.01152   0.01650   0.04149   0.02695   0.00840   0.01235   0.01888   0.00212   0.00849   0.35107   0.17426   0.01998   0.19973   0.10100   0.04415   0.04429   0.11684   5.45840   0.36943   1.22610   1.01565   0.22876  
 97  0.0584  15389.448384  x:  0.40999   0.07913   0.27138   0.17576   0.00928   0.10318   0.02793   0.09074   0.04673   0.01389   0.01814   0.09043   0.10911   0.07649   0.03247   0.03271   0.00965   0.01925   0.00218   0.00386   0.01407   0.01056   0.00055   0.00693   0.00143   0.01561   0.00485   0.00791   0.00882   0.00707   0.01082   0.02691   0.04364   0.00383   0.02729   0.00833   0.02005   0.35265   0.00000   0.02762   0.05189   0.00790   0.06805   0.00102   0.00232   0.03907   0.00140   0.02107   0.01163   0.01692   0.04122   0.02710   0.00840   0.01238   0.01860   0.00217   0.00876   0.35058   0.17283   0.02033   0.20028   0.10069   0.04419   0.04469   0.11928   5.47755   0.37179   1.21872   1.02633   0.22765  
 98  0.0144  15389.227357  x:  0.40943   0.07882   0.27402   0.17570   0.00886   0.10257   0.02745   0.09064   0.04671   0.01442   0.01885   0.09034   0.10841   0.07611   0.03246   0.03237   0.00985   0.01904   0.00239   0.00386   0.01393   0.01039   0.00060   0.00725   0.00150   0.01579   0.00481   0.00858   0.00807   0.00715   0.01065   0.02760   0.04370   0.00379   0.02727   0.00808   0.02075   0.35462   0.00000   0.02730   0.05201   0.00801   0.06805   0.00107   0.00241   0.03863   0.00138   0.02193   0.01188   0.01719   0.04135   0.02704   0.00858   0.01253   0.01794   0.00226   0.00808   0.34974   0.17367   0.02027   0.19888   0.10227   0.04395   0.04477   0.11899   5.48521   0.37622   1.21985   1.05000   0.22642  
 99  0.0097  15388.912099  x:  0.40519   0.07935   0.27281   0.17450   0.00929   0.10318   0.02731   0.09090   0.04684   0.01371   0.01986   0.08965   0.10994   0.07610   0.03243   0.03226   0.00984   0.02000   0.00234   0.00344   0.01364   0.01054   0.00068   0.00786   0.00134   0.01593   0.00468   0.00810   0.00860   0.00711   0.01083   0.02691   0.04373   0.00402   0.02728   0.00834   0.02168   0.35375   0.00000   0.02735   0.05186   0.00780   0.06798   0.00112   0.00238   0.03878   0.00126   0.02255   0.01202   0.01729   0.04135   0.02708   0.00849   0.01233   0.01669   0.00235   0.00873   0.34954   0.17433   0.02007   0.19781   0.10226   0.04402   0.04442   0.11806   5.48061   0.37737   1.25913   1.07758   0.22721  
100  0.0228  15388.609459  x:  0.40749   0.07992   0.27338   0.17563   0.00895   0.10399   0.02756   0.09069   0.04696   0.01404   0.02005   0.09008   0.11078   0.07661   0.03221   0.03262   0.00981   0.01868   0.00218   0.00375   0.01384   0.01052   0.00075   0.00819   0.00143   0.01540   0.00490   0.00861   0.00858   0.00696   0.01080   0.02669   0.04384   0.00400   0.02729   0.00815   0.02179   0.35191   0.00000   0.02778   0.05119   0.00789   0.06800   0.00120   0.00211   0.03946   0.00138   0.02162   0.01204   0.01698   0.04146   0.02693   0.00838   0.01247   0.01542   0.00246   0.00869   0.35150   0.17359   0.02079   0.20111   0.09935   0.04429   0.04435   0.11687   5.43787   0.37686   1.25361   1.09107   0.22824  
101  0.0189  15388.316879  x:  0.40985   0.08039   0.27291   0.17721   0.00917   0.10335   0.02757   0.09086   0.04692   0.01424   0.01984   0.09090   0.11006   0.07678   0.03230   0.03257   0.00975   0.01938   0.00210   0.00376   0.01434   0.01045   0.00082   0.00830   0.00119   0.01436   0.00447   0.00812   0.00885   0.00698   0.01070   0.02708   0.04382   0.00390   0.02734   0.00819   0.02142   0.35303   0.00000   0.02773   0.05125   0.00789   0.06803   0.00122   0.00274   0.03959   0.00137   0.02030   0.01188   0.01699   0.04137   0.02697   0.00852   0.01253   0.01465   0.00249   0.00798   0.35163   0.17358   0.02064   0.20103   0.10122   0.04411   0.04459   0.11795   5.41788   0.37596   1.24053   1.09301   0.22746  
102  0.0117  15387.874131  x:  0.40955   0.07980   0.27269   0.17638   0.00906   0.10251   0.02721   0.09103   0.04661   0.01355   0.01963   0.09088   0.10898   0.07675   0.03252   0.03229   0.00959   0.02032   0.00207   0.00339   0.01500   0.01029   0.00092   0.00786   0.00147   0.01293   0.00494   0.00809   0.00827   0.00707   0.01067   0.02753   0.04369   0.00371   0.02734   0.00840   0.02096   0.35522   0.00000   0.02741   0.05213   0.00772   0.06804   0.00136   0.00218   0.03921   0.00176   0.01917   0.01161   0.01675   0.04131   0.02713   0.00859   0.01286   0.01456   0.00250   0.00856   0.35026   0.17413   0.01907   0.19799   0.10400   0.04379   0.04471   0.11883   5.43232   0.37667   1.23575   1.07654   0.22708  
103  0.0122  15387.201470  x:  0.40617   0.07833   0.27178   0.17319   0.00883   0.10306   0.02732   0.09079   0.04700   0.01388   0.02022   0.08911   0.10938   0.07673   0.03253   0.03226   0.00968   0.01833   0.00209   0.00362   0.01531   0.01061   0.00115   0.00704   0.00128   0.01170   0.00441   0.00817   0.00836   0.00719   0.01101   0.02653   0.04366   0.00372   0.02730   0.00838   0.02129   0.35355   0.00000   0.02733   0.05298   0.00736   0.06803   0.00148   0.00263   0.03861   0.00181   0.02027   0.01126   0.01636   0.04146   0.02706   0.00845   0.01261   0.01572   0.00231   0.00897   0.34836   0.17325   0.01930   0.19712   0.10033   0.04408   0.04436   0.11939   5.47759   0.37953   1.23260   1.03462   0.22856  
104  0.0252  15386.753863  x:  0.40720   0.07926   0.27233   0.17488   0.00960   0.10360   0.02765   0.09098   0.04686   0.01377   0.02128   0.08975   0.11001   0.07652   0.03253   0.03263   0.00985   0.02003   0.00200   0.00368   0.01509   0.01023   0.00138   0.00665   0.00130   0.01111   0.00459   0.00831   0.00877   0.00706   0.01065   0.02668   0.04376   0.00392   0.02731   0.00791   0.02216   0.35082   0.00000   0.02750   0.05239   0.00778   0.06806   0.00163   0.00219   0.03872   0.00185   0.02168   0.01129   0.01674   0.04156   0.02697   0.00856   0.01238   0.01628   0.00224   0.00803   0.35013   0.17289   0.02125   0.20039   0.10027   0.04436   0.04440   0.11841   5.45161   0.37655   1.22555   1.03509   0.22807  
105  0.0142  15386.464707  x:  0.40858   0.08023   0.27325   0.17644   0.00877   0.10310   0.02723   0.09075   0.04697   0.01442   0.02169   0.09108   0.10946   0.07619   0.03232   0.03258   0.00975   0.01911   0.00195   0.00364   0.01449   0.01020   0.00158   0.00679   0.00126   0.01066   0.00470   0.00821   0.00862   0.00688   0.01083   0.02740   0.04371   0.00390   0.02739   0.00862   0.02236   0.35339   0.00000   0.02776   0.05114   0.00797   0.06809   0.00168   0.00247   0.03937   0.00165   0.02211   0.01147   0.01706   0.04122   0.02704   0.00837   0.01238   0.01663   0.00226   0.00891   0.35074   0.17341   0.02059   0.19985   0.10269   0.04397   0.04474   0.11705   5.43649   0.36936   1.22474   1.03887   0.22804  
106  0.0086  15386.068466  x:  0.40891   0.07998   0.27272   0.17608   0.00921   0.10271   0.02793   0.09064   0.04673   0.01270   0.02135   0.09027   0.11007   0.07632   0.03229   0.03204   0.00983   0.01907   0.00184   0.00356   0.01341   0.01037   0.00182   0.00718   0.00132   0.01048   0.00491   0.00844   0.00824   0.00700   0.01076   0.02664   0.04373   0.00380   0.02729   0.00807   0.02172   0.35595   0.00000   0.02732   0.05109   0.00828   0.06792   0.00165   0.00256   0.03958   0.00120   0.02170   0.01173   0.01733   0.04134   0.02710   0.00837   0.01239   0.01780   0.00218   0.00841   0.35059   0.17464   0.01921   0.19878   0.10002   0.04385   0.04458   0.11792   5.47463   0.36589   1.23934   1.03408   0.22872  
107  0.0138  15385.677872  x:  0.40896   0.07925   0.27040   0.17476   0.00849   0.10360   0.02713   0.09125   0.04660   0.01470   0.02031   0.08967   0.11056   0.07647   0.03208   0.03208   0.00981   0.01957   0.00203   0.00368   0.01327   0.01034   0.00203   0.00750   0.00138   0.01062   0.00515   0.00786   0.00862   0.00720   0.01068   0.02734   0.04395   0.00391   0.02727   0.00789   0.02057   0.35296   0.00000   0.02734   0.05156   0.00810   0.06794   0.00160   0.00221   0.03922   0.00090   0.02076   0.01205   0.01778   0.04157   0.02681   0.00858   0.01255   0.01886   0.00211   0.00835   0.35104   0.17449   0.01969   0.19889   0.10050   0.04411   0.04406   0.11938   5.48781   0.37120   1.25830   1.05688   0.22847  
108  0.0173  15385.263724  x:  0.40835   0.07861   0.27394   0.17551   0.01013   0.10374   0.02727   0.09093   0.04700   0.01394   0.01955   0.08981   0.10956   0.07655   0.03248   0.03303   0.00967   0.01955   0.00205   0.00370   0.01437   0.00993   0.00228   0.00753   0.00143   0.01124   0.00494   0.00896   0.00869   0.00716   0.01086   0.02706   0.04374   0.00409   0.02724   0.00865   0.01963   0.35006   0.00000   0.02759   0.05192   0.00756   0.06800   0.00160   0.00226   0.03871   0.00082   0.01991   0.01235   0.01776   0.04132   0.02703   0.00845   0.01294   0.01924   0.00211   0.00883   0.35118   0.17377   0.02137   0.20036   0.10251   0.04437   0.04445   0.11788   5.44375   0.38181   1.24184   1.08807   0.22729  
109  0.0286  15384.562542  x:  0.40175   0.08196   0.27525   0.17679   0.00860   0.10245   0.02830   0.09004   0.04682   0.01408   0.01991   0.09146   0.10903   0.07609   0.03265   0.03249   0.00963   0.01879   0.00165   0.00335   0.01586   0.01067   0.00298   0.00744   0.00148   0.01273   0.00473   0.00786   0.00873   0.00692   0.01082   0.02648   0.04353   0.00407   0.02739   0.00820   0.01953   0.35586   0.00000   0.02788   0.05193   0.00753   0.06813   0.00180   0.00207   0.03852   0.00113   0.02042   0.01213   0.01680   0.04118   0.02737   0.00829   0.01266   0.01828   0.00227   0.00835   0.34684   0.17107   0.02031   0.19991   0.10097   0.04375   0.04549   0.11715   5.41358   0.38338   1.23271   1.09530   0.22601  
110  0.0100  15384.046697  x:  0.40823   0.07956   0.27259   0.17472   0.00919   0.10341   0.02732   0.09078   0.04679   0.01393   0.01948   0.08962   0.11030   0.07619   0.03231   0.03210   0.00975   0.01978   0.00156   0.00399   0.01582   0.00954   0.00379   0.00760   0.00135   0.01325   0.00470   0.00812   0.00843   0.00692   0.01057   0.02713   0.04379   0.00378   0.02721   0.00803   0.01854   0.35326   0.00000   0.02751   0.05215   0.00782   0.06797   0.00195   0.00254   0.03915   0.00114   0.02114   0.01179   0.01602   0.04143   0.02686   0.00856   0.01249   0.01765   0.00240   0.00873   0.35086   0.17432   0.01984   0.19861   0.10081   0.04407   0.04425   0.11767   5.44911   0.37890   1.24631   1.08014   0.22660  
111  0.0216  15383.834810  x:  0.40949   0.07888   0.27327   0.17534   0.00917   0.10362   0.02729   0.09102   0.04677   0.01400   0.01893   0.08990   0.10997   0.07651   0.03231   0.03273   0.00978   0.01923   0.00152   0.00349   0.01547   0.01002   0.00437   0.00743   0.00127   0.01316   0.00476   0.00830   0.00865   0.00702   0.01090   0.02712   0.04384   0.00387   0.02719   0.00841   0.01768   0.35225   0.00000   0.02763   0.05168   0.00808   0.06794   0.00206   0.00225   0.03920   0.00123   0.02139   0.01161   0.01685   0.04137   0.02703   0.00843   0.01241   0.01747   0.00237   0.00834   0.35121   0.17460   0.02019   0.19962   0.10183   0.04426   0.04429   0.11880   5.47828   0.37423   1.24155   1.06756   0.22699  
112  0.0183  15383.745223  x:  0.40689   0.08010   0.27309   0.17635   0.00906   0.10321   0.02767   0.09065   0.04695   0.01416   0.01912   0.09055   0.10988   0.07637   0.03235   0.03246   0.00975   0.01943   0.00159   0.00367   0.01502   0.00976   0.00473   0.00714   0.00131   0.01340   0.00472   0.00830   0.00853   0.00704   0.01075   0.02675   0.04383   0.00400   0.02723   0.00818   0.01795   0.35332   0.00000   0.02755   0.05112   0.00785   0.06806   0.00214   0.00230   0.03907   0.00135   0.02134   0.01154   0.01733   0.04131   0.02705   0.00846   0.01249   0.01717   0.00235   0.00861   0.34993   0.17342   0.02005   0.20004   0.10108   0.04403   0.04478   0.11795   5.47433   0.37106   1.24366   1.05606   0.22739  
113  0.0069  15383.699558  x:  0.40789   0.07948   0.27284   0.17514   0.00924   0.10328   0.02746   0.09078   0.04664   0.01398   0.01906   0.08999   0.10979   0.07632   0.03233   0.03239   0.00974   0.01938   0.00146   0.00368   0.01476   0.01001   0.00491   0.00705   0.00131   0.01352   0.00463   0.00826   0.00848   0.00704   0.01075   0.02728   0.04375   0.00400   0.02722   0.00821   0.01817   0.35288   0.00000   0.02762   0.05163   0.00781   0.06803   0.00212   0.00237   0.03896   0.00134   0.02082   0.01159   0.01765   0.04133   0.02701   0.00847   0.01268   0.01695   0.00229   0.00853   0.35068   0.17379   0.02045   0.19922   0.10131   0.04410   0.04442   0.11806   5.46384   0.37336   1.24008   1.05037   0.22758  
114  0.0056  15383.645869  x:  0.40835   0.07904   0.27291   0.17481   0.00905   0.10351   0.02746   0.09082   0.04693   0.01407   0.01876   0.08994   0.10968   0.07632   0.03237   0.03267   0.00971   0.01936   0.00166   0.00360   0.01477   0.00960   0.00497   0.00709   0.00129   0.01353   0.00479   0.00819   0.00854   0.00704   0.01076   0.02670   0.04375   0.00394   0.02722   0.00835   0.01860   0.35249   0.00000   0.02759   0.05205   0.00783   0.06794   0.00200   0.00235   0.03906   0.00128   0.02049   0.01186   0.01797   0.04135   0.02711   0.00847   0.01298   0.01683   0.00224   0.00840   0.35032   0.17380   0.02017   0.19922   0.10130   0.04420   0.04442   0.11831   5.45087   0.37642   1.23018   1.05228   0.22744  
115  0.0048  15383.523300  x:  0.40779   0.08001   0.27279   0.17637   0.00928   0.10330   0.02748   0.09055   0.04702   0.01435   0.01800   0.09038   0.10999   0.07641   0.03242   0.03252   0.00974   0.01947   0.00149   0.00366   0.01510   0.01005   0.00510   0.00718   0.00131   0.01340   0.00495   0.00827   0.00858   0.00687   0.01085   0.02689   0.04386   0.00387   0.02730   0.00819   0.01965   0.35275   0.00000   0.02753   0.05222   0.00797   0.06797   0.00166   0.00231   0.03920   0.00114   0.02109   0.01210   0.01757   0.04140   0.02699   0.00839   0.01317   0.01661   0.00208   0.00861   0.34936   0.17317   0.01984   0.19982   0.10148   0.04401   0.04476   0.11797   5.44869   0.37319   1.22663   1.04169   0.22728  
116  0.0031  15383.468303  x:  0.40773   0.07979   0.27294   0.17553   0.00905   0.10329   0.02760   0.09069   0.04666   0.01415   0.01729   0.09015   0.10985   0.07641   0.03238   0.03241   0.00977   0.01934   0.00149   0.00360   0.01538   0.00969   0.00530   0.00706   0.00136   0.01317   0.00487   0.00822   0.00859   0.00699   0.01073   0.02711   0.04373   0.00391   0.02727   0.00823   0.01963   0.35319   0.00000   0.02755   0.05181   0.00783   0.06802   0.00153   0.00238   0.03902   0.00123   0.02132   0.01191   0.01731   0.04133   0.02705   0.00849   0.01303   0.01663   0.00205   0.00852   0.35044   0.17355   0.02040   0.19942   0.10113   0.04410   0.04449   0.11860   5.46377   0.37008   1.23434   1.03501   0.22749  
117  0.0101  15383.428263  x:  0.40812   0.07913   0.27277   0.17532   0.00913   0.10359   0.02742   0.09079   0.04683   0.01416   0.01715   0.08998   0.10969   0.07631   0.03225   0.03257   0.00975   0.01948   0.00155   0.00370   0.01522   0.00996   0.00540   0.00708   0.00136   0.01325   0.00476   0.00829   0.00854   0.00714   0.01079   0.02692   0.04368   0.00395   0.02725   0.00828   0.01982   0.35269   0.00000   0.02763   0.05111   0.00782   0.06795   0.00144   0.00240   0.03898   0.00132   0.02131   0.01171   0.01746   0.04123   0.02707   0.00843   0.01269   0.01679   0.00218   0.00846   0.35098   0.17436   0.02009   0.19944   0.10142   0.04417   0.04441   0.11772   5.47271   0.37179   1.23778   1.04980   0.22749  
118  0.0057  15383.408243  x:  0.40804   0.07943   0.27300   0.17548   0.00919   0.10336   0.02755   0.09070   0.04683   0.01422   0.01719   0.09016   0.10977   0.07638   0.03228   0.03246   0.00975   0.01935   0.00147   0.00362   0.01505   0.00975   0.00542   0.00714   0.00132   0.01326   0.00475   0.00826   0.00855   0.00709   0.01076   0.02714   0.04378   0.00392   0.02726   0.00822   0.02010   0.35337   0.00000   0.02756   0.05133   0.00781   0.06801   0.00135   0.00234   0.03909   0.00134   0.02104   0.01162   0.01740   0.04131   0.02702   0.00849   0.01252   0.01694   0.00225   0.00853   0.35042   0.17366   0.02024   0.19965   0.10128   0.04408   0.04458   0.11789   5.46879   0.37342   1.23941   1.05676   0.22741  
119  0.0050  15383.399429  x:  0.40757   0.07974   0.27308   0.17560   0.00914   0.10333   0.02758   0.09066   0.04672   0.01421   0.01728   0.09010   0.10984   0.07641   0.03236   0.03242   0.00976   0.01943   0.00152   0.00366   0.01504   0.00987   0.00543   0.00713   0.00134   0.01313   0.00479   0.00823   0.00851   0.00699   0.01079   0.02701   0.04377   0.00391   0.02729   0.00825   0.02011   0.35313   0.00000   0.02751   0.05178   0.00786   0.06802   0.00133   0.00236   0.03912   0.00140   0.02093   0.01161   0.01727   0.04137   0.02703   0.00846   0.01259   0.01706   0.00231   0.00853   0.35030   0.17369   0.02030   0.19948   0.10127   0.04408   0.04452   0.11833   5.46167   0.37445   1.24106   1.05962   0.22723  
120  0.0036  15383.387881  x:  0.40762   0.07953   0.27307   0.17567   0.00906   0.10345   0.02743   0.09069   0.04685   0.01414   0.01751   0.09009   0.10976   0.07642   0.03243   0.03257   0.00975   0.01937   0.00146   0.00362   0.01494   0.00976   0.00558   0.00718   0.00134   0.01304   0.00468   0.00830   0.00858   0.00695   0.01075   0.02688   0.04368   0.00391   0.02728   0.00824   0.01992   0.35285   0.00000   0.02754   0.05203   0.00786   0.06796   0.00130   0.00237   0.03905   0.00143   0.02122   0.01164   0.01725   0.04132   0.02705   0.00846   0.01266   0.01712   0.00235   0.00850   0.35056   0.17390   0.02008   0.19938   0.10137   0.04415   0.04448   0.11833   5.46167   0.37374   1.23927   1.05770   0.22715  
121  0.0008  15383.375872  x:  0.40808   0.07944   0.27297   0.17552   0.00920   0.10336   0.02757   0.09072   0.04681   0.01421   0.01759   0.09008   0.10984   0.07641   0.03235   0.03245   0.00975   0.01939   0.00152   0.00364   0.01496   0.00983   0.00569   0.00725   0.00134   0.01308   0.00469   0.00825   0.00858   0.00704   0.01077   0.02712   0.04376   0.00392   0.02728   0.00823   0.01967   0.35328   0.00000   0.02762   0.05186   0.00778   0.06802   0.00121   0.00233   0.03899   0.00143   0.02114   0.01177   0.01720   0.04134   0.02703   0.00846   0.01281   0.01713   0.00233   0.00851   0.35038   0.17356   0.02017   0.19964   0.10123   0.04408   0.04458   0.11801   5.45990   0.37308   1.23661   1.05296   0.22731  
122  0.0021  15383.367896  x:  0.40770   0.07970   0.27302   0.17552   0.00912   0.10333   0.02753   0.09070   0.04676   0.01416   0.01797   0.09022   0.10982   0.07631   0.03231   0.03245   0.00975   0.01940   0.00147   0.00364   0.01505   0.00979   0.00563   0.00724   0.00135   0.01315   0.00472   0.00821   0.00854   0.00707   0.01077   0.02695   0.04378   0.00392   0.02725   0.00824   0.01955   0.35297   0.00000   0.02755   0.05144   0.00781   0.06802   0.00118   0.00234   0.03907   0.00144   0.02100   0.01179   0.01721   0.04134   0.02705   0.00847   0.01277   0.01706   0.00231   0.00851   0.35027   0.17387   0.02030   0.19952   0.10133   0.04409   0.04452   0.11804   5.46306   0.37313   1.23639   1.05071   0.22737  
123  0.0017  15383.364918  x:  0.40779   0.07959   0.27292   0.17554   0.00914   0.10339   0.02751   0.09073   0.04681   0.01412   0.01800   0.09013   0.10983   0.07638   0.03233   0.03249   0.00975   0.01940   0.00149   0.00364   0.01512   0.00979   0.00559   0.00720   0.00134   0.01311   0.00474   0.00828   0.00856   0.00704   0.01077   0.02707   0.04376   0.00392   0.02725   0.00824   0.01956   0.35303   0.00000   0.02754   0.05148   0.00786   0.06800   0.00114   0.00236   0.03910   0.00144   0.02106   0.01176   0.01732   0.04132   0.02703   0.00846   0.01270   0.01705   0.00229   0.00851   0.35039   0.17369   0.02020   0.19948   0.10127   0.04411   0.04451   0.11819   5.46584   0.37319   1.23812   1.05226   0.22739  
124  0.0021  15383.364080  x:  0.40789   0.07955   0.27292   0.17555   0.00915   0.10335   0.02753   0.09073   0.04680   0.01415   0.01801   0.09012   0.10981   0.07640   0.03234   0.03247   0.00975   0.01939   0.00149   0.00364   0.01509   0.00980   0.00558   0.00718   0.00135   0.01313   0.00475   0.00827   0.00855   0.00702   0.01077   0.02702   0.04376   0.00393   0.02726   0.00824   0.01947   0.35304   0.00000   0.02757   0.05161   0.00784   0.06802   0.00115   0.00236   0.03907   0.00144   0.02106   0.01172   0.01736   0.04133   0.02704   0.00846   0.01266   0.01701   0.00227   0.00852   0.35045   0.17371   0.02021   0.19953   0.10130   0.04410   0.04453   0.11818   5.46509   0.37295   1.23818   1.05212   0.22741  
125  0.0005  15383.363910  x:  0.40783   0.07957   0.27297   0.17556   0.00914   0.10335   0.02752   0.09072   0.04680   0.01414   0.01800   0.09014   0.10981   0.07637   0.03235   0.03248   0.00975   0.01939   0.00149   0.00364   0.01507   0.00980   0.00559   0.00718   0.00135   0.01314   0.00476   0.00825   0.00854   0.00702   0.01077   0.02700   0.04376   0.00393   0.02726   0.00824   0.01947   0.35302   0.00000   0.02757   0.05166   0.00784   0.06801   0.00113   0.00236   0.03906   0.00144   0.02106   0.01170   0.01734   0.04134   0.02704   0.00846   0.01266   0.01700   0.00227   0.00852   0.35040   0.17376   0.02023   0.19952   0.10129   0.04410   0.04453   0.11813   5.46387   0.37313   1.23802   1.05284   0.22736  
126  0.0010  15383.363842  x:  0.40781   0.07957   0.27299   0.17554   0.00914   0.10336   0.02752   0.09072   0.04680   0.01413   0.01801   0.09014   0.10982   0.07637   0.03235   0.03248   0.00975   0.01939   0.00149   0.00364   0.01507   0.00980   0.00559   0.00717   0.00135   0.01314   0.00476   0.00826   0.00855   0.00703   0.01077   0.02702   0.04376   0.00393   0.02726   0.00824   0.01946   0.35305   0.00000   0.02756   0.05166   0.00784   0.06801   0.00114   0.00236   0.03907   0.00143   0.02107   0.01169   0.01733   0.04134   0.02703   0.00846   0.01267   0.01700   0.00227   0.00852   0.35039   0.17374   0.02022   0.19951   0.10128   0.04410   0.04452   0.11812   5.46328   0.37332   1.23823   1.05371   0.22735  
127  0.0006  15383.363823  x:  0.40782   0.07957   0.27297   0.17554   0.00914   0.10336   0.02752   0.09072   0.04680   0.01414   0.01801   0.09013   0.10982   0.07638   0.03234   0.03248   0.00975   0.01939   0.00149   0.00364   0.01507   0.00980   0.00559   0.00717   0.00135   0.01314   0.00476   0.00826   0.00855   0.00703   0.01077   0.02701   0.04376   0.00393   0.02726   0.00824   0.01946   0.35304   0.00000   0.02756   0.05163   0.00784   0.06801   0.00114   0.00236   0.03907   0.00143   0.02107   0.01169   0.01732   0.04133   0.02704   0.00846   0.01268   0.01700   0.00227   0.00852   0.35040   0.17373   0.02021   0.19951   0.10130   0.04410   0.04453   0.11814   5.46355   0.37333   1.23834   1.05390   0.22735  
128  0.0002  15383.363820  x:  0.40782   0.07957   0.27297   0.17555   0.00914   0.10336   0.02752   0.09072   0.04680   0.01414   0.01801   0.09013   0.10982   0.07638   0.03234   0.03248   0.00975   0.01939   0.00149   0.00364   0.01507   0.00980   0.00559   0.00716   0.00135   0.01314   0.00476   0.00826   0.00855   0.00703   0.01077   0.02702   0.04376   0.00393   0.02726   0.00824   0.01946   0.35304   0.00000   0.02756   0.05163   0.00784   0.06801   0.00114   0.00236   0.03907   0.00143   0.02106   0.01169   0.01732   0.04133   0.02703   0.00846   0.01268   0.01700   0.00227   0.00852   0.35040   0.17374   0.02022   0.19952   0.10129   0.04410   0.04453   0.11814   5.46378   0.37333   1.23838   1.05393   0.22735  
129  0.0001  15383.363819  x:  0.40782   0.07957   0.27297   0.17554   0.00914   0.10336   0.02752   0.09072   0.04680   0.01414   0.01801   0.09013   0.10982   0.07638   0.03234   0.03248   0.00975   0.01939   0.00149   0.00364   0.01507   0.00980   0.00559   0.00716   0.00135   0.01314   0.00476   0.00826   0.00855   0.00703   0.01077   0.02701   0.04376   0.00393   0.02726   0.00824   0.01946   0.35304   0.00000   0.02756   0.05163   0.00784   0.06801   0.00114   0.00236   0.03907   0.00143   0.02106   0.01170   0.01732   0.04133   0.02703   0.00846   0.01268   0.01700   0.00227   0.00852   0.35040   0.17374   0.02022   0.19951   0.10129   0.04410   0.04453   0.11814   5.46383   0.37333   1.23841   1.05397   0.22736  
130  0.0000  15383.363819  x:  0.40782   0.07957   0.27297   0.17555   0.00914   0.10336   0.02752   0.09072   0.04680   0.01414   0.01801   0.09013   0.10982   0.07638   0.03234   0.03248   0.00975   0.01939   0.00149   0.00364   0.01507   0.00980   0.00559   0.00716   0.00135   0.01314   0.00476   0.00826   0.00855   0.00703   0.01077   0.02701   0.04376   0.00393   0.02726   0.00824   0.01946   0.35304   0.00000   0.02756   0.05164   0.00784   0.06801   0.00114   0.00236   0.03907   0.00143   0.02106   0.01170   0.01732   0.04133   0.02703   0.00846   0.01267   0.01699   0.00227   0.00852   0.35040   0.17374   0.02022   0.19952   0.10129   0.04410   0.04453   0.11814   5.46382   0.37333   1.23841   1.05396   0.22735  
131  0.0000  15383.363819  x:  0.40782   0.07957   0.27297   0.17555   0.00914   0.10336   0.02752   0.09072   0.04680   0.01414   0.01801   0.09013   0.10982   0.07638   0.03234   0.03248   0.00975   0.01939   0.00149   0.00364   0.01507   0.00980   0.00559   0.00716   0.00135   0.01314   0.00476   0.00826   0.00855   0.00703   0.01077   0.02701   0.04376   0.00393   0.02726   0.00824   0.01946   0.35304   0.00000   0.02756   0.05164   0.00784   0.06801   0.00114   0.00236   0.03907   0.00143   0.02106   0.01170   0.01732   0.04133   0.02703   0.00846   0.01267   0.01699   0.00227   0.00852   0.35040   0.17374   0.02022   0.19952   0.10129   0.04410   0.04453   0.11814   5.46380   0.37333   1.23840   1.05395   0.22735  
132  0.0000  15383.363819  x:  0.40782   0.07957   0.27297   0.17555   0.00914   0.10336   0.02752   0.09072   0.04680   0.01414   0.01801   0.09013   0.10982   0.07638   0.03234   0.03248   0.00975   0.01939   0.00149   0.00364   0.01507   0.00980   0.00559   0.00716   0.00135   0.01314   0.00476   0.00826   0.00855   0.00703   0.01077   0.02701   0.04376   0.00393   0.02726   0.00824   0.01946   0.35304   0.00000   0.02756   0.05163   0.00784   0.06801   0.00114   0.00236   0.03907   0.00143   0.02106   0.01170   0.01732   0.04133   0.02703   0.00846   0.01267   0.01699   0.00227   0.00852   0.35040   0.17374   0.02022   0.19952   0.10129   0.04410   0.04453   0.11814   5.46379   0.37333   1.23840   1.05395   0.22735  
133  0.0000  15383.363819  x:  0.40782   0.07957   0.27297   0.17555   0.00914   0.10336   0.02752   0.09072   0.04680   0.01414   0.01801   0.09013   0.10982   0.07638   0.03234   0.03248   0.00975   0.01939   0.00149   0.00364   0.01507   0.00980   0.00559   0.00716   0.00135   0.01314   0.00476   0.00826   0.00855   0.00703   0.01077   0.02701   0.04376   0.00393   0.02726   0.00824   0.01946   0.35304   0.00000   0.02756   0.05163   0.00784   0.06801   0.00114   0.00236   0.03907   0.00143   0.02106   0.01170   0.01732   0.04133   0.02703   0.00846   0.01267   0.01699   0.00227   0.00852   0.35040   0.17374   0.02022   0.19952   0.10129   0.04410   0.04453   0.11814   5.46379   0.37333   1.23840   1.05395   0.22735  
134  0.0000  15383.363819  x:  0.40782   0.07957   0.27297   0.17555   0.00914   0.10336   0.02752   0.09072   0.04680   0.01414   0.01801   0.09013   0.10982   0.07638   0.03234   0.03248   0.00975   0.01939   0.00149   0.00364   0.01507   0.00980   0.00559   0.00716   0.00135   0.01314   0.00476   0.00826   0.00855   0.00703   0.01077   0.02701   0.04376   0.00393   0.02726   0.00824   0.01946   0.35304   0.00000   0.02756   0.05163   0.00784   0.06801   0.00114   0.00236   0.03907   0.00143   0.02106   0.01170   0.01732   0.04133   0.02703   0.00846   0.01267   0.01699   0.00227   0.00852   0.35040   0.17374   0.02022   0.19952   0.10129   0.04410   0.04453   0.11814   5.46379   0.37333   1.23840   1.05395   0.22735  
135  0.0000  15383.363819  x:  0.40782   0.07957   0.27297   0.17555   0.00914   0.10336   0.02752   0.09072   0.04680   0.01414   0.01801   0.09013   0.10982   0.07638   0.03234   0.03248   0.00975   0.01939   0.00149   0.00364   0.01507   0.00980   0.00559   0.00716   0.00135   0.01314   0.00476   0.00826   0.00855   0.00703   0.01077   0.02701   0.04376   0.00393   0.02726   0.00824   0.01946   0.35304   0.00000   0.02756   0.05163   0.00784   0.06801   0.00114   0.00236   0.03907   0.00143   0.02106   0.01170   0.01732   0.04133   0.02703   0.00846   0.01267   0.01699   0.00227   0.00852   0.35040   0.17374   0.02022   0.19952   0.10129   0.04410   0.04453   0.11814   5.46380   0.37333   1.23840   1.05395   0.22735  