Supplemental results for CODEML (seqf: paml_alt_homininae_trimmed_dna_aligned_combined_TAS1R3  treef: paml_alt_homininae_ML_tree_trimmed_dna_aligned_combined_TAS1R3.txt)

I	J	ij	2Ns_IJ	pMut_IJ	pSub_IJ	2Ns_JI	pMut_JI	pSub_JI

TTC	TTT	CT	-1.16633	0.07511	0.03964	1.16633	0.02340	0.03964	0.03964	0.03964
TTA	TTT	AT	3.30403	0.00018	0.00061	-3.30403	0.00485	0.00061	0.00061	0.00061
TTA	TTC	AC	4.47036	0.00041	0.00186	-4.47036	0.03592	0.00186	0.00186	0.00186
TTG	TTT	GT	1.00752	0.00209	0.00331	-1.00752	0.00572	0.00331	0.00331	0.00331
TTG	TTC	GC	2.17385	0.00482	0.01182	-2.17385	0.04238	0.01182	0.01182	0.01182
TTG	TTA	GA	-2.29651	0.01438	0.00369	2.29651	0.00145	0.00369	0.00369	0.00369
TCT	TTT	CT	1.45409	0.00547	0.01037	-1.45409	0.02340	0.01037	0.01037	0.01037
TCC	TTC	CT	1.97204	0.02414	0.05529	-1.97204	0.17342	0.05529	0.05529	0.05529
TCC	TCT	CT	-0.64839	0.02414	0.01715	0.64839	0.01262	0.01715	0.01715	0.01715
TCA	TTA	CT	-2.00176	0.01155	0.00361	2.00176	0.00156	0.00361	0.00361	0.00361
TCA	TCT	AT	-0.15182	0.00304	0.00282	0.15182	0.00261	0.00282	0.00282	0.00282
TCA	TCC	AC	0.49656	0.00702	0.00891	-0.49656	0.01154	0.00891	0.00891	0.00891
TCG	TTG	CT	0.08347	0.01683	0.01754	-0.08347	0.01829	0.01754	0.01754	0.01754
TCG	TCT	GT	-0.36311	0.00443	0.00368	0.36311	0.00308	0.00368	0.00368	0.00368
TCG	TCC	GC	0.28528	0.01024	0.01177	-0.28528	0.01362	0.01177	0.01177	0.01177
TCG	TCA	GA	-0.21128	0.03054	0.02743	0.21128	0.02472	0.02743	0.02743	0.02743
TAT	TTT	AT	1.22459	0.00142	0.00247	-1.22459	0.00485	0.00247	0.00247	0.00247
TAT	TCT	AC	-0.22950	0.00329	0.00293	0.22950	0.00261	0.00293	0.00293	0.00293
TAC	TTC	AT	1.38969	0.00895	0.01656	-1.38969	0.03592	0.01656	0.01656	0.01656
TAC	TCC	AC	-0.58235	0.02066	0.01523	0.58235	0.01154	0.01523	0.01523	0.01523
TAC	TAT	CT	-1.00124	0.03396	0.01975	1.00124	0.01248	0.01975	0.01975	0.01975
TGT	TTT	GT	1.10516	0.00189	0.00313	-1.10516	0.00572	0.00313	0.00313	0.00313
TGT	TCT	GC	-0.34894	0.00437	0.00365	0.34894	0.00308	0.00365	0.00365	0.00365
TGT	TAT	GA	-0.11943	0.01304	0.01228	0.11943	0.01157	0.01228	0.01228	0.01228
TGC	TTC	GT	1.02670	0.01518	0.02428	-1.02670	0.04238	0.02428	0.02428	0.02428
TGC	TCC	GC	-0.94534	0.03505	0.02105	0.94534	0.01362	0.02105	0.02105	0.02105
TGC	TAC	GA	-0.36299	0.10454	0.08672	0.36299	0.07272	0.08672	0.08672	0.08672
TGC	TGT	CT	-1.24479	0.05761	0.02901	1.24479	0.01659	0.02901	0.02901	0.02901
TGG	TTG	GT	-0.92271	0.01125	0.00685	0.92271	0.00447	0.00685	0.00685	0.00685
TGG	TCG	GC	-1.00618	0.02597	0.01506	1.00618	0.00949	0.01506	0.01506	0.01506
TGG	TGT	GT	-1.02035	0.01125	0.00647	1.02035	0.00405	0.00647	0.00647	0.00647
TGG	TGC	GC	0.22444	0.02597	0.02899	-0.22444	0.03250	0.02899	0.02899	0.02899
CTT	TTT	CT	0.70098	0.01161	0.01615	-0.70098	0.02340	0.01615	0.01615	0.01615
CTC	TTC	CT	1.09678	0.05791	0.09536	-1.09678	0.17342	0.09536	0.09536	0.09536
CTC	CTT	CT	-0.77053	0.05791	0.03844	0.77053	0.02680	0.03844	0.03844	0.03844
CTA	TTA	CT	-1.73513	0.00884	0.00329	1.73513	0.00156	0.00329	0.00329	0.00329
CTA	CTT	AT	0.86791	0.00233	0.00349	-0.86791	0.00555	0.00349	0.00349	0.00349
CTA	CTC	AC	1.63845	0.00538	0.01094	-1.63845	0.02770	0.01094	0.01094	0.01094
CTG	TTG	CT	-2.26860	0.17681	0.04629	2.26860	0.01829	0.04629	0.04629	0.04629
CTG	CTT	GT	-1.96207	0.04659	0.01495	1.96207	0.00655	0.01495	0.01495	0.01495
CTG	CTC	GC	-1.19153	0.10758	0.05592	1.19153	0.03268	0.05592	0.05592	0.05592
CTG	CTA	GA	-2.82998	0.32088	0.05695	2.82998	0.01894	0.05695	0.05695	0.05695
CCT	TCT	CT	-0.33115	0.01757	0.01482	0.33115	0.01262	0.01482	0.01482	0.01482
CCT	CTT	CT	0.42196	0.01757	0.02154	-0.42196	0.02680	0.02154	0.02154	0.02154
CCC	TCC	CT	0.06949	0.05199	0.05381	-0.06949	0.05573	0.05381	0.05381	0.05381
CCC	CTC	CT	0.94475	0.05199	0.08035	-0.94475	0.13372	0.08035	0.08035	0.08035
CCC	CCT	CT	-0.24774	0.05199	0.04581	0.24774	0.04058	0.04581	0.04581	0.04581
CCA	TCA	CT	0.55921	0.01524	0.01990	-0.55921	0.02666	0.01990	0.01990	0.01990
CCA	CTA	CT	0.29259	0.01524	0.01758	-0.29259	0.02042	0.01758	0.01758	0.01758
CCA	CCT	AT	0.73854	0.00402	0.00568	-0.73854	0.00840	0.00568	0.00568	0.00568
CCA	CCC	AC	0.98629	0.00927	0.01458	-0.98629	0.02486	0.01458	0.01458	0.01458
CCG	TCG	CT	0.65024	0.02028	0.02758	-0.65024	0.03885	0.02758	0.02758	0.02758
CCG	CTG	CT	3.00231	0.02028	0.06406	-3.00231	0.40824	0.06406	0.06406	0.06406
CCG	CCT	GT	0.61829	0.00534	0.00716	-0.61829	0.00992	0.00716	0.00716	0.00716
CCG	CCC	GC	0.86603	0.01234	0.01844	-0.86603	0.02933	0.01844	0.01844	0.01844
CCG	CCA	GA	-0.12026	0.03680	0.03463	0.12026	0.03263	0.03463	0.03463	0.03463
CAT	TAT	CT	0.82549	0.00547	0.00803	-0.82549	0.01248	0.00803	0.00803	0.00803
CAT	CTT	AT	1.34909	0.00144	0.00262	-1.34909	0.00555	0.00262	0.00262	0.00262
CAT	CCT	AC	0.92714	0.00333	0.00510	-0.92714	0.00840	0.00510	0.00510	0.00510
CAC	TAC	CT	0.63005	0.04176	0.05629	-0.63005	0.07842	0.05629	0.05629	0.05629
CAC	CTC	AT	0.92295	0.01100	0.01685	-0.92295	0.02770	0.01685	0.01685	0.01685
CAC	CCC	AC	-0.02179	0.02541	0.02513	0.02179	0.02486	0.02513	0.02513	0.02513
CAC	CAT	CT	-1.19667	0.04176	0.02164	1.19667	0.01262	0.02164	0.02164	0.02164
CAA	CTA	AT	1.31730	0.00113	0.00204	-1.31730	0.00423	0.00204	0.00204	0.00204
CAA	CCA	AC	1.02471	0.00262	0.00418	-1.02471	0.00729	0.00418	0.00418	0.00418
CAA	CAT	AT	0.83612	0.00113	0.00167	-0.83612	0.00261	0.00167	0.00167	0.00167
CAA	CAC	AC	2.03279	0.00262	0.00612	-2.03279	0.01997	0.00612	0.00612	0.00612
CAG	CTG	AT	1.34962	0.02193	0.03996	-1.34962	0.08456	0.03996	0.03996	0.03996
CAG	CCG	AC	-1.65268	0.05063	0.01982	1.65268	0.00970	0.01982	0.01982	0.01982
CAG	CAT	GT	-1.96153	0.02193	0.00704	1.96153	0.00308	0.00704	0.00704	0.00704
CAG	CAC	GC	-0.76486	0.05063	0.03371	0.76486	0.02356	0.03371	0.03371	0.03371
CAG	CAA	GA	-2.79766	0.15102	0.02742	2.79766	0.00921	0.02742	0.02742	0.02742
CGT	TGT	CT	0.56852	0.00940	0.01232	-0.56852	0.01659	0.01232	0.01232	0.01232
CGT	CTT	GT	0.97270	0.00248	0.00387	-0.97270	0.00655	0.00387	0.00387	0.00387
CGT	CCT	GC	0.55074	0.00572	0.00744	-0.55074	0.00992	0.00744	0.00744	0.00744
CGT	CAT	GA	-0.37640	0.01705	0.01404	0.37640	0.01170	0.01404	0.01404	0.01404
CGC	TGC	CT	1.24760	0.03820	0.06686	-1.24760	0.13301	0.06686	0.06686	0.06686
CGC	CTC	GT	1.17751	0.01007	0.01713	-1.17751	0.03268	0.01713	0.01713	0.01713
CGC	CCC	GC	0.23276	0.02324	0.02605	-0.23276	0.02933	0.02605	0.02605	0.02605
CGC	CAC	GA	0.25456	0.06932	0.07852	-0.25456	0.08942	0.07852	0.07852	0.07852
CGC	CGT	CT	-0.56572	0.03820	0.02841	0.56572	0.02170	0.02841	0.02841	0.02841
CGA	CTA	GT	1.77996	0.00084	0.00180	-1.77996	0.00499	0.00180	0.00180	0.00180
CGA	CCA	GC	1.48737	0.00194	0.00373	-1.48737	0.00860	0.00373	0.00373	0.00373
CGA	CAA	GA	0.46266	0.00580	0.00724	-0.46266	0.00921	0.00724	0.00724	0.00724
CGA	CGT	AT	1.67518	0.00084	0.00173	-1.67518	0.00449	0.00173	0.00173	0.00173
CGA	CGC	AC	2.24089	0.00194	0.00487	-2.24089	0.01827	0.00487	0.00487	0.00487
CGG	TGG	CT	1.15022	0.03120	0.05251	-1.15022	0.09855	0.05251	0.05251	0.05251
CGG	CTG	GT	2.49610	0.00822	0.02236	-2.49610	0.09976	0.02236	0.02236	0.02236
CGG	CCG	GC	-0.50620	0.01898	0.01458	0.50620	0.01144	0.01458	0.01458	0.01458
CGG	CAG	GA	1.14648	0.05662	0.09514	-1.14648	0.17818	0.09514	0.09514	0.09514
CGG	CGT	GT	-0.43866	0.00822	0.00655	0.43866	0.00530	0.00655	0.00655	0.00655
CGG	CGC	GC	0.12706	0.01898	0.02021	-0.12706	0.02155	0.02021	0.02021	0.02021
CGG	CGA	GA	-2.11383	0.05662	0.01644	2.11383	0.00684	0.01644	0.01644	0.01644
ATT	TTT	AT	1.49704	0.00108	0.00209	-1.49704	0.00485	0.00209	0.00209	0.00209
ATT	CTT	AC	0.79606	0.00250	0.00363	-0.79606	0.00555	0.00363	0.00363	0.00363
ATC	TTC	AT	1.71339	0.00647	0.01353	-1.71339	0.03592	0.01353	0.01353	0.01353
ATC	CTC	AC	0.61660	0.01495	0.02003	-0.61660	0.02770	0.02003	0.02003	0.02003
ATC	ATT	CT	-0.94999	0.02457	0.01472	0.94999	0.00950	0.01472	0.01472	0.01472
ATA	TTA	AT	-0.26441	0.00042	0.00037	0.26441	0.00032	0.00037	0.00037	0.00037
ATA	CTA	AC	1.47072	0.00097	0.00186	-1.47072	0.00423	0.00186	0.00186	0.00186
ATA	ATT	AT	1.54258	0.00042	0.00083	-1.54258	0.00197	0.00083	0.00083	0.00083
ATA	ATC	AC	2.49256	0.00097	0.00264	-2.49256	0.01175	0.00264	0.00264	0.00264
ATG	TTG	AT	-0.92791	0.00958	0.00581	0.92791	0.00379	0.00581	0.00581	0.00581
ATG	CTG	AC	1.34069	0.02213	0.04018	-1.34069	0.08456	0.04018	0.04018	0.04018
ATG	ATT	GT	-1.41743	0.00958	0.00434	1.41743	0.00232	0.00434	0.00434	0.00434
ATG	ATC	GC	-0.46744	0.02213	0.01736	0.46744	0.01386	0.01736	0.01736	0.01736
ATG	ATA	GA	-2.96001	0.06599	0.01068	2.96001	0.00342	0.01068	0.01068	0.01068
ACT	TCT	AT	0.97355	0.00099	0.00154	-0.97355	0.00261	0.00154	0.00154	0.00154
ACT	CCT	AC	1.30470	0.00228	0.00408	-1.30470	0.00840	0.00408	0.00408	0.00408
ACT	ATT	CT	0.93060	0.00375	0.00576	-0.93060	0.00950	0.00576	0.00576	0.00576
ACC	TCC	AT	0.35299	0.00811	0.00962	-0.35299	0.01154	0.00962	0.00962	0.00962
ACC	CCC	AC	0.28350	0.01872	0.02150	-0.28350	0.02486	0.02150	0.02150	0.02150
ACC	ATC	CT	0.61164	0.03077	0.04114	-0.61164	0.05673	0.04114	0.04114	0.04114
ACC	ACT	CT	-1.26895	0.03077	0.01527	1.26895	0.00865	0.01527	0.01527	0.01527
ACA	TCA	AT	0.19032	0.00456	0.00501	-0.19032	0.00552	0.00501	0.00501	0.00501
ACA	CCA	AC	-0.36889	0.01054	0.00871	0.36889	0.00729	0.00871	0.00871	0.00871
ACA	ATA	CT	-1.54702	0.01732	0.00725	1.54702	0.00369	0.00725	0.00725	0.00725
ACA	ACT	AT	-0.93505	0.00456	0.00276	0.93505	0.00179	0.00276	0.00276	0.00276
ACA	ACC	AC	0.33389	0.01054	0.01240	-0.33389	0.01472	0.01240	0.01240	0.01240
ACG	TCG	AT	0.32281	0.00583	0.00682	-0.32281	0.00805	0.00682	0.00682	0.00682
ACG	CCG	AC	-0.32742	0.01345	0.01137	0.32742	0.00970	0.01137	0.01137	0.01137
ACG	ATG	CT	1.33419	0.02211	0.04005	-1.33419	0.08396	0.04005	0.04005	0.04005
ACG	ACT	GT	-1.01384	0.00583	0.00336	1.01384	0.00211	0.00336	0.00336	0.00336
ACG	ACC	GC	0.25510	0.01345	0.01524	-0.25510	0.01736	0.01524	0.01524	0.01524
ACG	ACA	GA	-0.07879	0.04013	0.03857	0.07879	0.03709	0.03857	0.03857	0.03857
AAT	TAT	AT	0.40969	0.00172	0.00209	-0.40969	0.00258	0.00209	0.00209	0.00209
AAT	CAT	AC	-0.41580	0.00396	0.00319	0.41580	0.00261	0.00319	0.00319	0.00319
AAT	ATT	AT	0.13723	0.00172	0.00184	-0.13723	0.00197	0.00184	0.00184	0.00184
AAT	ACT	AC	-0.79337	0.00396	0.00260	0.79337	0.00179	0.00260	0.00260	0.00260
AAC	TAC	AT	0.38027	0.01110	0.01335	-0.38027	0.01624	0.01335	0.01335	0.01335
AAC	CAC	AC	-0.24978	0.02564	0.02257	0.24978	0.01997	0.02257	0.02257	0.02257
AAC	ATC	AT	0.05657	0.01110	0.01142	-0.05657	0.01175	0.01142	0.01142	0.01142
AAC	ACC	AC	-0.55508	0.02564	0.01918	0.55508	0.01472	0.01918	0.01918	0.01918
AAC	AAT	CT	-1.03065	0.04214	0.02409	1.03065	0.01503	0.02409	0.02409	0.02409
AAA	CAA	AC	-0.21201	0.00254	0.00228	0.21201	0.00206	0.00228	0.00228	0.00228
AAA	ATA	AT	-0.36543	0.00110	0.00091	0.36543	0.00076	0.00091	0.00091	0.00091
AAA	ACA	AC	1.18160	0.00254	0.00433	-1.18160	0.00828	0.00433	0.00433	0.00433
AAA	AAT	AT	1.03991	0.00110	0.00177	-1.03991	0.00311	0.00177	0.00177	0.00177
AAA	AAC	AC	2.07057	0.00254	0.00602	-2.07057	0.02015	0.00602	0.00602	0.00602
AAG	CAG	AC	0.74402	0.01891	0.02681	-0.74402	0.03980	0.02681	0.02681	0.02681
AAG	ATG	AT	0.75295	0.00819	0.01166	-0.75295	0.01739	0.01166	0.01166	0.01166
AAG	ACG	AC	-0.58124	0.01891	0.01394	0.58124	0.01058	0.01394	0.01394	0.01394
AAG	AAT	GT	-0.80171	0.00819	0.00534	0.80171	0.00367	0.00534	0.00534	0.00534
AAG	AAC	GC	0.22894	0.01891	0.02116	-0.22894	0.02378	0.02116	0.02116	0.02116
AAG	AAA	GA	-1.84162	0.05641	0.01957	1.84162	0.00894	0.01957	0.01957	0.01957
AGT	TGT	AT	0.67583	0.00175	0.00240	-0.67583	0.00344	0.00240	0.00240	0.00240
AGT	CGT	AC	0.10731	0.00404	0.00426	-0.10731	0.00449	0.00426	0.00426	0.00426
AGT	ATT	GT	0.28395	0.00175	0.00201	-0.28395	0.00232	0.00201	0.00201	0.00201
AGT	ACT	GC	-0.64666	0.00404	0.00287	0.64666	0.00211	0.00287	0.00287	0.00287
AGT	AAT	GA	0.14671	0.01204	0.01294	-0.14671	0.01394	0.01294	0.01294	0.01294
AGC	TGC	AT	0.46599	0.01729	0.02163	-0.46599	0.02755	0.02163	0.02163	0.02163
AGC	CGC	AC	-0.78160	0.03991	0.02633	0.78160	0.01827	0.02633	0.02633	0.02633
AGC	ATC	GT	-0.22069	0.01729	0.01545	0.22069	0.01386	0.01545	0.01545	0.01545
AGC	ACC	GC	-0.83234	0.03991	0.02558	0.83234	0.01736	0.02558	0.02558	0.02558
AGC	AAC	GA	-0.27726	0.11906	0.10331	0.27726	0.09023	0.10331	0.10331	0.10331
AGC	AGT	CT	-1.45463	0.06560	0.02907	1.45463	0.01532	0.02907	0.02907	0.02907
AGA	CGA	AC	0.93766	0.00060	0.00092	-0.93766	0.00153	0.00092	0.00092	0.00092
AGA	ATA	GT	1.24689	0.00026	0.00045	-1.24689	0.00090	0.00045	0.00045	0.00045
AGA	ACA	GC	2.79392	0.00060	0.00178	-2.79392	0.00977	0.00178	0.00178	0.00178
AGA	AAA	GA	1.61232	0.00178	0.00359	-1.61232	0.00894	0.00359	0.00359	0.00359
AGA	AGT	AT	2.50552	0.00026	0.00071	-2.50552	0.00317	0.00071	0.00071	0.00071
AGA	AGC	AC	3.96015	0.00060	0.00241	-3.96015	0.03137	0.00241	0.00241	0.00241
AGG	TGG	AT	1.38396	0.00511	0.00945	-1.38396	0.02041	0.00945	0.00945	0.00945
AGG	CGG	AC	0.23374	0.01181	0.01324	-0.23374	0.01492	0.01324	0.01324	0.01324
AGG	ATG	GT	1.38915	0.00511	0.00946	-1.38915	0.02052	0.00946	0.00946	0.00946
AGG	ACG	GC	0.05496	0.01181	0.01214	-0.05496	0.01248	0.01214	0.01214	0.01214
AGG	AAG	GA	0.63620	0.03523	0.04761	-0.63620	0.06655	0.04761	0.04761	0.04761
AGG	AGT	GT	-0.31222	0.00511	0.00436	0.31222	0.00374	0.00436	0.00436	0.00436
AGG	AGC	GC	1.14240	0.01181	0.01981	-1.14240	0.03702	0.01981	0.01981	0.01981
AGG	AGA	GA	-2.81775	0.03523	0.00631	2.81775	0.00210	0.00631	0.00631	0.00631
GTT	TTT	GT	2.01718	0.00076	0.00177	-2.01718	0.00572	0.00177	0.00177	0.00177
GTT	CTT	GC	1.31620	0.00176	0.00316	-1.31620	0.00655	0.00316	0.00316	0.00316
GTT	ATT	GA	0.52014	0.00524	0.00672	-0.52014	0.00881	0.00672	0.00672	0.00672
GTC	TTC	GT	1.78823	0.00709	0.01522	-1.78823	0.04238	0.01522	0.01522	0.01522
GTC	CTC	GC	0.69145	0.01637	0.02267	-0.69145	0.03268	0.02267	0.02267	0.02267
GTC	ATC	GA	0.07484	0.04882	0.05067	-0.07484	0.05261	0.05067	0.05067	0.05067
GTC	GTT	CT	-1.39529	0.02690	0.01236	1.39529	0.00666	0.01236	0.01236	0.01236
GTA	TTA	GT	-0.47830	0.00061	0.00048	0.47830	0.00038	0.00048	0.00048	0.00048
GTA	CTA	GC	1.25683	0.00142	0.00249	-1.25683	0.00499	0.00249	0.00249	0.00249
GTA	ATA	GA	-0.21389	0.00424	0.00380	0.21389	0.00342	0.00380	0.00380	0.00380
GTA	GTT	AT	0.80854	0.00061	0.00090	-0.80854	0.00138	0.00090	0.00090	0.00090
GTA	GTC	AC	2.20383	0.00142	0.00352	-2.20383	0.01286	0.00352	0.00352	0.00352
GTG	TTG	GT	-1.82830	0.02782	0.00974	1.82830	0.00447	0.00974	0.00974	0.00974
GTG	CTG	GC	0.44030	0.06423	0.07941	-0.44030	0.09976	0.07941	0.07941	0.07941
GTG	ATG	GA	-0.90039	0.19159	0.11811	0.90039	0.07786	0.11811	0.11811	0.11811
GTG	GTT	GT	-2.83796	0.02782	0.00491	2.83796	0.00163	0.00491	0.00491	0.00491
GTG	GTC	GC	-1.44268	0.06423	0.02867	1.44268	0.01518	0.02867	0.02867	0.02867
GTG	GTA	GA	-3.64651	0.19159	0.01871	3.64651	0.00500	0.01871	0.01871	0.01871
GCT	TCT	GT	-0.70840	0.00626	0.00430	0.70840	0.00308	0.00430	0.00430	0.00430
GCT	CCT	GC	-0.37725	0.01446	0.01190	0.37725	0.00992	0.01190	0.01190	0.01190
GCT	ACT	GA	-1.68195	0.04313	0.01658	1.68195	0.00802	0.01658	0.01658	0.01658
GCT	GTT	CT	-1.27149	0.02377	0.01178	1.27149	0.00666	0.01178	0.01178	0.01178
GCC	TCC	GT	-0.75254	0.02890	0.01938	0.75254	0.01362	0.01938	0.01938	0.01938
GCC	CCC	GC	-0.82203	0.06674	0.04302	0.82203	0.02933	0.04302	0.04302	0.04302
GCC	ACC	GA	-1.10553	0.19906	0.10890	1.10553	0.06589	0.10890	0.10890	0.10890
GCC	GTC	CT	-0.56873	0.10968	0.08143	0.56873	0.06211	0.08143	0.08143	0.08143
GCC	GCT	CT	-0.69252	0.10968	0.07605	0.69252	0.05488	0.07605	0.07605	0.07605
GCA	TCA	GT	0.44875	0.00416	0.00516	-0.44875	0.00651	0.00516	0.00516	0.00516
GCA	CCA	GC	-0.11046	0.00960	0.00908	0.11046	0.00860	0.00908	0.00908	0.00908
GCA	ACA	GA	0.25843	0.02864	0.03250	-0.25843	0.03709	0.03250	0.03250	0.03250
GCA	GTA	CT	-1.07470	0.01578	0.00879	1.07470	0.00539	0.00879	0.00879	0.00879
GCA	GCT	AT	1.00533	0.00416	0.00659	-1.00533	0.01137	0.00659	0.00659	0.00659
GCA	GCC	AC	1.69785	0.00960	0.01996	-1.69785	0.05245	0.01996	0.01996	0.01996
GCG	TCG	GT	0.59069	0.00526	0.00697	-0.59069	0.00949	0.00697	0.00697	0.00697
GCG	CCG	GC	-0.05955	0.01214	0.01179	0.05955	0.01144	0.01179	0.01179	0.01179
GCG	ACG	GA	0.26788	0.03622	0.04129	-0.26788	0.04735	0.04129	0.04129	0.04129
GCG	GTG	CT	2.50246	0.01996	0.05440	-2.50246	0.24375	0.05440	0.05440	0.05440
GCG	GCT	GT	0.93599	0.00526	0.00810	-0.93599	0.01341	0.00810	0.00810	0.00810
GCG	GCC	GC	1.62851	0.01214	0.02460	-1.62851	0.06189	0.02460	0.02460	0.02460
GCG	GCA	GA	-0.06934	0.03622	0.03498	0.06934	0.03380	0.03498	0.03498	0.03498
GAT	TAT	GT	0.29708	0.00227	0.00262	-0.29708	0.00305	0.00262	0.00262	0.00262
GAT	CAT	GC	-0.52841	0.00523	0.00397	0.52841	0.00308	0.00397	0.00397	0.00397
GAT	AAT	GA	-0.11260	0.01560	0.01474	0.11260	0.01394	0.01474	0.01474	0.01474
GAT	GTT	AT	-0.49551	0.00227	0.00175	0.49551	0.00138	0.00175	0.00175	0.00175
GAT	GCT	AC	0.77598	0.00523	0.00752	-0.77598	0.01137	0.00752	0.00752	0.00752
GAC	TAC	GT	0.32331	0.01387	0.01623	-0.32331	0.01916	0.01623	0.01623	0.01623
GAC	CAC	GC	-0.30674	0.03202	0.02736	0.30674	0.02356	0.02736	0.02736	0.02736
GAC	AAC	GA	-0.05696	0.09552	0.09282	0.05696	0.09023	0.09282	0.09282	0.09282
GAC	GTC	AT	-0.07524	0.01387	0.01335	0.07524	0.01286	0.01335	0.01335	0.01335
GAC	GCC	AC	0.49349	0.03202	0.04057	-0.49349	0.05245	0.04057	0.04057	0.04057
GAC	GAT	CT	-0.97501	0.05263	0.03108	0.97501	0.01985	0.03108	0.03108	0.03108
GAA	CAA	GC	-0.01656	0.00247	0.00245	0.01656	0.00243	0.00245	0.00245	0.00245
GAA	AAA	GA	0.19545	0.00736	0.00810	-0.19545	0.00894	0.00810	0.00810	0.00810
GAA	GTA	AT	0.04391	0.00107	0.00109	-0.04391	0.00112	0.00109	0.00109	0.00109
GAA	GCA	AC	1.11862	0.00247	0.00410	-1.11862	0.00755	0.00410	0.00410	0.00410
GAA	GAT	AT	1.34797	0.00107	0.00195	-1.34797	0.00411	0.00195	0.00195	0.00195
GAA	GAC	AC	2.32298	0.00247	0.00635	-2.32298	0.02517	0.00635	0.00635	0.00635
GAG	CAG	GC	0.14131	0.04077	0.04371	-0.14131	0.04695	0.04371	0.04371	0.04371
GAG	AAG	GA	-0.60271	0.12160	0.08861	0.60271	0.06655	0.08861	0.08861	0.08861
GAG	GTG	AT	1.05063	0.01766	0.02853	-1.05063	0.05049	0.02853	0.02853	0.02853
GAG	GCG	AC	-1.45183	0.04077	0.01809	1.45183	0.00955	0.01809	0.01809	0.01809
GAG	GAT	GT	-1.29182	0.01766	0.00864	1.29182	0.00485	0.00864	0.00864	0.00864
GAG	GAC	GC	-0.31681	0.04077	0.03465	0.31681	0.02970	0.03465	0.03465	0.03465
GAG	GAA	GA	-2.63979	0.12160	0.02467	2.63979	0.00868	0.02467	0.02467	0.02467
GGT	TGT	GT	0.61829	0.00218	0.00293	-0.61829	0.00405	0.00293	0.00293	0.00293
GGT	CGT	GC	0.04976	0.00504	0.00517	-0.04976	0.00530	0.00517	0.00517	0.00517
GGT	AGT	GA	-0.05755	0.01505	0.01462	0.05755	0.01420	0.01462	0.01462	0.01462
GGT	GTT	GT	-0.29374	0.00218	0.00188	0.29374	0.00163	0.00188	0.00188	0.00188
GGT	GCT	GC	0.97775	0.00504	0.00791	-0.97775	0.01341	0.00791	0.00791	0.00791
GGT	GAT	GA	0.20177	0.01505	0.01662	-0.20177	0.01841	0.01662	0.01662	0.01662
GGC	TGC	GT	0.36377	0.02259	0.02695	-0.36377	0.03250	0.02695	0.02695	0.02695
GGC	CGC	GC	-0.88383	0.05216	0.03246	0.88383	0.02155	0.03246	0.03246	0.03246
GGC	AGC	GA	-0.10222	0.15559	0.14777	0.10222	0.14047	0.14777	0.14777	0.14777
GGC	GTC	GT	-0.39776	0.02259	0.01840	0.39776	0.01518	0.01840	0.01840	0.01840
GGC	GCC	GC	0.17097	0.05216	0.05675	-0.17097	0.06189	0.05675	0.05675	0.05675
GGC	GAC	GA	-0.32252	0.15559	0.13185	0.32252	0.11270	0.13185	0.13185	0.13185
GGC	GGT	CT	-1.49931	0.08573	0.03695	1.49931	0.01914	0.03695	0.03695	0.03695
GGA	CGA	GC	-0.90328	0.00445	0.00274	0.90328	0.00180	0.00274	0.00274	0.00274
GGA	AGA	GA	-1.84094	0.01326	0.00460	1.84094	0.00210	0.00460	0.00460	0.00460
GGA	GTA	GT	-0.38015	0.00193	0.00158	0.38015	0.00132	0.00158	0.00158	0.00158
GGA	GCA	GC	0.69455	0.00445	0.00617	-0.69455	0.00891	0.00617	0.00617	0.00617
GGA	GAA	GA	-0.42406	0.01326	0.01065	0.42406	0.00868	0.01065	0.01065	0.01065
GGA	GGT	AT	0.72213	0.00193	0.00270	-0.72213	0.00396	0.00270	0.00270	0.00270
GGA	GGC	AC	2.22144	0.00445	0.01108	-2.22144	0.04100	0.01108	0.01108	0.01108
GGG	TGG	GT	0.85167	0.01028	0.01527	-0.85167	0.02408	0.01527	0.01527	0.01527
GGG	CGG	GC	-0.29854	0.02373	0.02036	0.29854	0.01760	0.02036	0.02036	0.02036
GGG	AGG	GA	-0.53228	0.07077	0.05360	0.53228	0.04156	0.05360	0.05360	0.05360
GGG	GTG	GT	1.75726	0.01028	0.02182	-1.75726	0.05957	0.02182	0.02182	0.02182
GGG	GCG	GC	-0.74520	0.02373	0.01597	0.74520	0.01126	0.01597	0.01597	0.01597
GGG	GAG	GA	0.70663	0.07077	0.09870	-0.70663	0.14347	0.09870	0.09870	0.09870
GGG	GGT	GT	-0.78696	0.01028	0.00676	0.78696	0.00468	0.00676	0.00676	0.00676
GGG	GGC	GC	0.71234	0.02373	0.03317	-0.71234	0.04837	0.03317	0.03317	0.03317
GGG	GGA	GA	-1.50910	0.07077	0.03032	1.50910	0.01565	0.03032	0.03032	0.03032


Histograms
2Ns	FMut	FSub(CodonUsage)	FSubw(after w)

-4.25749	0.00263	0.00017	0.00017
-3.83174	0.01631	0.00195	0.00195
-3.40599	0.00035	0.00006	0.00006
-2.98024	0.07453	0.01587	0.01587
-2.55449	0.03511	0.00966	0.00966
-2.12874	0.05024	0.01834	0.01834
-1.70300	0.04967	0.02437	0.02437
-1.27725	0.13578	0.08682	0.08682
-0.85150	0.13183	0.10589	0.10589
-0.42575	0.15967	0.16253	0.16253
0.00000	0.11815	0.14867	0.14867
0.42575	0.10617	0.16253	0.16253
0.85150	0.05697	0.10589	0.10589
1.27725	0.03972	0.08682	0.08682
1.70300	0.00945	0.02437	0.02437
2.12874	0.00607	0.01834	0.01834
2.55449	0.00279	0.00966	0.00966
2.98024	0.00411	0.01587	0.01587
3.40599	0.00001	0.00006	0.00006
3.83174	0.00041	0.00195	0.00195
4.25749	0.00003	0.00017	0.00017

Proportion of advantageous (S > 0) mutations:
 0.28181

Proportions of good & bad mutations (|S| > 2.0000) among mutations:
0.01094  0.16147

mean |Ns| = 1.11316	mean Ns+ = 0.68461	mean Ns- = -1.28132

