Supplemental results for CODEML (seqf: ../TAS1R1_DNA_alignment.fa  treef: TAS1R1_ML.raxml.bestTree)

I	J	ij	2Ns_IJ	pMut_IJ	pSub_IJ	2Ns_JI	pMut_JI	pSub_JI

TTC	TTT	CT	0.33415	0.08801	0.10353	-0.33415	0.12293	0.10353	0.10353	0.10353
TTA	TTT	AT	4.49598	0.00029	0.00134	-4.49598	0.02638	0.00134	0.00134	0.00134
TTA	TTC	AC	4.16183	0.00089	0.00375	-4.16183	0.05692	0.00375	0.00375	0.00375
TTG	TTT	GT	1.56247	0.00381	0.00753	-1.56247	0.01817	0.00753	0.00753	0.00753
TTG	TTC	GC	1.22832	0.01148	0.01993	-1.22832	0.03920	0.01993	0.01993	0.01993
TTG	TTA	GA	-2.93351	0.05076	0.00837	2.93351	0.00270	0.00837	0.00837	0.00837
TCT	TTT	CT	1.33645	0.03230	0.05856	-1.33645	0.12293	0.05856	0.05856	0.05856
TCC	TTC	CT	1.53943	0.05689	0.11150	-1.53943	0.26522	0.11150	0.11150	0.11150
TCC	TCT	CT	0.53713	0.05689	0.07353	-0.53713	0.09735	0.07353	0.07353	0.07353
TCA	TTA	CT	-1.03346	0.01132	0.00646	1.03346	0.00403	0.00646	0.00646	0.00646
TCA	TCT	AT	2.12607	0.00249	0.00602	-2.12607	0.02089	0.00602	0.00602	0.00602
TCA	TCC	AC	1.58894	0.00751	0.01500	-1.58894	0.03679	0.01500	0.01500	0.01500
TCG	TTG	CT	2.64662	0.00369	0.01052	-2.64662	0.05210	0.01052	0.01052	0.01052
TCG	TCT	GT	2.87264	0.00081	0.00248	-2.87264	0.01439	0.00248	0.00248	0.00248
TCG	TCC	GC	2.33551	0.00245	0.00634	-2.33551	0.02534	0.00634	0.00634	0.00634
TCG	TCA	GA	0.74657	0.01084	0.01539	-0.74657	0.02288	0.01539	0.01539	0.01539
TAT	TTT	AT	1.36285	0.00675	0.01237	-1.36285	0.02638	0.01237	0.01237	0.01237
TAT	TCT	AC	0.02640	0.02035	0.02062	-0.02640	0.02089	0.02062	0.02062	0.02062
TAC	TTC	AT	1.72486	0.01014	0.02129	-1.72486	0.05692	0.02129	0.02129	0.02129
TAC	TCC	AC	0.18543	0.03057	0.03349	-0.18543	0.03679	0.03349	0.03349	0.03349
TAC	TAT	CT	0.69616	0.04605	0.06392	-0.69616	0.09237	0.06392	0.06392	0.06392
TGT	TTT	GT	0.89212	0.00744	0.01125	-0.89212	0.01817	0.01125	0.01125	0.01125
TGT	TCT	GC	-0.44433	0.02243	0.01782	0.44433	0.01439	0.01782	0.01782	0.01782
TGT	TAT	GA	-0.47074	0.09923	0.07770	0.47074	0.06197	0.07770	0.07770	0.07770
TGC	TTC	GT	1.13753	0.01257	0.02104	-1.13753	0.03920	0.02104	0.02104	0.02104
TGC	TCC	GC	-0.40190	0.03787	0.03077	0.40190	0.02534	0.03077	0.03077	0.03077
TGC	TAC	GA	-0.58733	0.16750	0.12310	0.58733	0.09310	0.12310	0.12310	0.12310
TGC	TGT	CT	0.57957	0.05705	0.07517	-0.57957	0.10185	0.07517	0.07517	0.07517
TGG	TTG	GT	-0.40516	0.01155	0.00936	0.40516	0.00770	0.00936	0.00936	0.00936
TGG	TCG	GC	-3.05178	0.03479	0.00527	3.05178	0.00164	0.00527	0.00527	0.00527
TGG	TGT	GT	0.26519	0.01155	0.01314	-0.26519	0.01505	0.01314	0.01314	0.01314
TGG	TGC	GC	-0.31438	0.03479	0.02961	0.31438	0.02541	0.02961	0.02961	0.02961
CTT	TTT	CT	1.33159	0.03246	0.05873	-1.33159	0.12293	0.05873	0.05873	0.05873
CTC	TTC	CT	1.39919	0.06546	0.12159	-1.39919	0.26522	0.12159	0.12159	0.12159
CTC	CTT	CT	0.40175	0.06546	0.07948	-0.40175	0.09782	0.07948	0.07948	0.07948
CTA	TTA	CT	-1.43893	0.01697	0.00759	1.43893	0.00403	0.00759	0.00759	0.00759
CTA	CTT	AT	1.72546	0.00374	0.00785	-1.72546	0.02099	0.00785	0.00785	0.00785
CTA	CTC	AC	1.32371	0.01127	0.02032	-1.32371	0.04233	0.02032	0.02032	0.02032
CTG	TTG	CT	-1.03639	0.14686	0.08368	1.03639	0.05210	0.08368	0.08368	0.08368
CTG	CTT	GT	-0.80552	0.03235	0.02105	0.80552	0.01446	0.02105	0.02105	0.02105
CTG	CTC	GC	-1.20726	0.09749	0.05021	1.20726	0.02915	0.05021	0.05021	0.05021
CTG	CTA	GA	-2.53098	0.43121	0.09436	2.53098	0.03432	0.09436	0.09436	0.09436
CCT	TCT	CT	0.93758	0.03812	0.05874	-0.93758	0.09735	0.05874	0.05874	0.05874
CCT	CTT	CT	0.94244	0.03812	0.05886	-0.94244	0.09782	0.05886	0.05886	0.05886
CCC	TCC	CT	1.28105	0.04762	0.08446	-1.28105	0.17145	0.08446	0.08446	0.08446
CCC	CTC	CT	1.42129	0.04762	0.08922	-1.42129	0.19726	0.08922	0.08922	0.08922
CCC	CCT	CT	0.88060	0.04762	0.07162	-0.88060	0.11487	0.07162	0.07162	0.07162
CCA	TCA	CT	0.67027	0.01744	0.02394	-0.67027	0.03410	0.02394	0.02394	0.02394
CCA	CTA	CT	1.07574	0.01744	0.02848	-1.07574	0.05115	0.02848	0.02848	0.02848
CCA	CCT	AT	1.85876	0.00384	0.00846	-1.85876	0.02465	0.00846	0.00846	0.00846
CCA	CCC	AC	0.97816	0.01158	0.01815	-0.97816	0.03080	0.01815	0.01815	0.01815
CCG	TCG	CT	1.08208	0.00377	0.00617	-1.08208	0.01113	0.00617	0.00617	0.00617
CCG	CTG	CT	4.76510	0.00377	0.01813	-4.76510	0.44259	0.01813	0.01813	0.01813
CCG	CCT	GT	3.01714	0.00083	0.00264	-3.01714	0.01698	0.00264	0.00264	0.00264
CCG	CCC	GC	2.13654	0.00250	0.00607	-2.13654	0.02121	0.00607	0.00607	0.00607
CCG	CCA	GA	1.15838	0.01107	0.01870	-1.15838	0.03527	0.01870	0.01870	0.01870
CAT	TAT	CT	1.57622	0.01910	0.03795	-1.57622	0.09237	0.03795	0.03795	0.03795
CAT	CTT	AT	1.60748	0.00421	0.00846	-1.60748	0.02099	0.00846	0.00846	0.00846
CAT	CCT	AC	0.66505	0.01268	0.01736	-0.66505	0.02465	0.01736	0.01736	0.01736
CAC	TAC	CT	1.06958	0.04762	0.07754	-1.06958	0.13877	0.07754	0.07754	0.07754
CAC	CTC	AT	1.39525	0.01049	0.01946	-1.39525	0.04233	0.01946	0.01946	0.01946
CAC	CCC	AC	-0.02604	0.03161	0.03120	0.02604	0.03080	0.03120	0.03120	0.03120
CAC	CAT	CT	0.18951	0.04762	0.05227	-0.18951	0.05755	0.05227	0.05227	0.05227
CAA	CTA	AT	1.33438	0.00289	0.00524	-1.33438	0.01098	0.00524	0.00524	0.00524
CAA	CCA	AC	0.25864	0.00871	0.00989	-0.25864	0.01128	0.00989	0.00989	0.00989
CAA	CAT	AT	1.45236	0.00289	0.00548	-1.45236	0.01235	0.00548	0.00548	0.00548
CAA	CAC	AC	1.26284	0.00871	0.01534	-1.26284	0.03080	0.01534	0.01534	0.01534
CAG	CTG	AT	1.61175	0.01895	0.03816	-1.61175	0.09499	0.03816	0.03816	0.03816
CAG	CCG	AC	-3.15335	0.05712	0.00804	3.15335	0.00244	0.00804	0.00804	0.00804
CAG	CAT	GT	-0.80125	0.01895	0.01236	0.80125	0.00851	0.01236	0.01236	0.01236
CAG	CAC	GC	-0.99077	0.05712	0.03342	0.99077	0.02121	0.03342	0.03342	0.03342
CAG	CAA	GA	-2.25361	0.25263	0.06681	2.25361	0.02653	0.06681	0.06681	0.06681
CGT	TGT	CT	3.23510	0.00401	0.01350	-3.23510	0.10185	0.01350	0.01350	0.01350
CGT	CTT	GT	2.79562	0.00088	0.00263	-2.79562	0.01446	0.00263	0.00263	0.00263
CGT	CCT	GC	1.85318	0.00266	0.00585	-1.85318	0.01698	0.00585	0.00585	0.00585
CGT	CAT	GA	1.18814	0.01177	0.02011	-1.18814	0.03861	0.02011	0.02011	0.02011
CGC	TGC	CT	1.78261	0.02892	0.06197	-1.78261	0.17192	0.06197	0.06197	0.06197
CGC	CTC	GT	1.52095	0.00637	0.01240	-1.52095	0.02915	0.01240	0.01240	0.01240
CGC	CCC	GC	0.09966	0.01920	0.02017	-0.09966	0.02121	0.02017	0.02017	0.02017
CGC	CAC	GA	0.12570	0.08490	0.09035	-0.12570	0.09628	0.09035	0.09035	0.09035
CGC	CGT	CT	-0.87293	0.02892	0.01811	0.87293	0.01208	0.01811	0.01811	0.01811
CGA	CTA	GT	1.84517	0.00119	0.00262	-1.84517	0.00756	0.00262	0.00262	0.00262
CGA	CCA	GC	0.76943	0.00360	0.00516	-0.76943	0.00777	0.00516	0.00516	0.00516
CGA	CAA	GA	0.51079	0.01592	0.02033	-0.51079	0.02653	0.02033	0.02033	0.02033
CGA	CGT	AT	0.77501	0.00119	0.00172	-0.77501	0.00259	0.00172	0.00172	0.00172
CGA	CGC	AC	1.64793	0.00360	0.00734	-1.64793	0.01870	0.00734	0.00734	0.00734
CGG	TGG	CT	2.40743	0.01422	0.03763	-2.40743	0.15795	0.03763	0.03763	0.03763
CGG	CTG	GT	3.03866	0.00313	0.01000	-3.03866	0.06541	0.01000	0.01000	0.01000
CGG	CCG	GC	-1.72643	0.00944	0.00353	1.72643	0.00168	0.00353	0.00353	0.00353
CGG	CAG	GA	1.42692	0.04176	0.07841	-1.42692	0.17396	0.07841	0.07841	0.07841
CGG	CGT	GT	-0.56248	0.00313	0.00233	0.56248	0.00179	0.00233	0.00233	0.00233
CGG	CGC	GC	0.31045	0.00944	0.01098	-0.31045	0.01288	0.01098	0.01098	0.01098
CGG	CGA	GA	-1.33749	0.04176	0.01988	1.33749	0.01096	0.01988	0.01988	0.01988
ATT	TTT	AT	1.93993	0.00379	0.00859	-1.93993	0.02638	0.00859	0.00859	0.00859
ATT	CTT	AC	0.60833	0.01143	0.01525	-0.60833	0.02099	0.01525	0.01525	0.01525
ATC	TTC	AT	1.54140	0.01219	0.02390	-1.54140	0.05692	0.02390	0.02390	0.02390
ATC	CTC	AC	0.14221	0.03672	0.03940	-0.14221	0.04233	0.03940	0.03940	0.03940
ATC	ATT	CT	-0.06437	0.05532	0.05356	0.06437	0.05187	0.05356	0.05356	0.05356
ATA	TTA	AT	-1.20768	0.00289	0.00149	1.20768	0.00086	0.00149	0.00149	0.00149
ATA	CTA	AC	0.23124	0.00871	0.00976	-0.23124	0.01098	0.00976	0.00976	0.00976
ATA	ATT	AT	1.34837	0.00289	0.00526	-1.34837	0.01113	0.00526	0.00526	0.00526
ATA	ATC	AC	1.41274	0.00871	0.01627	-1.41274	0.03578	0.01627	0.01627	0.01627
ATG	TTG	AT	0.26213	0.00860	0.00978	-0.26213	0.01118	0.00978	0.00978	0.00978
ATG	CTG	AC	1.29853	0.02592	0.04630	-1.29853	0.09499	0.04630	0.04630	0.04630
ATG	ATT	GT	-0.11532	0.00860	0.00812	0.11532	0.00767	0.00812	0.00812	0.00812
ATG	ATC	GC	-0.05095	0.02592	0.02527	0.05095	0.02464	0.02527	0.02527	0.02527
ATG	ATA	GA	-1.46369	0.11467	0.05052	1.46369	0.02653	0.05052	0.05052	0.05052
ACT	TCT	AT	1.25214	0.00597	0.01047	-1.25214	0.02089	0.01047	0.01047	0.01047
ACT	CCT	AC	0.31456	0.01800	0.02098	-0.31456	0.02465	0.02098	0.02098	0.02098
ACT	ATT	CT	0.64867	0.02711	0.03685	-0.64867	0.05187	0.03685	0.03685	0.03685
ACC	TCC	AT	1.07710	0.01253	0.02047	-1.07710	0.03679	0.02047	0.02047	0.02047
ACC	CCC	AC	-0.20395	0.03777	0.03405	0.20395	0.03080	0.03405	0.03405	0.03405
ACC	ATC	CT	1.07512	0.05689	0.09285	-1.07512	0.16671	0.09285	0.09285	0.09285
ACC	ACT	CT	0.36209	0.05689	0.06781	-0.36209	0.08171	0.06781	0.06781	0.06781
ACA	TCA	AT	0.34982	0.00516	0.00611	-0.34982	0.00732	0.00611	0.00611	0.00611
ACA	CCA	AC	-0.32046	0.01554	0.01319	0.32046	0.01128	0.01319	0.01319	0.01319
ACA	ATA	CT	0.52404	0.02342	0.03009	-0.52404	0.03955	0.03009	0.03009	0.03009
ACA	ACT	AT	1.22374	0.00516	0.00894	-1.22374	0.01754	0.00894	0.00894	0.00894
ACA	ACC	AC	0.86166	0.01554	0.02319	-0.86166	0.03679	0.02319	0.02319	0.02319
ACG	TCG	AT	-0.87789	0.00575	0.00359	0.87789	0.00239	0.00359	0.00359	0.00359
ACG	CCG	AC	-1.95998	0.01732	0.00557	1.95998	0.00244	0.00557	0.00557	0.00557
ACG	ATG	CT	1.50659	0.02609	0.05050	-1.50659	0.11769	0.05050	0.05050	0.05050
ACG	ACT	GT	0.74260	0.00575	0.00814	-0.74260	0.01208	0.00814	0.00814	0.00814
ACG	ACC	GC	0.38052	0.01732	0.02082	-0.38052	0.02534	0.02082	0.02082	0.02082
ACG	ACA	GA	-0.48114	0.07660	0.05964	0.48114	0.04734	0.05964	0.05964	0.05964
AAT	TAT	AT	1.33946	0.00519	0.00943	-1.33946	0.01982	0.00943	0.00943	0.00943
AAT	CAT	AC	-0.23676	0.01565	0.01387	0.23676	0.01235	0.01387	0.01387	0.01387
AAT	ATT	AT	0.76239	0.00519	0.00742	-0.76239	0.01113	0.00742	0.00742	0.00742
AAT	ACT	AC	0.11372	0.01565	0.01656	-0.11372	0.01754	0.01656	0.01656	0.01656
AAC	TAC	AT	0.96884	0.01130	0.01765	-0.96884	0.02978	0.01765	0.01765	0.01765
AAC	CAC	AC	-0.10074	0.03406	0.03238	0.10074	0.03080	0.03238	0.03238	0.03238
AAC	ATC	AT	1.15230	0.01130	0.01904	-1.15230	0.03578	0.01904	0.01904	0.01904
AAC	ACC	AC	0.07717	0.03406	0.03539	-0.07717	0.03679	0.03539	0.03539	0.03539
AAC	AAT	CT	0.32554	0.05131	0.06012	-0.32554	0.07105	0.06012	0.06012	0.06012
AAA	CAA	AC	0.17197	0.00715	0.00778	-0.17197	0.00849	0.00778	0.00778	0.00778
AAA	ATA	AT	1.27511	0.00237	0.00420	-1.27511	0.00849	0.00420	0.00420	0.00420
AAA	ACA	AC	0.75107	0.00715	0.01016	-0.75107	0.01514	0.01016	0.01016	0.01016
AAA	AAT	AT	1.86109	0.00237	0.00523	-1.86109	0.01525	0.00523	0.00523	0.00523
AAA	AAC	AC	1.53555	0.00715	0.01398	-1.53555	0.03319	0.01398	0.01398	0.01398
AAG	CAG	AC	0.41711	0.03667	0.04485	-0.41711	0.05565	0.04485	0.04485	0.04485
AAG	ATG	AT	0.73033	0.01217	0.01715	-0.73033	0.02526	0.01715	0.01715	0.01715
AAG	ACG	AC	-0.77626	0.03667	0.02426	0.77626	0.01687	0.02426	0.02426	0.02426
AAG	AAT	GT	-0.14738	0.01217	0.01129	0.14738	0.01050	0.01129	0.01129	0.01129
AAG	AAC	GC	-0.47292	0.03667	0.02868	0.47292	0.02285	0.02868	0.02868	0.02868
AAG	AAA	GA	-2.00847	0.16219	0.05049	2.00847	0.02177	0.05049	0.05049	0.05049
AGT	TGT	AT	1.64371	0.00422	0.00861	-1.64371	0.02186	0.00861	0.00861	0.00861
AGT	CGT	AC	-1.59138	0.01273	0.00518	1.59138	0.00259	0.00518	0.00518	0.00518
AGT	ATT	GT	0.59590	0.00422	0.00561	-0.59590	0.00767	0.00561	0.00561	0.00561
AGT	ACT	GC	-0.05276	0.01273	0.01240	0.05276	0.01208	0.01240	0.01240	0.01240
AGT	AAT	GA	-0.16648	0.05631	0.05175	0.16648	0.04767	0.05175	0.05175	0.05175
AGC	TGC	AT	0.93482	0.01449	0.02230	-0.93482	0.03690	0.02230	0.02230	0.02230
AGC	CGC	AC	-0.84778	0.04366	0.02774	0.84778	0.01870	0.02774	0.02774	0.02774
AGC	ATC	GT	0.53095	0.01449	0.01867	-0.53095	0.02464	0.01867	0.01867	0.01867
AGC	ACC	GC	-0.54417	0.04366	0.03285	0.54417	0.02534	0.03285	0.03285	0.03285
AGC	AAC	GA	-0.62134	0.19311	0.13929	0.62134	0.10374	0.13929	0.13929	0.13929
AGC	AGT	CT	-0.12932	0.06577	0.06161	0.12932	0.05779	0.06161	0.06161	0.06161
AGA	CGA	AC	-0.79588	0.00777	0.00509	0.79588	0.00351	0.00509	0.00509	0.00509
AGA	ATA	GT	0.81805	0.00258	0.00378	-0.81805	0.00584	0.00378	0.00378	0.00378
AGA	ACA	GC	0.29401	0.00777	0.00897	-0.29401	0.01043	0.00897	0.00897	0.00897
AGA	AAA	GA	-0.45706	0.03438	0.02712	0.45706	0.02177	0.02712	0.02712	0.02712
AGA	AGT	AT	1.57051	0.00258	0.00511	-1.57051	0.01240	0.00511	0.00511	0.00511
AGA	AGC	AC	1.69984	0.00777	0.01617	-1.69984	0.04254	0.01617	0.01617	0.01617
AGG	TGG	AT	1.56129	0.00711	0.01406	-1.56129	0.03390	0.01406	0.01406	0.01406
AGG	CGG	AC	-0.84614	0.02144	0.01363	0.84614	0.00920	0.01363	0.01363	0.01363
AGG	ATG	GT	0.89400	0.00711	0.01076	-0.89400	0.01739	0.01076	0.01076	0.01076
AGG	ACG	GC	-0.61260	0.02144	0.01554	0.61260	0.01162	0.01554	0.01554	0.01554
AGG	AAG	GA	0.16367	0.09482	0.10280	-0.16367	0.11169	0.10280	0.10280	0.10280
AGG	AGT	GT	0.18277	0.00711	0.00778	-0.18277	0.00854	0.00778	0.00778	0.00778
AGG	AGC	GC	0.31209	0.02144	0.02496	-0.31209	0.02929	0.02496	0.02496	0.02496
AGG	AGA	GA	-1.38774	0.09482	0.04378	1.38774	0.02367	0.04378	0.04378	0.04378
GTT	TTT	GT	1.36818	0.00462	0.00849	-1.36818	0.01817	0.00849	0.00849	0.00849
GTT	CTT	GC	0.03659	0.01394	0.01419	-0.03659	0.01446	0.01419	0.01419	0.01419
GTT	ATT	GA	-0.57175	0.06164	0.04569	0.57175	0.03480	0.04569	0.04569	0.04569
GTC	TTC	GT	1.71334	0.00707	0.01477	-1.71334	0.03920	0.01477	0.01477	0.01477
GTC	CTC	GC	0.31415	0.02129	0.02481	-0.31415	0.02915	0.02481	0.02481	0.02481
GTC	ATC	GA	0.17194	0.09418	0.10251	-0.17194	0.11185	0.10251	0.10251	0.10251
GTC	GTT	CT	0.67931	0.03208	0.04419	-0.67931	0.06327	0.04419	0.04419	0.04419
GTA	TTA	GT	-0.52371	0.00100	0.00076	0.52371	0.00059	0.00076	0.00076	0.00076
GTA	CTA	GC	0.91522	0.00303	0.00462	-0.91522	0.00756	0.00462	0.00462	0.00462
GTA	ATA	GA	0.68398	0.01339	0.01848	-0.68398	0.02653	0.01848	0.01848	0.01848
GTA	GTT	AT	2.60410	0.00100	0.00282	-2.60410	0.01358	0.00282	0.00282	0.00282
GTA	GTC	AC	1.92478	0.00303	0.00682	-1.92478	0.02075	0.00682	0.00682	0.00682
GTG	TTG	GT	-1.12687	0.02376	0.01283	1.12687	0.00770	0.01283	0.01283	0.01283
GTG	CTG	GC	-0.09048	0.07160	0.06841	0.09048	0.06541	0.06841	0.06841	0.06841
GTG	ATG	GA	-1.38901	0.31669	0.14610	1.38901	0.07896	0.14610	0.14610	0.14610
GTG	GTT	GT	-0.93258	0.02376	0.01438	0.93258	0.00935	0.01438	0.01438	0.01438
GTG	GTC	GC	-1.61190	0.07160	0.02876	1.61190	0.01428	0.02876	0.02876	0.02876
GTG	GTA	GA	-3.53668	0.31669	0.03358	3.53668	0.00922	0.03358	0.03358	0.03358
GCT	TCT	GT	0.58703	0.00800	0.01057	-0.58703	0.01439	0.01057	0.01057	0.01057
GCT	CCT	GC	-0.35055	0.02410	0.02013	0.35055	0.01698	0.02013	0.02013	0.02013
GCT	ACT	GA	-0.66512	0.10661	0.07506	0.66512	0.05482	0.07506	0.07506	0.07506
GCT	GTT	CT	0.55530	0.03631	0.04732	-0.55530	0.06327	0.04732	0.04732	0.04732
GCC	TCC	GT	0.11790	0.02252	0.02387	-0.11790	0.02534	0.02387	0.02387	0.02387
GCC	CCC	GC	-1.16315	0.06786	0.03588	1.16315	0.02121	0.03588	0.03588	0.03588
GCC	ACC	GA	-0.95919	0.30016	0.17887	0.95919	0.11502	0.17887	0.17887	0.17887
GCC	GTC	CT	-0.05601	0.10223	0.09939	0.05601	0.09666	0.09939	0.09939	0.09939
GCC	GCT	CT	0.06801	0.10223	0.10575	-0.06801	0.10942	0.10575	0.10575	0.10575
GCA	TCA	GT	-0.28719	0.00672	0.00580	0.28719	0.00504	0.00580	0.00580	0.00580
GCA	CCA	GC	-0.95747	0.02024	0.01207	0.95747	0.00777	0.01207	0.01207	0.01207
GCA	ACA	GA	-0.63701	0.08952	0.06401	0.63701	0.04734	0.06401	0.06401	0.06401
GCA	GTA	CT	-0.79695	0.03049	0.01994	0.79695	0.01374	0.01994	0.01994	0.01994
GCA	GCT	AT	1.25185	0.00672	0.01177	-1.25185	0.02348	0.01177	0.01177	0.01177
GCA	GCC	AC	1.18384	0.02024	0.03453	-1.18384	0.06612	0.03453	0.03453	0.03453
GCG	TCG	GT	-0.46973	0.00263	0.00206	0.46973	0.00164	0.00206	0.00206	0.00206
GCG	CCG	GC	-1.55182	0.00793	0.00331	1.55182	0.00168	0.00331	0.00331	0.00331
GCG	ACG	GA	0.40816	0.03507	0.04271	-0.40816	0.05275	0.04271	0.04271	0.04271
GCG	GTG	CT	3.30376	0.01194	0.04096	-3.30376	0.32505	0.04096	0.04096	0.04096
GCG	GCT	GT	1.81588	0.00263	0.00571	-1.81588	0.01617	0.00571	0.00571	0.00571
GCG	GCC	GC	1.74787	0.00793	0.01678	-1.74787	0.04553	0.01678	0.01678	0.01678
GCG	GCA	GA	0.56403	0.03507	0.04588	-0.56403	0.06164	0.04588	0.04588	0.04588
GAT	TAT	GT	1.70730	0.00248	0.00516	-1.70730	0.01365	0.00516	0.00516	0.00516
GAT	CAT	GC	0.13108	0.00746	0.00796	-0.13108	0.00851	0.00796	0.00796	0.00796
GAT	AAT	GA	0.36784	0.03300	0.03944	-0.36784	0.04767	0.03944	0.03944	0.03944
GAT	GTT	AT	1.70198	0.00248	0.00515	-1.70198	0.01358	0.00515	0.00515	0.00515
GAT	GCT	AC	1.14668	0.00746	0.01254	-1.14668	0.02348	0.01254	0.01254	0.01254
GAC	TAC	GT	0.49253	0.01253	0.01587	-0.49253	0.02051	0.01587	0.01587	0.01587
GAC	CAC	GC	-0.57705	0.03777	0.02791	0.57705	0.02121	0.02791	0.02791	0.02791
GAC	AAC	GA	-0.47631	0.16704	0.13040	0.47631	0.10374	0.13040	0.13040	0.13040
GAC	GTC	AT	0.50405	0.01253	0.01595	-0.50405	0.02075	0.01595	0.01595	0.01595
GAC	GCC	AC	0.56006	0.03777	0.04932	-0.56006	0.06612	0.04932	0.04932	0.04932
GAC	GAT	CT	-0.51861	0.05689	0.04341	0.51861	0.03387	0.04341	0.04341	0.04341
GAA	CAA	GC	-0.89427	0.01429	0.00884	0.89427	0.00584	0.00884	0.00884	0.00884
GAA	AAA	GA	-1.06624	0.06322	0.03539	1.06624	0.02177	0.03539	0.03539	0.03539
GAA	GTA	AT	-0.47511	0.00474	0.00370	0.47511	0.00295	0.00370	0.00370	0.00370
GAA	GCA	AC	0.32184	0.01429	0.01672	-0.32184	0.01972	0.01672	0.01672	0.01672
GAA	GAT	AT	0.42701	0.00474	0.00583	-0.42701	0.00727	0.00583	0.00583	0.00583
GAA	GAC	AC	0.94562	0.01429	0.02210	-0.94562	0.03679	0.02210	0.02210	0.02210
GAG	CAG	GC	-0.08774	0.04183	0.04003	0.08774	0.03832	0.04003	0.04003	0.04003
GAG	AAG	GA	-0.50485	0.18503	0.14224	0.50485	0.11169	0.14224	0.14224	0.14224
GAG	GTG	AT	1.61449	0.01388	0.02798	-1.61449	0.06976	0.02798	0.02798	0.02798
GAG	GCG	AC	-1.68927	0.04183	0.01600	1.68927	0.00772	0.01600	0.01600	0.01600
GAG	GAT	GT	-1.02007	0.01388	0.00798	1.02007	0.00501	0.00798	0.00798	0.00798
GAG	GAC	GC	-0.50146	0.04183	0.03222	0.50146	0.02534	0.03222	0.03222	0.03222
GAG	GAA	GA	-1.44708	0.18503	0.08237	1.44708	0.04353	0.08237	0.08237	0.08237
GGT	TGT	GT	1.32105	0.00402	0.00724	-1.32105	0.01505	0.00724	0.00724	0.00724
GGT	CGT	GC	-1.91405	0.01210	0.00401	1.91405	0.00179	0.00401	0.00401	0.00401
GGT	AGT	GA	-0.32267	0.05354	0.04536	0.32267	0.03877	0.04536	0.04536	0.04536
GGT	GTT	GT	0.84499	0.00402	0.00595	-0.84499	0.00935	0.00595	0.00595	0.00595
GGT	GCT	GC	0.28969	0.01210	0.01394	-0.28969	0.01617	0.01394	0.01394	0.01394
GGT	GAT	GA	-0.85699	0.05354	0.03383	0.85699	0.02272	0.03383	0.03383	0.03383
GGC	TGC	GT	0.48804	0.01560	0.01971	-0.48804	0.02541	0.01971	0.01971	0.01971
GGC	CGC	GC	-1.29456	0.04700	0.02296	1.29456	0.01288	0.02296	0.02296	0.02296
GGC	AGC	GA	-0.44678	0.20788	0.16488	0.44678	0.13298	0.16488	0.16488	0.16488
GGC	GTC	GT	-0.08776	0.01560	0.01492	0.08776	0.01428	0.01492	0.01492	0.01492
GGC	GCC	GC	-0.03176	0.04700	0.04626	0.03176	0.04553	0.04626	0.04626	0.04626
GGC	GAC	GA	-0.59181	0.20788	0.15240	0.59181	0.11502	0.15240	0.15240	0.15240
GGC	GGT	CT	-0.25344	0.07080	0.06221	0.25344	0.05495	0.06221	0.06221	0.06221
GGA	CGA	GC	-1.42772	0.01007	0.00454	1.42772	0.00241	0.00454	0.00454	0.00454
GGA	AGA	GA	-0.63184	0.04453	0.03193	0.63184	0.02367	0.03193	0.03193	0.03193
GGA	GTA	GT	-0.49777	0.00334	0.00258	0.49777	0.00203	0.00258	0.00258	0.00258
GGA	GCA	GC	0.29918	0.01007	0.01165	-0.29918	0.01358	0.01165	0.01165	0.01165
GGA	GAA	GA	-0.02266	0.04453	0.04403	0.02266	0.04353	0.04403	0.04403	0.04403
GGA	GGT	AT	1.26134	0.00334	0.00588	-1.26134	0.01179	0.00588	0.00588	0.00588
GGA	GGC	AC	1.51477	0.01007	0.01955	-1.51477	0.04579	0.01955	0.01955	0.01955
GGG	TGG	GT	0.65143	0.01217	0.01656	-0.65143	0.02334	0.01656	0.01656	0.01656
GGG	CGG	GC	-1.75600	0.03667	0.01345	1.75600	0.00633	0.01345	0.01345	0.01345
GGG	AGG	GA	-0.90986	0.16219	0.09944	0.90986	0.06530	0.09944	0.09944	0.09944
GGG	GTG	GT	1.37314	0.01217	0.02238	-1.37314	0.04804	0.02238	0.02238	0.02238
GGG	GCG	GC	-1.93061	0.03667	0.01201	1.93061	0.00532	0.01201	0.01201	0.01201
GGG	GAG	GA	-0.24134	0.16219	0.14341	0.24134	0.12741	0.14341	0.14341	0.14341
GGG	GGT	GT	-0.40443	0.01217	0.00987	0.40443	0.00812	0.00987	0.00987	0.00987
GGG	GGC	GC	-0.15099	0.03667	0.03397	0.15099	0.03153	0.03397	0.03397	0.03397
GGG	GGA	GA	-1.66576	0.16219	0.06298	1.66576	0.03066	0.06298	0.06298	0.06298


Histograms
2Ns	FMut	FSub(CodonUsage)	FSubw(after w)

-4.53819	0.02246	0.00117	0.00117
-4.08437	0.00273	0.00023	0.00023
-3.63055	0.01517	0.00202	0.00202
-3.17673	0.02879	0.00484	0.00484
-2.72291	0.02761	0.00730	0.00730
-2.26909	0.02289	0.00740	0.00740
-1.81527	0.06503	0.03012	0.03012
-1.36146	0.16904	0.09863	0.09863
-0.90764	0.10900	0.08285	0.08285
-0.45382	0.18788	0.18411	0.18411
0.00000	0.12958	0.16263	0.16263
0.45382	0.11672	0.18411	0.18411
0.90764	0.04291	0.08285	0.08285
1.36146	0.04264	0.09863	0.09863
1.81527	0.01135	0.03012	0.03012
2.26909	0.00231	0.00740	0.00740
2.72291	0.00208	0.00730	0.00730
3.17673	0.00115	0.00484	0.00484
3.63055	0.00044	0.00202	0.00202
4.08437	0.00004	0.00023	0.00023
4.53819	0.00019	0.00117	0.00117

Proportion of advantageous (S > 0) mutations:
 0.28106

Proportions of good & bad mutations (|S| > 2.0000) among mutations:
0.00726  0.12741

mean |Ns| = 1.13373	mean Ns+ = 0.69823	mean Ns- = -1.30399

