Supplemental results for CODEML (seqf: paml_alt_apes_selected_removal_dna_aligned_combined_TAS1R1  treef: paml_alt_apes_ML_tree_output_selected_removal_dna_aligned_combined_TAS1R1.txt)

I	J	ij	2Ns_IJ	pMut_IJ	pSub_IJ	2Ns_JI	pMut_JI	pSub_JI

TTC	TTT	CT	0.35932	0.09631	0.11465	-0.35932	0.13795	0.11465	0.11465	0.11465
TTA	TTT	AT	4.41890	0.00031	0.00138	-4.41890	0.02553	0.00138	0.00138	0.00138
TTA	TTC	AC	4.05958	0.00095	0.00391	-4.05958	0.05478	0.00391	0.00391	0.00391
TTG	TTT	GT	1.60814	0.00366	0.00735	-1.60814	0.01826	0.00735	0.00735	0.00735
TTG	TTC	GC	1.24882	0.01124	0.01968	-1.24882	0.03918	0.01968	0.01968	0.01968
TTG	TTA	GA	-2.81076	0.05267	0.00948	2.81076	0.00317	0.00948	0.00948	0.00948
TCT	TTT	CT	1.36669	0.03517	0.06451	-1.36669	0.13795	0.06451	0.06451	0.06451
TCC	TTC	CT	1.55903	0.06226	0.12292	-1.55903	0.29598	0.12292	0.12292	0.12292
TCC	TCT	CT	0.55166	0.06226	0.08100	-0.55166	0.10809	0.08100	0.08100	0.08100
TCA	TTA	CT	-0.90687	0.01178	0.00724	0.90687	0.00476	0.00724	0.00724	0.00724
TCA	TCT	AT	2.14533	0.00234	0.00569	-2.14533	0.02001	0.00569	0.00569	0.00569
TCA	TCC	AC	1.59368	0.00719	0.01439	-1.59368	0.03541	0.01439	0.01439	0.01439
TCG	TTG	CT	2.61751	0.00413	0.01165	-2.61751	0.05655	0.01165	0.01165	0.01165
TCG	TCT	GT	2.85896	0.00082	0.00249	-2.85896	0.01431	0.00249	0.00249	0.00249
TCG	TCC	GC	2.30730	0.00252	0.00646	-2.30730	0.02533	0.00646	0.00646	0.00646
TCG	TCA	GA	0.71363	0.01181	0.01653	-0.71363	0.02412	0.01653	0.01653	0.01653
TAT	TTT	AT	1.33546	0.00672	0.01217	-1.33546	0.02553	0.01217	0.01217	0.01217
TAT	TCT	AC	-0.03123	0.02064	0.02032	0.03123	0.02001	0.02032	0.02032	0.02032
TAC	TTC	AT	1.70621	0.00995	0.02073	-1.70621	0.05478	0.02073	0.02073	0.02073
TAC	TCC	AC	0.14719	0.03057	0.03287	-0.14719	0.03541	0.03287	0.03287	0.03287
TAC	TAT	CT	0.73007	0.05005	0.07052	-0.73007	0.10386	0.07052	0.07052	0.07052
TGT	TTT	GT	0.91033	0.00735	0.01119	-0.91033	0.01826	0.01119	0.01119	0.01119
TGT	TCT	GC	-0.45636	0.02258	0.01782	0.45636	0.01431	0.01782	0.01782	0.01782
TGT	TAT	GA	-0.42513	0.10583	0.08493	0.42513	0.06918	0.08493	0.08493	0.08493
TGC	TTC	GT	1.15136	0.01239	0.02086	-1.15136	0.03918	0.02086	0.02086	0.02086
TGC	TCC	GC	-0.40767	0.03808	0.03084	0.40767	0.02533	0.03084	0.03084	0.03084
TGC	TAC	GA	-0.55485	0.17844	0.13349	0.55485	0.10245	0.13349	0.13349	0.13349
TGC	TGT	CT	0.60035	0.06234	0.08292	-0.60035	0.11364	0.08292	0.08292	0.08292
TGG	TTG	GT	-0.40830	0.01126	0.00912	0.40830	0.00749	0.00912	0.00912	0.00912
TGG	TCG	GC	-3.02581	0.03461	0.00534	3.02581	0.00168	0.00534	0.00534	0.00534
TGG	TGT	GT	0.28951	0.01126	0.01297	-0.28951	0.01504	0.01297	0.01297	0.01297
TGG	TGC	GC	-0.31084	0.03461	0.02951	0.31084	0.02536	0.02951	0.02951	0.02951
CTT	TTT	CT	1.34732	0.03586	0.06528	-1.34732	0.13795	0.06528	0.06528	0.06528
CTC	TTC	CT	1.42480	0.07120	0.13358	-1.42480	0.29598	0.13358	0.13358	0.13358
CTC	CTT	CT	0.43681	0.07120	0.08788	-0.43681	0.11020	0.08788	0.08788	0.08788
CTA	TTA	CT	-1.40299	0.01935	0.00885	1.40299	0.00476	0.00885	0.00885	0.00885
CTA	CTT	AT	1.66859	0.00384	0.00791	-1.66859	0.02040	0.00791	0.00791	0.00791
CTA	CTC	AC	1.23178	0.01182	0.02055	-1.23178	0.04050	0.02055	0.02055	0.02055
CTG	TTG	CT	-1.05032	0.16166	0.09136	1.05032	0.05655	0.09136	0.09136	0.09136
CTG	CTT	GT	-0.78949	0.03213	0.02110	0.78949	0.01459	0.02110	0.02110	0.02110
CTG	CTC	GC	-1.22630	0.09873	0.05027	1.22630	0.02897	0.05027	0.05027	0.05027
CTG	CTA	GA	-2.45808	0.46272	0.10647	2.45808	0.03961	0.10647	0.10647	0.10647
CCT	TCT	CT	0.96684	0.04110	0.06413	-0.96684	0.10809	0.06413	0.06413	0.06413
CCT	CTT	CT	0.98621	0.04110	0.06465	-0.98621	0.11020	0.06465	0.06465	0.06465
CCC	TCC	CT	1.28753	0.05280	0.09389	-1.28753	0.19133	0.09389	0.09389	0.09389
CCC	CTC	CT	1.42175	0.05280	0.09894	-1.42175	0.21882	0.09894	0.09894	0.09894
CCC	CCT	CT	0.87235	0.05280	0.07913	-0.87235	0.12632	0.07913	0.07913	0.07913
CCA	TCA	CT	0.64909	0.01892	0.02572	-0.64909	0.03621	0.02572	0.02572	0.02572
CCA	CTA	CT	1.14521	0.01892	0.03177	-1.14521	0.05946	0.03177	0.03177	0.03177
CCA	CCT	AT	1.82758	0.00376	0.00819	-1.82758	0.02338	0.00819	0.00819	0.00819
CCA	CCC	AC	0.95523	0.01155	0.01794	-0.95523	0.03003	0.01794	0.01794	0.01794
CCG	TCG	CT	1.16529	0.00396	0.00670	-1.16529	0.01269	0.00670	0.00670	0.00670
CCG	CTG	CT	4.83312	0.00396	0.01927	-4.83312	0.49683	0.01927	0.01927	0.01927
CCG	CCT	GT	3.05742	0.00079	0.00252	-3.05742	0.01672	0.00252	0.00252	0.00252
CCG	CCC	GC	2.18507	0.00242	0.00595	-2.18507	0.02148	0.00595	0.00595	0.00595
CCG	CCA	GA	1.22983	0.01132	0.01968	-1.22983	0.03873	0.01968	0.01968	0.01968
CAT	TAT	CT	1.57909	0.02141	0.04259	-1.57909	0.10386	0.04259	0.04259	0.04259
CAT	CTT	AT	1.56723	0.00426	0.00843	-1.56723	0.02040	0.00843	0.00843	0.00843
CAT	CCT	AC	0.58102	0.01308	0.01724	-0.58102	0.02338	0.01724	0.01724	0.01724
CAC	TAC	CT	1.08068	0.05220	0.08538	-1.08068	0.15381	0.08538	0.08538	0.08538
CAC	CTC	AT	1.36208	0.01037	0.01899	-1.36208	0.04050	0.01899	0.01899	0.01899
CAC	CCC	AC	-0.05967	0.03188	0.03094	0.05967	0.03003	0.03094	0.03094	0.03094
CAC	CAT	CT	0.23166	0.05220	0.05848	-0.23166	0.06580	0.05848	0.05848	0.05848
CAA	CTA	AT	1.36175	0.00282	0.00516	-1.36175	0.01101	0.00516	0.00516	0.00516
CAA	CCA	AC	0.21655	0.00867	0.00964	-0.21655	0.01076	0.00964	0.00964	0.00964
CAA	CAT	AT	1.46311	0.00282	0.00537	-1.46311	0.01218	0.00537	0.00537	0.00537
CAA	CAC	AC	1.23145	0.00867	0.01507	-1.23145	0.02969	0.01507	0.01507	0.01507
CAG	CTG	AT	1.58938	0.01876	0.03747	-1.58938	0.09195	0.03747	0.03747	0.03747
CAG	CCG	AC	-3.24374	0.05766	0.00759	3.24374	0.00225	0.00759	0.00759	0.00759
CAG	CAT	GT	-0.76734	0.01876	0.01248	0.76734	0.00871	0.01248	0.01248	0.01248
CAG	CAC	GC	-0.99900	0.05766	0.03358	0.99900	0.02123	0.03358	0.03358	0.03358
CAG	CAA	GA	-2.23045	0.27025	0.07259	2.23045	0.02905	0.07259	0.07259	0.07259
CGT	TGT	CT	3.23528	0.00447	0.01506	-3.23528	0.11364	0.01506	0.01506	0.01506
CGT	CTT	GT	2.79829	0.00089	0.00265	-2.79829	0.01459	0.00265	0.00265	0.00265
CGT	CCT	GC	1.81208	0.00273	0.00591	-1.81208	0.01672	0.00591	0.00591	0.00591
CGT	CAT	GA	1.23106	0.01280	0.02225	-1.23106	0.04383	0.02225	0.02225	0.02225
CGC	TGC	CT	1.79811	0.03173	0.06838	-1.79811	0.19160	0.06838	0.06838	0.06838
CGC	CTC	GT	1.52467	0.00631	0.01229	-1.52467	0.02897	0.01229	0.01229	0.01229
CGC	CCC	GC	0.10291	0.01938	0.02039	-0.10291	0.02148	0.02039	0.02039	0.02039
CGC	CAC	GA	0.16258	0.09082	0.09840	-0.16258	0.10685	0.09840	0.09840	0.09840
CGC	CGT	CT	-0.83682	0.03173	0.02028	0.83682	0.01374	0.02028	0.02028	0.02028
CGA	CTA	GT	1.92786	0.00114	0.00258	-1.92786	0.00787	0.00258	0.00258	0.00258
CGA	CCA	GC	0.78265	0.00352	0.00507	-0.78265	0.00770	0.00507	0.00507	0.00507
CGA	CAA	GA	0.56610	0.01649	0.02160	-0.56610	0.02905	0.02160	0.02160	0.02160
CGA	CGT	AT	0.79815	0.00114	0.00166	-0.79815	0.00254	0.00166	0.00166	0.00166
CGA	CGC	AC	1.63497	0.00352	0.00715	-1.63497	0.01805	0.00715	0.00715	0.00715
CGG	TGG	CT	2.44867	0.01505	0.04033	-2.44867	0.17415	0.04033	0.04033	0.04033
CGG	CTG	GT	3.09069	0.00299	0.00968	-3.09069	0.06577	0.00968	0.00968	0.00968
CGG	CCG	GC	-1.74243	0.00919	0.00340	1.74243	0.00161	0.00340	0.00340	0.00340
CGG	CAG	GA	1.50131	0.04307	0.08321	-1.50131	0.19329	0.08321	0.08321	0.08321
CGG	CGT	GT	-0.49709	0.00299	0.00231	0.49709	0.00182	0.00231	0.00231	0.00231
CGG	CGC	GC	0.33973	0.00919	0.01084	-0.33973	0.01291	0.01084	0.01084	0.01084
CGG	CGA	GA	-1.29524	0.04307	0.02104	1.29524	0.01179	0.02104	0.02104	0.02104
ATT	TTT	AT	1.92937	0.00371	0.00837	-1.92937	0.02553	0.00837	0.00837	0.00837
ATT	CTT	AC	0.58205	0.01140	0.01503	-0.58205	0.02040	0.01503	0.01503	0.01503
ATC	TTC	AT	1.51591	0.01203	0.02337	-1.51591	0.05478	0.02337	0.02337	0.02337
ATC	CTC	AC	0.09110	0.03697	0.03868	-0.09110	0.04050	0.03868	0.03868	0.03868
ATC	ATT	CT	-0.05415	0.06054	0.05891	0.05415	0.05735	0.05891	0.05891	0.05891
ATA	TTA	AT	-1.16397	0.00282	0.00149	1.16397	0.00088	0.00149	0.00149	0.00149
ATA	CTA	AC	0.23902	0.00867	0.00974	-0.23902	0.01101	0.00974	0.00974	0.00974
ATA	ATT	AT	1.32555	0.00282	0.00509	-1.32555	0.01061	0.00509	0.00509	0.00509
ATA	ATC	AC	1.37970	0.00867	0.01598	-1.37970	0.03443	0.01598	0.01598	0.01598
ATG	TTG	AT	0.20097	0.00856	0.00945	-0.20097	0.01047	0.00945	0.00945	0.00945
ATG	CTG	AC	1.25129	0.02631	0.04612	-1.25129	0.09195	0.04612	0.04612	0.04612
ATG	ATT	GT	-0.12026	0.00856	0.00806	0.12026	0.00759	0.00806	0.00806	0.00806
ATG	ATC	GC	-0.06611	0.02631	0.02545	0.06611	0.02463	0.02545	0.02545	0.02545
ATG	ATA	GA	-1.44581	0.12331	0.05494	1.44581	0.02905	0.05494	0.05494	0.05494
ACT	TCT	AT	1.21024	0.00596	0.01028	-1.21024	0.02001	0.01028	0.01028	0.01028
ACT	CCT	AC	0.24340	0.01833	0.02065	-0.24340	0.02338	0.02065	0.02065	0.02065
ACT	ATT	CT	0.64756	0.03001	0.04077	-0.64756	0.05735	0.04077	0.04077	0.04077
ACC	TCC	AT	1.05437	0.01234	0.01996	-1.05437	0.03541	0.01996	0.01996	0.01996
ACC	CCC	AC	-0.23316	0.03792	0.03367	0.23316	0.03003	0.03367	0.03367	0.03367
ACC	ATC	CT	1.09749	0.06209	0.10226	-1.09749	0.18605	0.10226	0.10226	0.10226
ACC	ACT	CT	0.39578	0.06209	0.07518	-0.39578	0.09223	0.07518	0.07518	0.07518
ACA	TCA	AT	0.26447	0.00514	0.00585	-0.26447	0.00670	0.00585	0.00585	0.00585
ACA	CCA	AC	-0.38462	0.01581	0.01296	0.38462	0.01076	0.01296	0.01296	0.01296
ACA	ATA	CT	0.52157	0.02588	0.03322	-0.52157	0.04360	0.03322	0.03322	0.03322
ACA	ACT	AT	1.19956	0.00514	0.00883	-1.19956	0.01707	0.00883	0.00883	0.00883
ACA	ACC	AC	0.80378	0.01581	0.02300	-0.80378	0.03531	0.02300	0.02300	0.02300
ACG	TCG	AT	-0.90024	0.00578	0.00356	0.90024	0.00235	0.00356	0.00356	0.00356
ACG	CCG	AC	-2.06554	0.01775	0.00532	2.06554	0.00225	0.00532	0.00532	0.00532
ACG	ATG	CT	1.51629	0.02906	0.05647	-1.51629	0.13240	0.05647	0.05647	0.05647
ACG	ACT	GT	0.74847	0.00578	0.00820	-0.74847	0.01221	0.00820	0.00820	0.00820
ACG	ACC	GC	0.35269	0.01775	0.02107	-0.35269	0.02526	0.02107	0.02107	0.02107
ACG	ACA	GA	-0.45109	0.08319	0.06583	0.45109	0.05299	0.06583	0.06583	0.06583
AAT	TAT	AT	1.31498	0.00516	0.00928	-1.31498	0.01922	0.00928	0.00928	0.00928
AAT	CAT	AC	-0.26411	0.01586	0.01386	0.26411	0.01218	0.01386	0.01386	0.01386
AAT	ATT	AT	0.72107	0.00516	0.00724	-0.72107	0.01061	0.00724	0.00724	0.00724
AAT	ACT	AC	0.07351	0.01586	0.01645	-0.07351	0.01707	0.01645	0.01645	0.01645
AAC	TAC	AT	0.94264	0.01109	0.01713	-0.94264	0.02847	0.01713	0.01713	0.01713
AAC	CAC	AC	-0.13804	0.03408	0.03179	0.13804	0.02969	0.03179	0.03179	0.03179
AAC	ATC	AT	1.13295	0.01109	0.01853	-1.13295	0.03443	0.01853	0.01853	0.01853
AAC	ACC	AC	0.03546	0.03408	0.03469	-0.03546	0.03531	0.03469	0.03469	0.03469
AAC	AAT	CT	0.35773	0.05581	0.06638	-0.35773	0.07981	0.06638	0.06638	0.06638
AAA	CAA	AC	0.14446	0.00698	0.00750	-0.14446	0.00807	0.00750	0.00750	0.00750
AAA	ATA	AT	1.26720	0.00227	0.00401	-1.26720	0.00807	0.00401	0.00401	0.00401
AAA	ACA	AC	0.74563	0.00698	0.00991	-0.74563	0.01472	0.00991	0.00991	0.00991
AAA	AAT	AT	1.87168	0.00227	0.00503	-1.87168	0.01477	0.00503	0.00503	0.00503
AAA	AAC	AC	1.51395	0.00698	0.01356	-1.51395	0.03174	0.01356	0.01356	0.01356
AAG	CAG	AC	0.37760	0.03682	0.04420	-0.37760	0.05371	0.04420	0.04420	0.04420
AAG	ATG	AT	0.71570	0.01198	0.01677	-0.71570	0.02450	0.01677	0.01677	0.01677
AAG	ACG	AC	-0.80060	0.03682	0.02402	0.80060	0.01653	0.02402	0.02402	0.02402
AAG	AAT	GT	-0.12563	0.01198	0.01124	0.12563	0.01056	0.01124	0.01124	0.01124
AAG	AAC	GC	-0.48336	0.03682	0.02863	0.48336	0.02270	0.02863	0.02863	0.02863
AAG	AAA	GA	-1.99731	0.17253	0.05410	1.99731	0.02341	0.05410	0.05410	0.05410
AGT	TGT	AT	1.60196	0.00424	0.00850	-1.60196	0.02103	0.00850	0.00850	0.00850
AGT	CGT	AC	-1.63332	0.01302	0.00516	1.63332	0.00254	0.00516	0.00516	0.00516
AGT	ATT	GT	0.58292	0.00424	0.00559	-0.58292	0.00759	0.00559	0.00559	0.00559
AGT	ACT	GC	-0.06464	0.01302	0.01261	0.06464	0.01221	0.01261	0.01261	0.01261
AGT	AAT	GA	-0.13815	0.06104	0.05692	0.13815	0.05316	0.05692	0.05692	0.05692
AGC	TGC	AT	0.90795	0.01430	0.02177	-0.90795	0.03546	0.02177	0.02177	0.02177
AGC	CGC	AC	-0.89016	0.04396	0.02726	0.89016	0.01805	0.02726	0.02726	0.02726
AGC	ATC	GT	0.54340	0.01430	0.01854	-0.54340	0.02463	0.01854	0.01854	0.01854
AGC	ACC	GC	-0.55408	0.04396	0.03290	0.55408	0.02526	0.03290	0.03290	0.03290
AGC	AAC	GA	-0.58954	0.20601	0.15121	0.58954	0.11425	0.15121	0.15121	0.15121
AGC	AGT	CT	-0.09366	0.07197	0.06866	0.09366	0.06554	0.06866	0.06866	0.06866
AGA	CGA	AC	-0.87708	0.00788	0.00492	0.87708	0.00328	0.00492	0.00492	0.00492
AGA	ATA	GT	0.81176	0.00256	0.00374	-0.81176	0.00577	0.00374	0.00374	0.00374
AGA	ACA	GC	0.29019	0.00788	0.00908	-0.29019	0.01053	0.00908	0.00908	0.00908
AGA	AAA	GA	-0.45544	0.03692	0.02915	0.45544	0.02341	0.02915	0.02915	0.02915
AGA	AGT	AT	1.55439	0.00256	0.00505	-1.55439	0.01213	0.00505	0.00505	0.00505
AGA	AGC	AC	1.64805	0.00788	0.01608	-1.64805	0.04094	0.01608	0.01608	0.01608
AGG	TGG	AT	1.50924	0.00713	0.01381	-1.50924	0.03223	0.01381	0.01381	0.01381
AGG	CGG	AC	-0.93943	0.02190	0.01320	0.93943	0.00856	0.01320	0.01320	0.01320
AGG	ATG	GT	0.89997	0.00713	0.01081	-0.89997	0.01753	0.01081	0.01081	0.01081
AGG	ACG	GC	-0.61633	0.02190	0.01584	0.61633	0.01182	0.01584	0.01584	0.01584
AGG	AAG	GA	0.18427	0.10263	0.11238	-0.18427	0.12340	0.11238	0.11238	0.11238
AGG	AGT	GT	0.19679	0.00713	0.00785	-0.19679	0.00868	0.00785	0.00785	0.00785
AGG	AGC	GC	0.29045	0.02190	0.02523	-0.29045	0.02928	0.02523	0.02523	0.02523
AGG	AGA	GA	-1.35760	0.10263	0.04827	1.35760	0.02641	0.04827	0.04827	0.04827
GTT	TTT	GT	1.35372	0.00472	0.00861	-1.35372	0.01826	0.00861	0.00861	0.00861
GTT	CTT	GC	0.00640	0.01450	0.01454	-0.00640	0.01459	0.01454	0.01454	0.01454
GTT	ATT	GA	-0.57565	0.06793	0.05024	0.57565	0.03820	0.05024	0.05024	0.05024
GTC	TTC	GT	1.73365	0.00692	0.01457	-1.73365	0.03918	0.01457	0.01457	0.01457
GTC	CTC	GC	0.30884	0.02127	0.02472	-0.30884	0.02897	0.02472	0.02472	0.02472
GTC	ATC	GA	0.21774	0.09968	0.11093	-0.21774	0.12393	0.11093	0.11093	0.11093
GTC	GTT	CT	0.73925	0.03483	0.04927	-0.73925	0.07294	0.04927	0.04927	0.04927
GTA	TTA	GT	-0.38216	0.00092	0.00076	0.38216	0.00063	0.00076	0.00076	0.00076
GTA	CTA	GC	1.02083	0.00284	0.00453	-1.02083	0.00787	0.00453	0.00453	0.00453
GTA	ATA	GA	0.78181	0.01329	0.01916	-0.78181	0.02905	0.01916	0.01916	0.01916
GTA	GTT	AT	2.68302	0.00092	0.00266	-2.68302	0.01350	0.00266	0.00266	0.00266
GTA	GTC	AC	1.94377	0.00284	0.00643	-1.94377	0.01981	0.00643	0.00643	0.00643
GTG	TTG	GT	-1.14233	0.02346	0.01256	1.14233	0.00749	0.01256	0.01256	0.01256
GTG	CTG	GC	-0.09201	0.07211	0.06884	0.09201	0.06577	0.06884	0.06884	0.06884
GTG	ATG	GA	-1.34330	0.33793	0.16031	1.34330	0.08819	0.16031	0.16031	0.16031
GTG	GTT	GT	-0.88790	0.02346	0.01457	0.88790	0.00966	0.01457	0.01457	0.01457
GTG	GTC	GC	-1.62715	0.07211	0.02869	1.62715	0.01417	0.02869	0.02869	0.02869
GTG	GTA	GA	-3.57092	0.33793	0.03493	3.57092	0.00951	0.03493	0.03493	0.03493
GCT	TCT	GT	0.57531	0.00805	0.01058	-0.57531	0.01431	0.01058	0.01058	0.01058
GCT	CCT	GC	-0.39153	0.02474	0.02021	0.39153	0.01672	0.02021	0.02021	0.02021
GCT	ACT	GA	-0.63494	0.11593	0.08299	0.63494	0.06144	0.08299	0.08299	0.08299
GCT	GTT	CT	0.58828	0.04050	0.05358	-0.58828	0.07294	0.05358	0.05358	0.05358
GCC	TCC	GT	0.13112	0.02222	0.02370	-0.13112	0.02533	0.02370	0.02370	0.02370
GCC	CCC	GC	-1.15641	0.06827	0.03624	1.15641	0.02148	0.03624	0.03624	0.03624
GCC	ACC	GA	-0.92325	0.31996	0.19467	0.92325	0.12710	0.19467	0.19467	0.19467
GCC	GTC	CT	-0.04350	0.11179	0.10937	0.04350	0.10703	0.10937	0.10937	0.10937
GCC	GCT	CT	0.10747	0.11179	0.11790	-0.10747	0.12447	0.11790	0.11790	0.11790
GCA	TCA	GT	-0.31941	0.00660	0.00560	0.31941	0.00479	0.00560	0.00560	0.00560
GCA	CCA	GC	-0.96850	0.02027	0.01202	0.96850	0.00770	0.01202	0.01202	0.01202
GCA	ACA	GA	-0.58388	0.09500	0.06995	0.58388	0.05299	0.06995	0.06995	0.06995
GCA	GTA	CT	-0.84412	0.03319	0.02113	0.84412	0.01427	0.02113	0.02113	0.02113
GCA	GCT	AT	1.25062	0.00660	0.01156	-1.25062	0.02304	0.01156	0.01156	0.01156
GCA	GCC	AC	1.14315	0.02027	0.03402	-1.14315	0.06359	0.03402	0.03402	0.03402
GCG	TCG	GT	-0.40956	0.00253	0.00205	0.40956	0.00168	0.00205	0.00205	0.00205
GCG	CCG	GC	-1.57486	0.00777	0.00320	1.57486	0.00161	0.00320	0.00320	0.00320
GCG	ACG	GA	0.49068	0.03643	0.04609	-0.49068	0.05950	0.04609	0.04609	0.04609
GCG	GTG	CT	3.35028	0.01273	0.04419	-3.35028	0.36284	0.04419	0.04419	0.04419
GCG	GCT	GT	1.87409	0.00253	0.00560	-1.87409	0.01648	0.00560	0.00560	0.00560
GCG	GCC	GC	1.76662	0.00777	0.01656	-1.76662	0.04548	0.01656	0.01656	0.01656
GCG	GCA	GA	0.62347	0.03643	0.04895	-0.62347	0.06795	0.04895	0.04895	0.04895
GAT	TAT	GT	1.71352	0.00248	0.00518	-1.71352	0.01375	0.00518	0.00518	0.00518
GAT	CAT	GC	0.13443	0.00762	0.00814	-0.13443	0.00871	0.00814	0.00814	0.00814
GAT	AAT	GA	0.39854	0.03569	0.04327	-0.39854	0.05316	0.04327	0.04327	0.04327
GAT	GTT	AT	1.69527	0.00248	0.00515	-1.69527	0.01350	0.00515	0.00515	0.00515
GAT	GCT	AC	1.10699	0.00762	0.01259	-1.10699	0.02304	0.01259	0.01259	0.01259
GAC	TAC	GT	0.48577	0.01253	0.01581	-0.48577	0.02036	0.01581	0.01581	0.01581
GAC	CAC	GC	-0.59490	0.03850	0.02817	0.59490	0.02123	0.02817	0.02817	0.02817
GAC	AAC	GA	-0.45686	0.18041	0.14233	0.45686	0.11425	0.14233	0.14233	0.14233
GAC	GTC	AT	0.45834	0.01253	0.01562	-0.45834	0.01981	0.01562	0.01562	0.01562
GAC	GCC	AC	0.50184	0.03850	0.04896	-0.50184	0.06359	0.04896	0.04896	0.04896
GAC	GAT	CT	-0.49768	0.06303	0.04864	0.49768	0.03832	0.04864	0.04864	0.04864
GAA	CAA	GC	-0.89876	0.01418	0.00875	0.89876	0.00577	0.00875	0.00875	0.00875
GAA	AAA	GA	-1.04322	0.06645	0.03771	1.04322	0.02341	0.03771	0.03771	0.03771
GAA	GTA	AT	-0.55784	0.00461	0.00345	0.55784	0.00264	0.00345	0.00345	0.00345
GAA	GCA	AC	0.28628	0.01418	0.01631	-0.28628	0.01888	0.01631	0.01631	0.01631
GAA	GAT	AT	0.42991	0.00461	0.00568	-0.42991	0.00709	0.00568	0.00568	0.00568
GAA	GAC	AC	0.92759	0.01418	0.02176	-0.92759	0.03585	0.02176	0.02176	0.02176
GAG	CAG	GC	-0.08840	0.04196	0.04013	0.08840	0.03841	0.04013	0.04013	0.04013
GAG	AAG	GA	-0.46600	0.19665	0.15438	0.46600	0.12340	0.15438	0.15438	0.15438
GAG	GTG	AT	1.59299	0.01365	0.02730	-1.59299	0.06716	0.02730	0.02730	0.02730
GAG	GCG	AC	-1.75728	0.04196	0.01537	1.75728	0.00724	0.01537	0.01537	0.01537
GAG	GAT	GT	-0.99018	0.01365	0.00799	0.99018	0.00507	0.00799	0.00799	0.00799
GAG	GAC	GC	-0.49250	0.04196	0.03247	0.49250	0.02564	0.03247	0.03247	0.03247
GAG	GAA	GA	-1.42009	0.19665	0.08901	1.42009	0.04753	0.08901	0.08901	0.08901
GGT	TGT	GT	1.33782	0.00395	0.00716	-1.33782	0.01504	0.00716	0.00716	0.00716
GGT	CGT	GC	-1.89746	0.01213	0.00406	1.89746	0.00182	0.00406	0.00406	0.00406
GGT	AGT	GA	-0.26414	0.05686	0.04968	0.26414	0.04366	0.04968	0.04968	0.04968
GGT	GTT	GT	0.89443	0.00395	0.00597	-0.89443	0.00966	0.00597	0.00597	0.00597
GGT	GCT	GC	0.30615	0.01213	0.01408	-0.30615	0.01648	0.01408	0.01408	0.01408
GGT	GAT	GA	-0.80084	0.05686	0.03710	0.80084	0.02553	0.03710	0.03710	0.03710
GGC	TGC	GT	0.50580	0.01529	0.01949	-0.50580	0.02536	0.01949	0.01949	0.01949
GGC	CGC	GC	-1.29231	0.04700	0.02300	1.29231	0.01291	0.02300	0.02300	0.02300
GGC	AGC	GA	-0.40215	0.22028	0.17895	0.40215	0.14734	0.17895	0.17895	0.17895
GGC	GTC	GT	-0.07649	0.01529	0.01472	0.07649	0.01417	0.01472	0.01472	0.01472
GGC	GCC	GC	-0.03299	0.04700	0.04623	0.03299	0.04548	0.04623	0.04623	0.04623
GGC	GAC	GA	-0.53483	0.22028	0.16660	0.53483	0.12903	0.16660	0.16660	0.16660
GGC	GGT	CT	-0.23167	0.07696	0.06839	0.23167	0.06105	0.06839	0.06839	0.06839
GGA	CGA	GC	-1.46428	0.01014	0.00446	1.46428	0.00234	0.00446	0.00446	0.00446
GGA	AGA	GA	-0.58721	0.04750	0.03491	0.58721	0.02641	0.03491	0.03491	0.03491
GGA	GTA	GT	-0.55726	0.00330	0.00246	0.55726	0.00189	0.00246	0.00246	0.00246
GGA	GCA	GC	0.28686	0.01014	0.01166	-0.28686	0.01350	0.01166	0.01166	0.01166
GGA	GAA	GA	0.00058	0.04750	0.04752	-0.00058	0.04753	0.04752	0.04752	0.04752
GGA	GGT	AT	1.23133	0.00330	0.00574	-1.23133	0.01130	0.00574	0.00574	0.00574
GGA	GGC	AC	1.46300	0.01014	0.01930	-1.46300	0.04378	0.01930	0.01930	0.01930
GGG	TGG	GT	0.65466	0.01198	0.01633	-0.65466	0.02305	0.01633	0.01633	0.01633
GGG	CGG	GC	-1.79401	0.03682	0.01317	1.79401	0.00612	0.01317	0.01317	0.01317
GGG	AGG	GA	-0.85457	0.17253	0.10919	0.85457	0.07341	0.10919	0.10919	0.10919
GGG	GTG	GT	1.38869	0.01198	0.02216	-1.38869	0.04803	0.02216	0.02216	0.02216
GGG	GCG	GC	-1.96158	0.03682	0.01182	1.96158	0.00518	0.01182	0.01182	0.01182
GGG	GAG	GA	-0.20430	0.17253	0.15551	0.20430	0.14065	0.15551	0.15551	0.15551
GGG	GGT	GT	-0.39364	0.01198	0.00978	0.39364	0.00808	0.00978	0.00978	0.00978
GGG	GGC	GC	-0.16197	0.03682	0.03391	0.16197	0.03131	0.03391	0.03391	0.03391
GGG	GGA	GA	-1.62497	0.17253	0.06875	1.62497	0.03398	0.06875	0.06875	0.06875


Histograms
2Ns	FMut	FSub(CodonUsage)	FSubw(after w)

-4.60297	0.02356	0.00117	0.00117
-4.14267	0.00247	0.00022	0.00022
-3.68238	0.01524	0.00198	0.00198
-3.22208	0.02937	0.00479	0.00479
-2.76178	0.00684	0.00164	0.00164
-2.30149	0.04393	0.01348	0.01348
-1.84119	0.05174	0.02347	0.02347
-1.38089	0.17470	0.10070	0.10070
-0.92059	0.11732	0.08905	0.08905
-0.46030	0.18091	0.17812	0.17812
0.00000	0.13616	0.17076	0.17076
0.46030	0.11332	0.17812	0.17812
0.92059	0.04612	0.08905	0.08905
1.38089	0.04322	0.10070	0.10070
1.84119	0.00874	0.02347	0.02347
2.30149	0.00410	0.01348	0.01348
2.76178	0.00045	0.00164	0.00164
3.22208	0.00112	0.00479	0.00479
3.68238	0.00043	0.00198	0.00198
4.14267	0.00004	0.00022	0.00022
4.60297	0.00019	0.00117	0.00117

Proportion of advantageous (S > 0) mutations:
 0.28174

Proportions of good & bad mutations (|S| > 2.0000) among mutations:
0.00644  0.12222

mean |Ns| = 1.13497	mean Ns+ = 0.69328	mean Ns- = -1.30822

