Supplemental results for CODEML (seqf: ../TAS1R1_DNA_alignment.fa  treef: TAS1R1_ML.raxml.bestTree)

I	J	ij	2Ns_IJ	pMut_IJ	pSub_IJ	2Ns_JI	pMut_JI	pSub_JI

TTC	TTT	CT	0.33098	0.08806	0.10344	-0.33098	0.12261	0.10344	0.10344	0.10344
TTA	TTT	AT	4.49380	0.00029	0.00134	-4.49380	0.02635	0.00134	0.00134	0.00134
TTA	TTC	AC	4.16282	0.00088	0.00374	-4.16282	0.05685	0.00374	0.00374	0.00374
TTG	TTT	GT	1.56158	0.00381	0.00753	-1.56158	0.01817	0.00753	0.00753	0.00753
TTG	TTC	GC	1.23061	0.01145	0.01990	-1.23061	0.03920	0.01990	0.01990	0.01990
TTG	TTA	GA	-2.93222	0.05068	0.00836	2.93222	0.00270	0.00836	0.00836	0.00836
TCT	TTT	CT	1.33328	0.03232	0.05852	-1.33328	0.12261	0.05852	0.05852	0.05852
TCC	TTC	CT	1.53626	0.05692	0.11143	-1.53626	0.26454	0.11143	0.11143	0.11143
TCC	TCT	CT	0.53396	0.05692	0.07347	-0.53396	0.09710	0.07347	0.07347	0.07347
TCA	TTA	CT	-1.03664	0.01132	0.00645	1.03664	0.00402	0.00645	0.00645	0.00645
TCA	TCT	AT	2.12389	0.00249	0.00602	-2.12389	0.02086	0.00602	0.00602	0.00602
TCA	TCC	AC	1.58993	0.00749	0.01497	-1.58993	0.03675	0.01497	0.01497	0.01497
TCG	TTG	CT	2.64344	0.00370	0.01052	-2.64344	0.05196	0.01052	0.01052	0.01052
TCG	TCT	GT	2.87175	0.00081	0.00248	-2.87175	0.01439	0.00248	0.00248	0.00248
TCG	TCC	GC	2.33779	0.00245	0.00633	-2.33779	0.02534	0.00633	0.00633	0.00633
TCG	TCA	GA	0.74786	0.01083	0.01537	-0.74786	0.02287	0.01537	0.01537	0.01537
TAT	TTT	AT	1.36067	0.00676	0.01237	-1.36067	0.02635	0.01237	0.01237	0.01237
TAT	TCT	AC	0.02740	0.02030	0.02058	-0.02740	0.02086	0.02058	0.02058	0.02058
TAC	TTC	AT	1.72268	0.01015	0.02129	-1.72268	0.05685	0.02129	0.02129	0.02129
TAC	TCC	AC	0.18642	0.03050	0.03343	-0.18642	0.03675	0.03343	0.03343	0.03343
TAC	TAT	CT	0.69299	0.04607	0.06387	-0.69299	0.09213	0.06387	0.06387	0.06387
TGT	TTT	GT	0.89123	0.00745	0.01126	-0.89123	0.01817	0.01126	0.01126	0.01126
TGT	TCT	GC	-0.44204	0.02238	0.01780	0.44204	0.01439	0.01780	0.01780	0.01780
TGT	TAT	GA	-0.46944	0.09907	0.07763	0.46944	0.06195	0.07763	0.07763	0.07763
TGC	TTC	GT	1.13665	0.01258	0.02105	-1.13665	0.03920	0.02105	0.02105	0.02105
TGC	TCC	GC	-0.39961	0.03778	0.03074	0.39961	0.02534	0.03074	0.03074	0.03074
TGC	TAC	GA	-0.58603	0.16724	0.12299	0.58603	0.09307	0.12299	0.12299	0.12299
TGC	TGT	CT	0.57639	0.05708	0.07510	-0.57639	0.10158	0.07510	0.07510	0.07510
TGG	TTG	GT	-0.40605	0.01156	0.00937	0.40605	0.00770	0.00937	0.00937	0.00937
TGG	TCG	GC	-3.04949	0.03471	0.00527	3.04949	0.00164	0.00527	0.00527	0.00527
TGG	TGT	GT	0.26430	0.01156	0.01315	-0.26430	0.01505	0.01315	0.01315	0.01315
TGG	TGC	GC	-0.31209	0.03471	0.02958	0.31209	0.02541	0.02958	0.02958	0.02958
CTT	TTT	CT	1.32842	0.03248	0.05869	-1.32842	0.12261	0.05869	0.05869	0.05869
CTC	TTC	CT	1.39602	0.06550	0.12152	-1.39602	0.26454	0.12152	0.12152	0.12152
CTC	CTT	CT	0.39857	0.06550	0.07941	-0.39857	0.09757	0.07941	0.07941	0.07941
CTA	TTA	CT	-1.44210	0.01698	0.00758	1.44210	0.00402	0.00758	0.00758	0.00758
CTA	CTT	AT	1.72328	0.00374	0.00785	-1.72328	0.02097	0.00785	0.00785	0.00785
CTA	CTC	AC	1.32471	0.01124	0.02028	-1.32471	0.04228	0.02028	0.02028	0.02028
CTG	TTG	CT	-1.03957	0.14695	0.08357	1.03957	0.05196	0.08357	0.08357	0.08357
CTG	CTT	GT	-0.80640	0.03238	0.02106	0.80640	0.01446	0.02106	0.02106	0.02106
CTG	CTC	GC	-1.20498	0.09727	0.05016	1.20498	0.02915	0.05016	0.05016	0.05016
CTG	CTA	GA	-2.52968	0.43053	0.09430	2.52968	0.03431	0.09430	0.09430	0.09430
CCT	TCT	CT	0.93441	0.03814	0.05870	-0.93441	0.09710	0.05870	0.05870	0.05870
CCT	CTT	CT	0.93926	0.03814	0.05882	-0.93926	0.09757	0.05882	0.05882	0.05882
CCC	TCC	CT	1.27788	0.04765	0.08440	-1.27788	0.17101	0.08440	0.08440	0.08440
CCC	CTC	CT	1.41812	0.04765	0.08916	-1.41812	0.19675	0.08916	0.08916	0.08916
CCC	CCT	CT	0.87743	0.04765	0.07157	-0.87743	0.11458	0.07157	0.07157	0.07157
CCA	TCA	CT	0.66710	0.01745	0.02392	-0.66710	0.03401	0.02392	0.02392	0.02392
CCA	CTA	CT	1.07257	0.01745	0.02846	-1.07257	0.05102	0.02846	0.02846	0.02846
CCA	CCT	AT	1.85658	0.00385	0.00846	-1.85658	0.02462	0.00846	0.00846	0.00846
CCA	CCC	AC	0.97915	0.01155	0.01812	-0.97915	0.03076	0.01812	0.01812	0.01812
CCG	TCG	CT	1.07891	0.00377	0.00617	-1.07891	0.01110	0.00617	0.00617	0.00617
CCG	CTG	CT	4.76192	0.00377	0.01813	-4.76192	0.44145	0.01813	0.01813	0.01813
CCG	CCT	GT	3.01626	0.00083	0.00264	-3.01626	0.01698	0.00264	0.00264	0.00264
CCG	CCC	GC	2.13883	0.00250	0.00606	-2.13883	0.02121	0.00606	0.00606	0.00606
CCG	CCA	GA	1.15967	0.01106	0.01868	-1.15967	0.03526	0.01868	0.01868	0.01868
CAT	TAT	CT	1.57305	0.01911	0.03793	-1.57305	0.09213	0.03793	0.03793	0.03793
CAT	CTT	AT	1.60530	0.00421	0.00846	-1.60530	0.02097	0.00846	0.00846	0.00846
CAT	CCT	AC	0.66604	0.01265	0.01733	-0.66604	0.02462	0.01733	0.01733	0.01733
CAC	TAC	CT	1.06640	0.04765	0.07748	-1.06640	0.13841	0.07748	0.07748	0.07748
CAC	CTC	AT	1.39307	0.01050	0.01946	-1.39307	0.04228	0.01946	0.01946	0.01946
CAC	CCC	AC	-0.02505	0.03154	0.03114	0.02505	0.03076	0.03114	0.03114	0.03114
CAC	CAT	CT	0.18634	0.04765	0.05222	-0.18634	0.05741	0.05222	0.05222	0.05222
CAA	CTA	AT	1.33220	0.00289	0.00524	-1.33220	0.01096	0.00524	0.00524	0.00524
CAA	CCA	AC	0.25964	0.00869	0.00987	-0.25964	0.01127	0.00987	0.00987	0.00987
CAA	CAT	AT	1.45018	0.00289	0.00548	-1.45018	0.01234	0.00548	0.00548	0.00548
CAA	CAC	AC	1.26384	0.00869	0.01531	-1.26384	0.03076	0.01531	0.01531	0.01531
CAG	CTG	AT	1.60957	0.01897	0.03817	-1.60957	0.09486	0.03817	0.03817	0.03817
CAG	CCG	AC	-3.15236	0.05699	0.00802	3.15236	0.00244	0.00802	0.00802	0.00802
CAG	CAT	GT	-0.80214	0.01897	0.01237	0.80214	0.00851	0.01237	0.01237	0.01237
CAG	CAC	GC	-0.98848	0.05699	0.03339	0.98848	0.02121	0.03339	0.03339	0.03339
CAG	CAA	GA	-2.25232	0.25224	0.06676	2.25232	0.02652	0.06676	0.06676	0.06676
CGT	TGT	CT	3.23192	0.00401	0.01350	-3.23192	0.10158	0.01350	0.01350	0.01350
CGT	CTT	GT	2.79474	0.00088	0.00263	-2.79474	0.01446	0.00263	0.00263	0.00263
CGT	CCT	GC	1.85547	0.00265	0.00584	-1.85547	0.01698	0.00584	0.00584	0.00584
CGT	CAT	GA	1.18943	0.01175	0.02009	-1.18943	0.03860	0.02009	0.02009	0.02009
CGC	TGC	CT	1.77943	0.02893	0.06194	-1.77943	0.17148	0.06194	0.06194	0.06194
CGC	CTC	GT	1.52006	0.00638	0.01240	-1.52006	0.02915	0.01240	0.01240	0.01240
CGC	CCC	GC	0.10195	0.01915	0.02014	-0.10195	0.02121	0.02014	0.02014	0.02014
CGC	CAC	GA	0.12699	0.08477	0.09027	-0.12699	0.09625	0.09027	0.09027	0.09027
CGC	CGT	CT	-0.87610	0.02893	0.01809	0.87610	0.01205	0.01809	0.01809	0.01809
CGA	CTA	GT	1.84429	0.00120	0.00262	-1.84429	0.00756	0.00262	0.00262	0.00262
CGA	CCA	GC	0.77172	0.00359	0.00515	-0.77172	0.00777	0.00515	0.00515	0.00515
CGA	CAA	GA	0.51209	0.01589	0.02031	-0.51209	0.02652	0.02031	0.02031	0.02031
CGA	CGT	AT	0.77283	0.00120	0.00172	-0.77283	0.00259	0.00172	0.00172	0.00172
CGA	CGC	AC	1.64893	0.00359	0.00733	-1.64893	0.01868	0.00733	0.00733	0.00733
CGG	TGG	CT	2.40426	0.01423	0.03761	-2.40426	0.15754	0.03761	0.03761	0.03761
CGG	CTG	GT	3.03778	0.00314	0.01001	-3.03778	0.06541	0.01001	0.01001	0.01001
CGG	CCG	GC	-1.72415	0.00942	0.00352	1.72415	0.00168	0.00352	0.00352	0.00352
CGG	CAG	GA	1.42821	0.04169	0.07833	-1.42821	0.17392	0.07833	0.07833	0.07833
CGG	CGT	GT	-0.56336	0.00314	0.00233	0.56336	0.00179	0.00233	0.00233	0.00233
CGG	CGC	GC	0.31274	0.00942	0.01097	-0.31274	0.01288	0.01097	0.01097	0.01097
CGG	CGA	GA	-1.33619	0.04169	0.01986	1.33619	0.01096	0.01986	0.01986	0.01986
ATT	TTT	AT	1.93775	0.00379	0.00859	-1.93775	0.02635	0.00859	0.00859	0.00859
ATT	CTT	AC	0.60933	0.01140	0.01522	-0.60933	0.02097	0.01522	0.01522	0.01522
ATC	TTC	AT	1.53922	0.01220	0.02390	-1.53922	0.05685	0.02390	0.02390	0.02390
ATC	CTC	AC	0.14321	0.03664	0.03932	-0.14321	0.04228	0.03932	0.03932	0.03932
ATC	ATT	CT	-0.06755	0.05535	0.05350	0.06755	0.05174	0.05350	0.05350	0.05350
ATA	TTA	AT	-1.20986	0.00289	0.00149	1.20986	0.00086	0.00149	0.00149	0.00149
ATA	CTA	AC	0.23224	0.00869	0.00974	-0.23224	0.01096	0.00974	0.00974	0.00974
ATA	ATT	AT	1.34619	0.00289	0.00526	-1.34619	0.01112	0.00526	0.00526	0.00526
ATA	ATC	AC	1.41374	0.00869	0.01624	-1.41374	0.03573	0.01624	0.01624	0.01624
ATG	TTG	AT	0.25995	0.00861	0.00978	-0.25995	0.01117	0.00978	0.00978	0.00978
ATG	CTG	AC	1.29952	0.02587	0.04621	-1.29952	0.09486	0.04621	0.04621	0.04621
ATG	ATT	GT	-0.11621	0.00861	0.00812	0.11621	0.00767	0.00812	0.00812	0.00812
ATG	ATC	GC	-0.04866	0.02587	0.02524	0.04866	0.02464	0.02524	0.02524	0.02524
ATG	ATA	GA	-1.46240	0.11449	0.05049	1.46240	0.02652	0.05049	0.05049	0.05049
ACT	TCT	AT	1.24997	0.00598	0.01047	-1.24997	0.02086	0.01047	0.01047	0.01047
ACT	CCT	AC	0.31556	0.01796	0.02094	-0.31556	0.02462	0.02094	0.02094	0.02094
ACT	ATT	CT	0.64549	0.02713	0.03682	-0.64549	0.05174	0.03682	0.03682	0.03682
ACC	TCC	AT	1.07492	0.01254	0.02047	-1.07492	0.03675	0.02047	0.02047	0.02047
ACC	CCC	AC	-0.20296	0.03768	0.03398	0.20296	0.03076	0.03398	0.03398	0.03398
ACC	ATC	CT	1.07195	0.05692	0.09278	-1.07195	0.16628	0.09278	0.09278	0.09278
ACC	ACT	CT	0.35891	0.05692	0.06775	-0.35891	0.08150	0.06775	0.06775	0.06775
ACA	TCA	AT	0.34764	0.00516	0.00611	-0.34764	0.00731	0.00611	0.00611	0.00611
ACA	CCA	AC	-0.31946	0.01551	0.01316	0.31946	0.01127	0.01316	0.01316	0.01316
ACA	ATA	CT	0.52087	0.02343	0.03006	-0.52087	0.03944	0.03006	0.03006	0.03006
ACA	ACT	AT	1.22156	0.00516	0.00894	-1.22156	0.01751	0.00894	0.00894	0.00894
ACA	ACC	AC	0.86265	0.01551	0.02315	-0.86265	0.03675	0.02315	0.02315	0.02315
ACG	TCG	AT	-0.88007	0.00575	0.00359	0.88007	0.00239	0.00359	0.00359	0.00359
ACG	CCG	AC	-1.95898	0.01728	0.00556	1.95898	0.00244	0.00556	0.00556	0.00556
ACG	ATG	CT	1.50342	0.02610	0.05047	-1.50342	0.11739	0.05047	0.05047	0.05047
ACG	ACT	GT	0.74172	0.00575	0.00815	-0.74172	0.01208	0.00815	0.00815	0.00815
ACG	ACC	GC	0.38281	0.01728	0.02080	-0.38281	0.02534	0.02080	0.02080	0.02080
ACG	ACA	GA	-0.47984	0.07648	0.05959	0.47984	0.04733	0.05959	0.05959	0.05959
AAT	TAT	AT	1.33728	0.00520	0.00943	-1.33728	0.01980	0.00943	0.00943	0.00943
AAT	CAT	AC	-0.23577	0.01562	0.01385	0.23577	0.01234	0.01385	0.01385	0.01385
AAT	ATT	AT	0.76021	0.00520	0.00742	-0.76021	0.01112	0.00742	0.00742	0.00742
AAT	ACT	AC	0.11471	0.01562	0.01653	-0.11471	0.01751	0.01653	0.01653	0.01653
AAC	TAC	AT	0.96666	0.01131	0.01765	-0.96666	0.02974	0.01765	0.01765	0.01765
AAC	CAC	AC	-0.09975	0.03398	0.03232	0.09975	0.03076	0.03232	0.03232	0.03232
AAC	ATC	AT	1.15012	0.01131	0.01904	-1.15012	0.03573	0.01904	0.01904	0.01904
AAC	ACC	AC	0.07817	0.03398	0.03533	-0.07817	0.03675	0.03533	0.03533	0.03533
AAC	AAT	CT	0.32236	0.05134	0.06006	-0.32236	0.07087	0.06006	0.06006	0.06006
AAA	CAA	AC	0.17296	0.00713	0.00776	-0.17296	0.00848	0.00776	0.00776	0.00776
AAA	ATA	AT	1.27293	0.00237	0.00420	-1.27293	0.00848	0.00420	0.00420	0.00420
AAA	ACA	AC	0.75206	0.00713	0.01014	-0.75206	0.01513	0.01014	0.01014	0.01014
AAA	AAT	AT	1.85891	0.00237	0.00523	-1.85891	0.01523	0.00523	0.00523	0.00523
AAA	AAC	AC	1.53655	0.00713	0.01396	-1.53655	0.03314	0.01396	0.01396	0.01396
AAG	CAG	AC	0.41810	0.03659	0.04477	-0.41810	0.05558	0.04477	0.04477	0.04477
AAG	ATG	AT	0.72815	0.01218	0.01715	-0.72815	0.02523	0.01715	0.01715	0.01715
AAG	ACG	AC	-0.77527	0.03659	0.02422	0.77527	0.01685	0.02422	0.02422	0.02422
AAG	AAT	GT	-0.14827	0.01218	0.01130	0.14827	0.01050	0.01130	0.01130	0.01130
AAG	AAC	GC	-0.47063	0.03659	0.02865	0.47063	0.02285	0.02865	0.02865	0.02865
AAG	AAA	GA	-2.00718	0.16194	0.05045	2.00718	0.02176	0.05045	0.05045	0.05045
AGT	TGT	AT	1.64153	0.00423	0.00861	-1.64153	0.02183	0.00861	0.00861	0.00861
AGT	CGT	AC	-1.59039	0.01270	0.00517	1.59039	0.00259	0.00517	0.00517	0.00517
AGT	ATT	GT	0.59502	0.00423	0.00561	-0.59502	0.00767	0.00561	0.00561	0.00561
AGT	ACT	GC	-0.05047	0.01270	0.01238	0.05047	0.01208	0.01238	0.01238	0.01238
AGT	AAT	GA	-0.16519	0.05622	0.05170	0.16519	0.04766	0.05170	0.05170	0.05170
AGC	TGC	AT	0.93264	0.01450	0.02230	-0.93264	0.03685	0.02230	0.02230	0.02230
AGC	CGC	AC	-0.84679	0.04356	0.02769	0.84679	0.01868	0.02769	0.02769	0.02769
AGC	ATC	GT	0.53007	0.01450	0.01868	-0.53007	0.02464	0.01868	0.01868	0.01868
AGC	ACC	GC	-0.54188	0.04356	0.03282	0.54188	0.02534	0.03282	0.03282	0.03282
AGC	AAC	GA	-0.62005	0.19281	0.13917	0.62005	0.10371	0.13917	0.13917	0.13917
AGC	AGT	CT	-0.13250	0.06581	0.06155	0.13250	0.05764	0.06155	0.06155	0.06155
AGA	CGA	AC	-0.79489	0.00775	0.00508	0.79489	0.00350	0.00508	0.00508	0.00508
AGA	ATA	GT	0.81716	0.00258	0.00378	-0.81716	0.00584	0.00378	0.00378	0.00378
AGA	ACA	GC	0.29630	0.00775	0.00896	-0.29630	0.01043	0.00896	0.00896	0.00896
AGA	AAA	GA	-0.45577	0.03432	0.02709	0.45577	0.02176	0.02709	0.02709	0.02709
AGA	AGT	AT	1.56833	0.00258	0.00511	-1.56833	0.01239	0.00511	0.00511	0.00511
AGA	AGC	AC	1.70083	0.00775	0.01613	-1.70083	0.04248	0.01613	0.01613	0.01613
AGG	TGG	AT	1.55911	0.00712	0.01406	-1.55911	0.03385	0.01406	0.01406	0.01406
AGG	CGG	AC	-0.84514	0.02139	0.01361	0.84514	0.00919	0.01361	0.01361	0.01361
AGG	ATG	GT	0.89311	0.00712	0.01077	-0.89311	0.01739	0.01077	0.01077	0.01077
AGG	ACG	GC	-0.61031	0.02139	0.01552	0.61031	0.01162	0.01552	0.01552	0.01552
AGG	AAG	GA	0.16496	0.09468	0.10270	-0.16496	0.11166	0.10270	0.10270	0.10270
AGG	AGT	GT	0.18188	0.00712	0.00779	-0.18188	0.00854	0.00779	0.00779	0.00779
AGG	AGC	GC	0.31438	0.02139	0.02493	-0.31438	0.02929	0.02493	0.02493	0.02493
AGG	AGA	GA	-1.38645	0.09468	0.04375	1.38645	0.02367	0.04375	0.04375	0.04375
GTT	TTT	GT	1.36729	0.00463	0.00849	-1.36729	0.01817	0.00849	0.00849	0.00849
GTT	CTT	GC	0.03887	0.01390	0.01418	-0.03887	0.01446	0.01418	0.01418	0.01418
GTT	ATT	GA	-0.57045	0.06155	0.04565	0.57045	0.03479	0.04565	0.04565	0.04565
GTC	TTC	GT	1.71246	0.00707	0.01478	-1.71246	0.03920	0.01478	0.01478	0.01478
GTC	CTC	GC	0.31644	0.02124	0.02478	-0.31644	0.02915	0.02478	0.02478	0.02478
GTC	ATC	GA	0.17323	0.09403	0.10241	-0.17323	0.11181	0.10241	0.10241	0.10241
GTC	GTT	CT	0.67614	0.03209	0.04416	-0.67614	0.06311	0.04416	0.04416	0.04416
GTA	TTA	GT	-0.52459	0.00101	0.00076	0.52459	0.00059	0.00076	0.00076	0.00076
GTA	CTA	GC	0.91751	0.00302	0.00461	-0.91751	0.00756	0.00461	0.00461	0.00461
GTA	ATA	GA	0.68527	0.01337	0.01847	-0.68527	0.02652	0.01847	0.01847	0.01847
GTA	GTT	AT	2.60192	0.00101	0.00283	-2.60192	0.01356	0.00283	0.00283	0.00283
GTA	GTC	AC	1.92578	0.00302	0.00681	-1.92578	0.02072	0.00681	0.00681	0.00681
GTG	TTG	GT	-1.12776	0.02378	0.01284	1.12776	0.00770	0.01284	0.01284	0.01284
GTG	CTG	GC	-0.08819	0.07144	0.06833	0.08819	0.06541	0.06833	0.06833	0.06833
GTG	ATG	GA	-1.38771	0.31619	0.14599	1.38771	0.07894	0.14599	0.14599	0.14599
GTG	GTT	GT	-0.93347	0.02378	0.01438	0.93347	0.00935	0.01438	0.01438	0.01438
GTG	GTC	GC	-1.60961	0.07144	0.02874	1.60961	0.01428	0.02874	0.02874	0.02874
GTG	GTA	GA	-3.53538	0.31619	0.03356	3.53538	0.00922	0.03356	0.03356	0.03356
GCT	TCT	GT	0.58614	0.00801	0.01058	-0.58614	0.01439	0.01058	0.01058	0.01058
GCT	CCT	GC	-0.34827	0.02405	0.02010	0.34827	0.01698	0.02010	0.02010	0.02010
GCT	ACT	GA	-0.66382	0.10644	0.07499	0.66382	0.05481	0.07499	0.07499	0.07499
GCT	GTT	CT	0.55212	0.03633	0.04728	-0.55212	0.06311	0.04728	0.04728	0.04728
GCC	TCC	GT	0.11702	0.02254	0.02388	-0.11702	0.02534	0.02388	0.02388	0.02388
GCC	CCC	GC	-1.16086	0.06771	0.03585	1.16086	0.02121	0.03585	0.03585	0.03585
GCC	ACC	GA	-0.95790	0.29969	0.17873	0.95790	0.11499	0.17873	0.17873	0.17873
GCC	GTC	CT	-0.05918	0.10229	0.09929	0.05918	0.09641	0.09929	0.09929	0.09929
GCC	GCT	CT	0.06484	0.10229	0.10564	-0.06484	0.10914	0.10564	0.10564	0.10564
GCA	TCA	GT	-0.28808	0.00672	0.00580	0.28808	0.00504	0.00580	0.00580	0.00580
GCA	CCA	GC	-0.95518	0.02019	0.01206	0.95518	0.00777	0.01206	0.01206	0.01206
GCA	ACA	GA	-0.63571	0.08938	0.06396	0.63571	0.04733	0.06396	0.06396	0.06396
GCA	GTA	CT	-0.80012	0.03051	0.01991	0.80012	0.01371	0.01991	0.01991	0.01991
GCA	GCT	AT	1.24967	0.00672	0.01177	-1.24967	0.02345	0.01177	0.01177	0.01177
GCA	GCC	AC	1.18483	0.02019	0.03446	-1.18483	0.06603	0.03446	0.03446	0.03446
GCG	TCG	GT	-0.47062	0.00263	0.00206	0.47062	0.00164	0.00206	0.00206	0.00206
GCG	CCG	GC	-1.54953	0.00791	0.00330	1.54953	0.00168	0.00330	0.00330	0.00330
GCG	ACG	GA	0.40945	0.03501	0.04267	-0.40945	0.05273	0.04267	0.04267	0.04267
GCG	GTG	CT	3.30058	0.01195	0.04096	-3.30058	0.32422	0.04096	0.04096	0.04096
GCG	GCT	GT	1.81499	0.00263	0.00571	-1.81499	0.01617	0.00571	0.00571	0.00571
GCG	GCC	GC	1.75016	0.00791	0.01676	-1.75016	0.04553	0.01676	0.01676	0.01676
GCG	GCA	GA	0.56532	0.03501	0.04584	-0.56532	0.06162	0.04584	0.04584	0.04584
GAT	TAT	GT	1.70642	0.00248	0.00517	-1.70642	0.01365	0.00517	0.00517	0.00517
GAT	CAT	GC	0.13337	0.00744	0.00795	-0.13337	0.00851	0.00795	0.00795	0.00795
GAT	AAT	GA	0.36914	0.03295	0.03940	-0.36914	0.04766	0.03940	0.03940	0.03940
GAT	GTT	AT	1.69980	0.00248	0.00515	-1.69980	0.01356	0.00515	0.00515	0.00515
GAT	GCT	AC	1.14767	0.00744	0.01251	-1.14767	0.02345	0.01251	0.01251	0.01251
GAC	TAC	GT	0.49164	0.01254	0.01588	-0.49164	0.02051	0.01588	0.01588	0.01588
GAC	CAC	GC	-0.57476	0.03768	0.02788	0.57476	0.02121	0.02788	0.02788	0.02788
GAC	AAC	GA	-0.47502	0.16678	0.13029	0.47502	0.10371	0.13029	0.13029	0.13029
GAC	GTC	AT	0.50187	0.01254	0.01595	-0.50187	0.02072	0.01595	0.01595	0.01595
GAC	GCC	AC	0.56105	0.03768	0.04923	-0.56105	0.06603	0.04923	0.04923	0.04923
GAC	GAT	CT	-0.52179	0.05692	0.04336	0.52179	0.03378	0.04336	0.04336	0.04336
GAA	CAA	GC	-0.89198	0.01426	0.00883	0.89198	0.00584	0.00883	0.00883	0.00883
GAA	AAA	GA	-1.06495	0.06312	0.03536	1.06495	0.02176	0.03536	0.03536	0.03536
GAA	GTA	AT	-0.47729	0.00475	0.00370	0.47729	0.00295	0.00370	0.00370	0.00370
GAA	GCA	AC	0.32283	0.01426	0.01669	-0.32283	0.01969	0.01669	0.01669	0.01669
GAA	GAT	AT	0.42483	0.00475	0.00583	-0.42483	0.00726	0.00583	0.00583	0.00583
GAA	GAC	AC	0.94661	0.01426	0.02206	-0.94661	0.03675	0.02206	0.02206	0.02206
GAG	CAG	GC	-0.08545	0.04174	0.03998	0.08545	0.03832	0.03998	0.03998	0.03998
GAG	AAG	GA	-0.50355	0.18474	0.14212	0.50355	0.11166	0.14212	0.14212	0.14212
GAG	GTG	AT	1.61231	0.01389	0.02798	-1.61231	0.06967	0.02798	0.02798	0.02798
GAG	GCG	AC	-1.68828	0.04174	0.01598	1.68828	0.00771	0.01598	0.01598	0.01598
GAG	GAT	GT	-1.02096	0.01389	0.00799	1.02096	0.00501	0.00799	0.00799	0.00799
GAG	GAC	GC	-0.49917	0.04174	0.03218	0.49917	0.02534	0.03218	0.03218	0.03218
GAG	GAA	GA	-1.44578	0.18474	0.08231	1.44578	0.04352	0.08231	0.08231	0.08231
GGT	TGT	GT	1.32016	0.00402	0.00724	-1.32016	0.01505	0.00724	0.00724	0.00724
GGT	CGT	GC	-1.91176	0.01208	0.00400	1.91176	0.00179	0.00400	0.00400	0.00400
GGT	AGT	GA	-0.32137	0.05345	0.04532	0.32137	0.03876	0.04532	0.04532	0.04532
GGT	GTT	GT	0.84410	0.00402	0.00595	-0.84410	0.00935	0.00595	0.00595	0.00595
GGT	GCT	GC	0.29198	0.01208	0.01393	-0.29198	0.01617	0.01393	0.01393	0.01393
GGT	GAT	GA	-0.85569	0.05345	0.03381	0.85569	0.02272	0.03381	0.03381	0.03381
GGC	TGC	GT	0.48716	0.01561	0.01972	-0.48716	0.02541	0.01972	0.01972	0.01972
GGC	CGC	GC	-1.29227	0.04689	0.02294	1.29227	0.01288	0.02294	0.02294	0.02294
GGC	AGC	GA	-0.44548	0.20755	0.16474	0.44548	0.13294	0.16474	0.16474	0.16474
GGC	GTC	GT	-0.08865	0.01561	0.01493	0.08865	0.01428	0.01493	0.01493	0.01493
GGC	GCC	GC	-0.02947	0.04689	0.04620	0.02947	0.04553	0.04620	0.04620	0.04620
GGC	GAC	GA	-0.59052	0.20755	0.15226	0.59052	0.11499	0.15226	0.15226	0.15226
GGC	GGT	CT	-0.25661	0.07084	0.06214	0.25661	0.05481	0.06214	0.06214	0.06214
GGA	CGA	GC	-1.42543	0.01004	0.00453	1.42543	0.00241	0.00453	0.00453	0.00453
GGA	AGA	GA	-0.63055	0.04446	0.03191	0.63055	0.02367	0.03191	0.03191	0.03191
GGA	GTA	GT	-0.49866	0.00334	0.00258	0.49866	0.00203	0.00258	0.00258	0.00258
GGA	GCA	GC	0.30146	0.01004	0.01163	-0.30146	0.01358	0.01163	0.01163	0.01163
GGA	GAA	GA	-0.02136	0.04446	0.04398	0.02136	0.04352	0.04398	0.04398	0.04398
GGA	GGT	AT	1.25916	0.00334	0.00588	-1.25916	0.01178	0.00588	0.00588	0.00588
GGA	GGC	AC	1.51577	0.01004	0.01951	-1.51577	0.04573	0.01951	0.01951	0.01951
GGG	TGG	GT	0.65055	0.01218	0.01657	-0.65055	0.02334	0.01657	0.01657	0.01657
GGG	CGG	GC	-1.75371	0.03659	0.01343	1.75371	0.00633	0.01343	0.01343	0.01343
GGG	AGG	GA	-0.90857	0.16194	0.09936	0.90857	0.06528	0.09936	0.09936	0.09936
GGG	GTG	GT	1.37226	0.01218	0.02239	-1.37226	0.04804	0.02239	0.02239	0.02239
GGG	GCG	GC	-1.92833	0.03659	0.01200	1.92833	0.00532	0.01200	0.01200	0.01200
GGG	GAG	GA	-0.24005	0.16194	0.14328	0.24005	0.12738	0.14328	0.14328	0.14328
GGG	GGT	GT	-0.40531	0.01218	0.00988	0.40531	0.00812	0.00988	0.00988	0.00988
GGG	GGC	GC	-0.14870	0.03659	0.03393	0.14870	0.03153	0.03393	0.03393	0.03393
GGG	GGA	GA	-1.66447	0.16194	0.06293	1.66447	0.03065	0.06293	0.06293	0.06293


Histograms
2Ns	FMut	FSub(CodonUsage)	FSubw(after w)

-4.53516	0.02243	0.00117	0.00117
-4.08165	0.00273	0.00023	0.00023
-3.62813	0.01516	0.00202	0.00202
-3.17462	0.02877	0.00485	0.00485
-2.72110	0.02760	0.00730	0.00730
-2.26758	0.02288	0.00740	0.00740
-1.81407	0.06501	0.03013	0.03013
-1.36055	0.16896	0.09864	0.09864
-0.90703	0.10897	0.08286	0.08286
-0.45352	0.18783	0.18410	0.18410
0.00000	0.12960	0.16260	0.16260
0.45352	0.11682	0.18410	0.18410
0.90703	0.04296	0.08286	0.08286
1.36055	0.04269	0.09864	0.09864
1.81407	0.01136	0.03013	0.03013
2.26758	0.00231	0.00740	0.00740
2.72110	0.00208	0.00730	0.00730
3.17462	0.00115	0.00485	0.00485
3.62813	0.00044	0.00202	0.00202
4.08165	0.00004	0.00023	0.00023
4.53516	0.00020	0.00117	0.00117

Proportion of advantageous (S > 0) mutations:
 0.28129

Proportions of good & bad mutations (|S| > 2.0000) among mutations:
0.00727  0.12733

mean |Ns| = 1.13222	mean Ns+ = 0.69739	mean Ns- = -1.30240

