Supplemental results for CODEML (seqf: paml_alt_homo_altered_dna_aligned_combined_TAS1R3  treef: paml_alt_homo_ML_tree_output_altered_dna_aligned_combined_TAS1R3.txt)

I	J	ij	2Ns_IJ	pMut_IJ	pSub_IJ	2Ns_JI	pMut_JI	pSub_JI

TTC	TTT	CT	-0.82192	0.08789	0.05666	0.82192	0.03864	0.05666	0.05666	0.05666
TTA	TTT	AT	3.74581	0.00014	0.00055	-3.74581	0.00602	0.00055	0.00055	0.00055
TTA	TTC	AC	4.56774	0.00047	0.00218	-4.56774	0.04540	0.00218	0.00218	0.00218
TTG	TTT	GT	1.24691	0.00164	0.00287	-1.24691	0.00571	0.00287	0.00287	0.00287
TTG	TTC	GC	2.06883	0.00544	0.01288	-2.06883	0.04307	0.01288	0.01288	0.01288
TTG	TTA	GA	-2.49890	0.02531	0.00566	2.49890	0.00208	0.00566	0.00566	0.00566
TCT	TTT	CT	1.87479	0.00593	0.01312	-1.87479	0.03864	0.01312	0.01312	0.01312
TCC	TTC	CT	2.36041	0.02751	0.07171	-2.36041	0.29152	0.07171	0.07171	0.07171
TCC	TCT	CT	-0.33631	0.02751	0.02315	0.33631	0.01966	0.02315	0.02315	0.02315
TCA	TTA	CT	-1.59540	0.01270	0.00515	1.59540	0.00258	0.00515	0.00515	0.00515
TCA	TCT	AT	0.27562	0.00232	0.00266	-0.27562	0.00306	0.00266	0.00266	0.00266
TCA	TCC	AC	0.61193	0.00771	0.01030	-0.61193	0.01421	0.01030	0.01030	0.01030
TCG	TTG	CT	0.44173	0.01912	0.02365	-0.44173	0.02974	0.02365	0.02365	0.02365
TCG	TCT	GT	-0.18615	0.00350	0.00318	0.18615	0.00290	0.00318	0.00318	0.00318
TCG	TCC	GC	0.15016	0.01160	0.01250	-0.15016	0.01348	0.01250	0.01250	0.01250
TCG	TCA	GA	-0.46177	0.05397	0.04246	0.46177	0.03401	0.04246	0.04246	0.04246
TAT	TTT	AT	1.65572	0.00115	0.00235	-1.65572	0.00602	0.00235	0.00235	0.00235
TAT	TCT	AC	-0.21908	0.00381	0.00341	0.21908	0.00306	0.00341	0.00341	0.00341
TAC	TTC	AT	1.84094	0.00720	0.01576	-1.84094	0.04540	0.01576	0.01576	0.01576
TAC	TCC	AC	-0.51947	0.02389	0.01822	0.51947	0.01421	0.01822	0.01822	0.01822
TAC	TAT	CT	-0.63670	0.03937	0.02816	0.63670	0.02083	0.02816	0.02816	0.02816
TGT	TTT	GT	1.30425	0.00155	0.00277	-1.30425	0.00571	0.00277	0.00277	0.00277
TGT	TCT	GC	-0.57055	0.00514	0.00381	0.57055	0.00290	0.00381	0.00381	0.00381
TGT	TAT	GA	-0.35147	0.02390	0.01994	0.35147	0.01682	0.01994	0.01994	0.01994
TGC	TTC	GT	1.27321	0.01206	0.02132	-1.27321	0.04307	0.02132	0.02132	0.02132
TGC	TCC	GC	-1.08720	0.03999	0.02212	1.08720	0.01348	0.02212	0.02212	0.02212
TGC	TAC	GA	-0.56773	0.18601	0.13818	0.56773	0.10543	0.13818	0.13818	0.13818
TGC	TGT	CT	-0.85296	0.06589	0.04174	0.85296	0.02808	0.04174	0.04174	0.04174
TGG	TTG	GT	-0.70960	0.00893	0.00614	0.70960	0.00439	0.00614	0.00614	0.00614
TGG	TCG	GC	-1.15134	0.02963	0.01578	1.15134	0.00937	0.01578	0.01578	0.01578
TGG	TGT	GT	-0.76694	0.00893	0.00594	0.76694	0.00415	0.00594	0.00594	0.00594
TGG	TGC	GC	0.08602	0.02963	0.03092	-0.08602	0.03229	0.03092	0.03092	0.03092
CTT	TTT	CT	1.12383	0.01256	0.02091	-1.12383	0.03864	0.02091	0.02091	0.02091
CTC	TTC	CT	1.46067	0.06766	0.12869	-1.46067	0.29152	0.12869	0.12869	0.12869
CTC	CTT	CT	-0.48509	0.06766	0.05257	0.48509	0.04165	0.05257	0.05257	0.05257
CTA	TTA	CT	-1.36528	0.01009	0.00472	1.36528	0.00258	0.00472	0.00472	0.00472
CTA	CTT	AT	1.25670	0.00185	0.00324	-1.25670	0.00649	0.00324	0.00324	0.00324
CTA	CTC	AC	1.74179	0.00612	0.01293	-1.74179	0.03495	0.01293	0.01293	0.01293
CTG	TTG	CT	-1.93102	0.20509	0.06716	1.93102	0.02974	0.06716	0.06716	0.06716
CTG	CTT	GT	-1.80794	0.03753	0.01331	1.80794	0.00615	0.01331	0.01331	0.01331
CTG	CTC	GC	-1.32286	0.12447	0.05978	1.32286	0.03315	0.05978	0.05978	0.05978
CTG	CTA	GA	-3.06464	0.57894	0.08686	3.06464	0.02702	0.08686	0.08686	0.08686
CCT	TCT	CT	0.08076	0.01813	0.01887	-0.08076	0.01966	0.01887	0.01887	0.01887
CCT	CTT	CT	0.83173	0.01813	0.02670	-0.83173	0.04165	0.02670	0.02670	0.02670
CCC	TCC	CT	0.42229	0.05983	0.07334	-0.42229	0.09126	0.07334	0.07334	0.07334
CCC	CTC	CT	1.32203	0.05983	0.10784	-1.32203	0.22441	0.10784	0.10784	0.10784
CCC	CCT	CT	0.00522	0.05983	0.05998	-0.00522	0.06014	0.05998	0.05998	0.05998
CCA	TCA	CT	0.90718	0.01700	0.02586	-0.90718	0.04212	0.02586	0.02586	0.02586
CCA	CTA	CT	0.67707	0.01700	0.02340	-0.67707	0.03346	0.02340	0.02340	0.02340
CCA	CCT	AT	1.10204	0.00311	0.00513	-1.10204	0.00937	0.00513	0.00513	0.00513
CCA	CCC	AC	1.09683	0.01032	0.01699	-1.09683	0.03090	0.01699	0.01699	0.01699
CCG	TCG	CT	1.00813	0.02314	0.03673	-1.00813	0.06341	0.03673	0.03673	0.03673
CCG	CTG	CT	3.38088	0.02314	0.08099	-3.38088	0.68024	0.08099	0.08099	0.08099
CCG	CCT	GT	0.74121	0.00423	0.00600	-0.74121	0.00889	0.00600	0.00600	0.00600
CCG	CCC	GC	0.73600	0.01404	0.01984	-0.73600	0.02932	0.01984	0.01984	0.01984
CCG	CCA	GA	-0.36083	0.06532	0.05424	0.36083	0.04554	0.05424	0.05424	0.05424
CAT	TAT	CT	1.28094	0.00579	0.01026	-1.28094	0.02083	0.01026	0.01026	0.01026
CAT	CTT	AT	1.81283	0.00106	0.00229	-1.81283	0.00649	0.00229	0.00229	0.00229
CAT	CCT	AC	0.98110	0.00351	0.00551	-0.98110	0.00937	0.00551	0.00551	0.00551
CAC	TAC	CT	1.00867	0.04762	0.07561	-1.00867	0.13057	0.07561	0.07561	0.07561
CAC	CTC	AT	1.38894	0.00871	0.01612	-1.38894	0.03495	0.01612	0.01612	0.01612
CAC	CCC	AC	0.06691	0.02890	0.02988	-0.06691	0.03090	0.02988	0.02988	0.02988
CAC	CAT	CT	-0.90897	0.04762	0.02921	0.90897	0.01919	0.02921	0.02921	0.02921
CAA	CTA	AT	1.82622	0.00084	0.00183	-1.82622	0.00521	0.00183	0.00183	0.00183
CAA	CCA	AC	1.14915	0.00278	0.00468	-1.14915	0.00878	0.00468	0.00468	0.00468
CAA	CAT	AT	1.27009	0.00084	0.00148	-1.27009	0.00299	0.00148	0.00148	0.00148
CAA	CAC	AC	2.17907	0.00278	0.00684	-2.17907	0.02460	0.00684	0.00684	0.00684
CAG	CTG	AT	1.79373	0.01762	0.03791	-1.79373	0.10593	0.03791	0.03791	0.03791
CAG	CCG	AC	-1.58715	0.05844	0.02385	1.58715	0.01195	0.02385	0.02385	0.02385
CAG	CAT	GT	-1.82704	0.01762	0.00617	1.82704	0.00283	0.00617	0.00617	0.00617
CAG	CAC	GC	-0.91807	0.05844	0.03566	0.91807	0.02334	0.03566	0.03566	0.03566
CAG	CAA	GA	-3.09713	0.27184	0.03984	3.09713	0.01228	0.03984	0.03984	0.03984
CGT	TGT	CT	0.95607	0.01079	0.01676	-0.95607	0.02808	0.01676	0.01676	0.01676
CGT	CTT	GT	1.13650	0.00198	0.00331	-1.13650	0.00615	0.00331	0.00331	0.00331
CGT	CCT	GC	0.30477	0.00655	0.00760	-0.30477	0.00889	0.00760	0.00760	0.00760
CGT	CAT	GA	-0.67633	0.03047	0.02132	0.67633	0.01549	0.02132	0.02132	0.02132
CGC	TGC	CT	1.60556	0.04388	0.08815	-1.60556	0.21856	0.08815	0.08815	0.08815
CGC	CTC	GT	1.41810	0.00803	0.01502	-1.41810	0.03315	0.01502	0.01502	0.01502
CGC	CCC	GC	0.09607	0.02663	0.02793	-0.09607	0.02932	0.02793	0.02793	0.02793
CGC	CAC	GA	0.02916	0.12387	0.12569	-0.02916	0.12754	0.12569	0.12569	0.12569
CGC	CGT	CT	-0.20348	0.04388	0.03957	0.20348	0.03580	0.03957	0.03957	0.03957
CGA	CTA	GT	1.99675	0.00067	0.00155	-1.99675	0.00494	0.00155	0.00155	0.00155
CGA	CCA	GC	1.31968	0.00223	0.00401	-1.31968	0.00833	0.00401	0.00401	0.00401
CGA	CAA	GA	0.17053	0.01036	0.01126	-0.17053	0.01228	0.01126	0.01126	0.01126
CGA	CGT	AT	2.11696	0.00067	0.00162	-2.11696	0.00558	0.00162	0.00162	0.00162
CGA	CGC	AC	2.32044	0.00223	0.00573	-2.32044	0.02267	0.00573	0.00573	0.00573
CGG	TGG	CT	1.50616	0.03591	0.06950	-1.50616	0.16193	0.06950	0.06950	0.06950
CGG	CTG	GT	2.72758	0.00657	0.01918	-2.72758	0.10050	0.01918	0.01918	0.01918
CGG	CCG	GC	-0.65330	0.02179	0.01544	0.65330	0.01134	0.01544	0.01544	0.01544
CGG	CAG	GA	0.93385	0.10137	0.15596	-0.93385	0.25791	0.15596	0.15596	0.15596
CGG	CGT	GT	-0.21686	0.00657	0.00588	0.21686	0.00529	0.00588	0.00588	0.00588
CGG	CGC	GC	-0.01338	0.02179	0.02165	0.01338	0.02150	0.02165	0.02165	0.02165
CGG	CGA	GA	-2.33382	0.10137	0.02539	2.33382	0.00983	0.02539	0.02539	0.02539
ATT	TTT	AT	1.92485	0.00088	0.00198	-1.92485	0.00602	0.00198	0.00198	0.00198
ATT	CTT	AC	0.80102	0.00291	0.00423	-0.80102	0.00649	0.00423	0.00423	0.00423
ATC	TTC	AT	2.17134	0.00518	0.01269	-2.17134	0.04540	0.01269	0.01269	0.01269
ATC	CTC	AC	0.71067	0.01717	0.02399	-0.71067	0.03495	0.02399	0.02399	0.02399
ATC	ATT	CT	-0.57543	0.02829	0.02093	0.57543	0.01591	0.02093	0.02093	0.02093
ATA	TTA	AT	0.14047	0.00035	0.00037	-0.14047	0.00040	0.00037	0.00037	0.00037
ATA	CTA	AC	1.50575	0.00116	0.00224	-1.50575	0.00521	0.00224	0.00224	0.00224
ATA	ATT	AT	1.96143	0.00035	0.00080	-1.96143	0.00248	0.00080	0.00080	0.00080
ATA	ATC	AC	2.53687	0.00116	0.00318	-2.53687	0.01461	0.00318	0.00318	0.00318
ATG	TTG	AT	-0.50932	0.00771	0.00591	0.50932	0.00463	0.00591	0.00591	0.00591
ATG	CTG	AC	1.42170	0.02556	0.04790	-1.42170	0.10593	0.04790	0.04790	0.04790
ATG	ATT	GT	-1.18726	0.00771	0.00402	1.18726	0.00235	0.00402	0.00402	0.00402
ATG	ATC	GC	-0.61183	0.02556	0.01853	0.61183	0.01386	0.01853	0.01853	0.01853
ATG	ATA	GA	-3.14869	0.11889	0.01678	3.14869	0.00510	0.01678	0.01678	0.01678
ACT	TCT	AT	1.42553	0.00074	0.00138	-1.42553	0.00306	0.00138	0.00138	0.00138
ACT	CCT	AC	1.34477	0.00244	0.00444	-1.34477	0.00937	0.00444	0.00444	0.00444
ACT	ATT	CT	1.37548	0.00402	0.00740	-1.37548	0.01591	0.00740	0.00740	0.00740
ACC	TCC	AT	0.77343	0.00656	0.00942	-0.77343	0.01421	0.00942	0.00942	0.00942
ACC	CCC	AC	0.35114	0.02175	0.02579	-0.35114	0.03090	0.02579	0.02579	0.02579
ACC	ATC	CT	0.96250	0.03584	0.05581	-0.96250	0.09383	0.05581	0.05581	0.05581
ACC	ACT	CT	-0.98841	0.03584	0.02100	0.98841	0.01334	0.02100	0.02100	0.02100
ACA	TCA	AT	0.57473	0.00369	0.00485	-0.57473	0.00656	0.00485	0.00485	0.00485
ACA	CCA	AC	-0.33245	0.01225	0.01032	0.33245	0.00878	0.01032	0.01032	0.01032
ACA	ATA	CT	-1.16113	0.02018	0.01068	1.16113	0.00632	0.01068	0.01068	0.01068
ACA	ACT	AT	-0.57518	0.00369	0.00273	0.57518	0.00208	0.00273	0.00273	0.00273
ACA	ACC	AC	0.41323	0.01225	0.01495	-0.41323	0.01851	0.01495	0.01495	0.01495
ACG	TCG	AT	0.75656	0.00463	0.00661	-0.75656	0.00988	0.00661	0.00661	0.00661
ACG	CCG	AC	-0.25157	0.01537	0.01352	0.25157	0.01195	0.01352	0.01352	0.01352
ACG	ATG	CT	1.70762	0.02533	0.05283	-1.70762	0.13970	0.05283	0.05283	0.05283
ACG	ACT	GT	-0.85512	0.00463	0.00293	0.85512	0.00197	0.00293	0.00293	0.00293
ACG	ACC	GC	0.13329	0.01537	0.01642	-0.13329	0.01756	0.01642	0.01642	0.01642
ACG	ACA	GA	-0.27994	0.07150	0.06195	0.27994	0.05404	0.06195	0.06195	0.06195
AAT	TAT	AT	0.84427	0.00139	0.00206	-0.84427	0.00324	0.00206	0.00206	0.00206
AAT	CAT	AC	-0.43667	0.00462	0.00369	0.43667	0.00299	0.00369	0.00369	0.00369
AAT	ATT	AT	0.57514	0.00139	0.00183	-0.57514	0.00248	0.00183	0.00183	0.00183
AAT	ACT	AC	-0.80034	0.00462	0.00302	0.80034	0.00208	0.00302	0.00302	0.00302
AAC	TAC	AT	0.82109	0.00895	0.01312	-0.82109	0.02033	0.01312	0.01312	0.01312
AAC	CAC	AC	-0.18758	0.02967	0.02698	0.18758	0.02460	0.02698	0.02698	0.02698
AAC	ATC	AT	0.49069	0.00895	0.01132	-0.49069	0.01461	0.01132	0.01132	0.01132
AAC	ACC	AC	-0.47181	0.02967	0.02322	0.47181	0.01851	0.02322	0.02322	0.02322
AAC	AAT	CT	-0.65988	0.04889	0.03452	0.65988	0.02527	0.03452	0.03452	0.03452
AAA	CAA	AC	-0.19156	0.00287	0.00260	0.19156	0.00237	0.00260	0.00260	0.00260
AAA	ATA	AT	0.12891	0.00086	0.00092	-0.12891	0.00098	0.00092	0.00092	0.00092
AAA	ACA	AC	1.29004	0.00287	0.00511	-1.29004	0.01042	0.00511	0.00511	0.00511
AAA	AAT	AT	1.51520	0.00086	0.00168	-1.51520	0.00394	0.00168	0.00168	0.00168
AAA	AAC	AC	2.17508	0.00287	0.00704	-2.17508	0.02525	0.00704	0.00704	0.00704
AAG	CAG	AC	0.83111	0.02167	0.03190	-0.83111	0.04974	0.03190	0.03190	0.03190
AAG	ATG	AT	1.20314	0.00653	0.01123	-1.20314	0.02175	0.01123	0.01123	0.01123
AAG	ACG	AC	-0.50447	0.02167	0.01666	0.50447	0.01308	0.01666	0.01666	0.01666
AAG	AAT	GT	-0.55926	0.00653	0.00487	0.55926	0.00373	0.00487	0.00487	0.00487
AAG	AAC	GC	0.10062	0.02167	0.02277	-0.10062	0.02396	0.02277	0.02277	0.02277
AAG	AAA	GA	-2.07446	0.10077	0.03003	2.07446	0.01266	0.03003	0.03003	0.03003
AGT	TGT	AT	1.06308	0.00151	0.00245	-1.06308	0.00437	0.00245	0.00245	0.00245
AGT	CGT	AC	0.10701	0.00501	0.00528	-0.10701	0.00558	0.00528	0.00528	0.00528
AGT	ATT	GT	0.44248	0.00151	0.00187	-0.44248	0.00235	0.00187	0.00187	0.00187
AGT	ACT	GC	-0.93299	0.00501	0.00303	0.93299	0.00197	0.00303	0.00303	0.00303
AGT	AAT	GA	-0.13265	0.02330	0.02179	0.13265	0.02041	0.02179	0.02179	0.02179
AGC	TGC	AT	0.87964	0.01412	0.02123	-0.87964	0.03403	0.02123	0.02123	0.02123
AGC	CGC	AC	-0.72591	0.04684	0.03188	0.72591	0.02267	0.03188	0.03188	0.03188
AGC	ATC	GT	-0.01848	0.01412	0.01399	0.01848	0.01386	0.01399	0.01399	0.01399
AGC	ACC	GC	-0.98098	0.04684	0.02756	0.98098	0.01756	0.02756	0.02756	0.02756
AGC	AAC	GA	-0.50918	0.21787	0.16709	0.50918	0.13094	0.16709	0.16709	0.16709
AGC	AGT	CT	-1.03640	0.07718	0.04397	1.03640	0.02738	0.04397	0.04397	0.04397
AGA	CGA	AC	1.30508	0.00051	0.00092	-1.30508	0.00189	0.00092	0.00092	0.00092
AGA	ATA	GT	1.79608	0.00015	0.00033	-1.79608	0.00093	0.00033	0.00033	0.00033
AGA	ACA	GC	2.95721	0.00051	0.00160	-2.95721	0.00989	0.00160	0.00160	0.00160
AGA	AAA	GA	1.66717	0.00239	0.00491	-1.66717	0.01266	0.00491	0.00491	0.00491
AGA	AGT	AT	3.31503	0.00015	0.00053	-3.31503	0.00426	0.00053	0.00053	0.00053
AGA	AGC	AC	4.35143	0.00051	0.00226	-4.35143	0.03987	0.00226	0.00226	0.00226
AGG	TGG	AT	1.82161	0.00408	0.00886	-1.82161	0.02522	0.00886	0.00886	0.00886
AGG	CGG	AC	0.31545	0.01353	0.01578	-0.31545	0.01855	0.01578	0.01578	0.01578
AGG	ATG	GT	1.62132	0.00408	0.00824	-1.62132	0.02064	0.00824	0.00824	0.00824
AGG	ACG	GC	-0.08629	0.01353	0.01295	0.08629	0.01241	0.01295	0.01295	0.01295
AGG	AAG	GA	0.41818	0.06293	0.07701	-0.41818	0.09561	0.07701	0.07701	0.07701
AGG	AGT	GT	-0.00842	0.00408	0.00406	0.00842	0.00404	0.00406	0.00406	0.00406
AGG	AGC	GC	1.02798	0.01353	0.02166	-1.02798	0.03782	0.02166	0.02166	0.02166
AGG	AGA	GA	-3.32345	0.06293	0.00782	3.32345	0.00227	0.00782	0.00782	0.00782
GTT	TTT	GT	2.30755	0.00057	0.00146	-2.30755	0.00571	0.00146	0.00146	0.00146
GTT	CTT	GC	1.18372	0.00188	0.00321	-1.18372	0.00615	0.00321	0.00321	0.00321
GTT	ATT	GA	0.38271	0.00876	0.01055	-0.38271	0.01285	0.01055	0.01055	0.01055
GTC	TTC	GT	2.01461	0.00574	0.01335	-2.01461	0.04307	0.01335	0.01335	0.01335
GTC	CTC	GC	0.55395	0.01905	0.02482	-0.55395	0.03315	0.02482	0.02482	0.02482
GTC	ATC	GA	-0.15672	0.08862	0.08186	0.15672	0.07577	0.08186	0.08186	0.08186
GTC	GTT	CT	-1.11486	0.03139	0.01708	1.11486	0.01030	0.01708	0.01708	0.01708
GTA	TTA	GT	-0.25390	0.00049	0.00043	0.25390	0.00038	0.00043	0.00043	0.00043
GTA	CTA	GC	1.11139	0.00163	0.00270	-1.11139	0.00494	0.00270	0.00270	0.00270
GTA	ATA	GA	-0.39436	0.00757	0.00617	0.39436	0.00510	0.00617	0.00617	0.00617
GTA	GTT	AT	1.18437	0.00049	0.00084	-1.18437	0.00160	0.00084	0.00084	0.00084
GTA	GTC	AC	2.29923	0.00163	0.00416	-2.29923	0.01622	0.00416	0.00416	0.00416
GTG	TTG	GT	-1.64932	0.02286	0.00897	1.64932	0.00439	0.00897	0.00897	0.00897
GTG	CTG	GC	0.28171	0.07583	0.08701	-0.28171	0.10050	0.08701	0.08701	0.08701
GTG	ATG	GA	-1.13999	0.35270	0.18906	1.13999	0.11280	0.18906	0.18906	0.18906
GTG	GTT	GT	-2.70996	0.02286	0.00442	2.70996	0.00152	0.00442	0.00442	0.00442
GTG	GTC	GC	-1.59510	0.07583	0.03079	1.59510	0.01538	0.03079	0.03079	0.03079
GTG	GTA	GA	-3.89433	0.35270	0.02854	3.89433	0.00718	0.02854	0.02854	0.02854
GCT	TCT	GT	-0.49754	0.00478	0.00369	0.49754	0.00290	0.00369	0.00369	0.00369
GCT	CCT	GC	-0.57830	0.01584	0.01170	0.57830	0.00889	0.01170	0.01170	0.01170
GCT	ACT	GA	-1.92306	0.07369	0.02426	1.92306	0.01077	0.02426	0.02426	0.02426
GCT	GTT	CT	-0.93029	0.02610	0.01582	0.93029	0.01030	0.01582	0.01582	0.01582
GCC	TCC	GT	-0.54536	0.02326	0.01749	0.54536	0.01348	0.01749	0.01749	0.01749
GCC	CCC	GC	-0.96764	0.07716	0.04575	0.96764	0.02932	0.04575	0.04575	0.04575
GCC	ACC	GA	-1.31878	0.35887	0.17280	1.31878	0.09598	0.17280	0.17280	0.17280
GCC	GTC	CT	-0.19956	0.12713	0.11487	0.19956	0.10413	0.11487	0.11487	0.11487
GCC	GCT	CT	-0.38413	0.12713	0.10427	0.38413	0.08658	0.10427	0.10427	0.10427
GCA	TCA	GT	0.67685	0.00316	0.00435	-0.67685	0.00622	0.00435	0.00435	0.00435
GCA	CCA	GC	-0.23033	0.01049	0.00933	0.23033	0.00833	0.00933	0.00933	0.00933
GCA	ACA	GA	0.10212	0.04879	0.05133	-0.10212	0.05404	0.05133	0.05133	0.05133
GCA	GTA	CT	-0.66465	0.01728	0.01217	0.66465	0.00889	0.01217	0.01217	0.01217
GCA	GCT	AT	1.45001	0.00316	0.00599	-1.45001	0.01348	0.00599	0.00599	0.00599
GCA	GCC	AC	1.83414	0.01049	0.02290	-1.83414	0.06566	0.02290	0.02290	0.02290
GCG	TCG	GT	0.80344	0.00420	0.00610	-0.80344	0.00937	0.00610	0.00610	0.00610
GCG	CCG	GC	-0.20468	0.01392	0.01254	0.20468	0.01134	0.01254	0.01254	0.01254
GCG	ACG	GA	0.04689	0.06472	0.06625	-0.04689	0.06783	0.06625	0.06625	0.06625
GCG	GTG	CT	2.89449	0.02293	0.07025	-2.89449	0.41442	0.07025	0.07025	0.07025
GCG	GCT	GT	1.11483	0.00420	0.00696	-1.11483	0.01279	0.00696	0.00696	0.00696
GCG	GCC	GC	1.49896	0.01392	0.02686	-1.49896	0.06230	0.02686	0.02686	0.02686
GCG	GCA	GA	-0.33518	0.06472	0.05448	0.33518	0.04629	0.05448	0.05448	0.05448
GAT	TAT	GT	0.53931	0.00179	0.00232	-0.53931	0.00308	0.00232	0.00232	0.00232
GAT	CAT	GC	-0.74163	0.00595	0.00401	0.74163	0.00283	0.00401	0.00401	0.00401
GAT	AAT	GA	-0.30495	0.02768	0.02368	0.30495	0.02041	0.02368	0.02368	0.02368
GAT	GTT	AT	-0.11252	0.00179	0.00170	0.11252	0.00160	0.00170	0.00170	0.00170
GAT	GCT	AC	0.81777	0.00595	0.00871	-0.81777	0.01348	0.00871	0.00871	0.00871
GAC	TAC	GT	0.55374	0.01109	0.01444	-0.55374	0.01929	0.01444	0.01444	0.01444
GAC	CAC	GC	-0.45493	0.03678	0.02905	0.45493	0.02334	0.02905	0.02905	0.02905
GAC	AAC	GA	-0.26735	0.17107	0.14922	0.26735	0.13094	0.14922	0.14922	0.14922
GAC	GTC	AT	0.38007	0.01109	0.01333	-0.38007	0.01622	0.01333	0.01333	0.01333
GAC	GCC	AC	0.57962	0.03678	0.04846	-0.57962	0.06566	0.04846	0.04846	0.04846
GAC	GAT	CT	-0.62227	0.06060	0.04369	0.62227	0.03253	0.04369	0.04369	0.04369
GAA	CAA	GC	-0.22914	0.00283	0.00251	0.22914	0.00225	0.00251	0.00251	0.00251
GAA	AAA	GA	-0.03757	0.01314	0.01290	0.03757	0.01266	0.01290	0.01290	0.01290
GAA	GTA	AT	0.48569	0.00085	0.00108	-0.48569	0.00138	0.00108	0.00108	0.00108
GAA	GCA	AC	1.15034	0.00283	0.00476	-1.15034	0.00893	0.00476	0.00476	0.00476
GAA	GAT	AT	1.78258	0.00085	0.00183	-1.78258	0.00507	0.00183	0.00183	0.00183
GAA	GAC	AC	2.40486	0.00283	0.00747	-2.40486	0.03130	0.00747	0.00747	0.00747
GAG	CAG	GC	0.00288	0.04706	0.04712	-0.00288	0.04719	0.04712	0.04712	0.04712
GAG	AAG	GA	-0.82823	0.21887	0.14060	0.82823	0.09561	0.14060	0.14060	0.14060
GAG	GTG	AT	1.51491	0.01419	0.02755	-1.51491	0.06453	0.02755	0.02755	0.02755
GAG	GCG	AC	-1.37959	0.04706	0.02183	1.37959	0.01184	0.02183	0.02183	0.02183
GAG	GAT	GT	-1.08253	0.01419	0.00787	1.08253	0.00481	0.00787	0.00787	0.00787
GAG	GAC	GC	-0.46026	0.04706	0.03705	0.46026	0.02970	0.03705	0.03705	0.03705
GAG	GAA	GA	-2.86511	0.21887	0.03789	2.86511	0.01247	0.03789	0.03789	0.03789
GGT	TGT	GT	0.98515	0.00155	0.00244	-0.98515	0.00415	0.00244	0.00244	0.00244
GGT	CGT	GC	0.02908	0.00514	0.00521	-0.02908	0.00529	0.00521	0.00521	0.00521
GGT	AGT	GA	-0.07793	0.02390	0.02298	0.07793	0.02211	0.02298	0.02298	0.02298
GGT	GTT	GT	-0.01815	0.00155	0.00154	0.01815	0.00152	0.00154	0.00154	0.00154
GGT	GCT	GC	0.91214	0.00514	0.00783	-0.91214	0.01279	0.00783	0.00783	0.00783
GGT	GAT	GA	0.09437	0.02390	0.02504	-0.09437	0.02626	0.02504	0.02504	0.02504
GGC	TGC	GT	0.58469	0.01799	0.02377	-0.58469	0.03229	0.02377	0.02377	0.02377
GGC	CGC	GC	-1.02086	0.05969	0.03432	1.02086	0.02150	0.03432	0.03432	0.03432
GGC	AGC	GA	-0.29495	0.27762	0.23869	0.29495	0.20671	0.23869	0.23869	0.23869
GGC	GTC	GT	-0.15671	0.01799	0.01662	0.15671	0.01538	0.01662	0.01662	0.01662
GGC	GCC	GC	0.04285	0.05969	0.06097	-0.04285	0.06230	0.06097	0.06097	0.06097
GGC	GAC	GA	-0.53678	0.27762	0.20974	0.53678	0.16230	0.20974	0.20974	0.20974
GGC	GGT	CT	-1.25342	0.09835	0.04926	1.25342	0.02808	0.04926	0.04926	0.04926
GGA	CGA	GC	-1.02480	0.00501	0.00287	1.02480	0.00180	0.00287	0.00287	0.00287
GGA	AGA	GA	-2.32988	0.02330	0.00585	2.32988	0.00227	0.00585	0.00585	0.00585
GGA	GTA	GT	-0.13944	0.00151	0.00141	0.13944	0.00131	0.00141	0.00141	0.00141
GGA	GCA	GC	0.52521	0.00501	0.00644	-0.52521	0.00847	0.00644	0.00644	0.00644
GGA	GAA	GA	-0.62513	0.02330	0.01677	0.62513	0.01247	0.01677	0.01677	0.01677
GGA	GGT	AT	1.06308	0.00151	0.00245	-1.06308	0.00437	0.00245	0.00245	0.00245
GGA	GGC	AC	2.31650	0.00501	0.01287	-2.31650	0.05080	0.01287	0.01287	0.01287
GGG	TGG	GT	1.08859	0.00806	0.01322	-1.08859	0.02392	0.01322	0.01322	0.01322
GGG	CGG	GC	-0.41757	0.02672	0.02153	0.41757	0.01760	0.02153	0.02153	0.02153
GGG	AGG	GA	-0.73302	0.12427	0.08424	0.73302	0.05971	0.08424	0.08424	0.08424
GGG	GTG	GT	2.02830	0.00806	0.01881	-2.02830	0.06123	0.01881	0.01881	0.01881
GGG	GCG	GC	-0.86620	0.02672	0.01680	0.86620	0.01124	0.01680	0.01680	0.01680
GGG	GAG	GA	0.51339	0.12427	0.15889	-0.51339	0.20765	0.15889	0.15889	0.15889
GGG	GGT	GT	-0.66351	0.00806	0.00568	0.66351	0.00415	0.00568	0.00568	0.00568
GGG	GGC	GC	0.58991	0.02672	0.03537	-0.58991	0.04819	0.03537	0.03537	0.03537
GGG	GGA	GA	-1.72659	0.12427	0.04643	1.72659	0.02211	0.04643	0.04643	0.04643


Histograms
2Ns	FMut	FSub(CodonUsage)	FSubw(after w)

-4.35023	0.00450	0.00031	0.00031
-3.91520	0.01893	0.00204	0.00204
-3.48018	0.03945	0.00625	0.00625
-3.04516	0.08512	0.01773	0.01773
-2.61014	0.01027	0.00279	0.00279
-2.17511	0.04581	0.01630	0.01630
-1.74009	0.07204	0.03517	0.03517
-1.30507	0.12611	0.08076	0.08076
-0.87005	0.11754	0.09724	0.09724
-0.43502	0.16003	0.16876	0.16876
0.00000	0.10979	0.14531	0.14531
0.43502	0.10321	0.16876	0.16876
0.87005	0.04893	0.09724	0.09724
1.30507	0.03402	0.08076	0.08076
1.74009	0.01256	0.03517	0.03517
2.17511	0.00493	0.01630	0.01630
2.61014	0.00075	0.00279	0.00279
3.04516	0.00424	0.01773	0.01773
3.48018	0.00135	0.00625	0.00625
3.91520	0.00039	0.00204	0.00204
4.35023	0.00005	0.00031	0.00031

Proportion of advantageous (S > 0) mutations:
 0.26269

Proportions of good & bad mutations (|S| > 2.0000) among mutations:
0.01165  0.20368

mean |Ns| = 1.27557	mean Ns+ = 0.72342	mean Ns- = -1.47229

