

TREE # 1

  0  0.0000  12705.497063  x:  0.26247   0.00852   0.24163   0.04696   0.12829   0.06323   0.06122   0.05600   0.08518   0.02508   0.02306   0.00075   0.10757   0.08304   0.12050   0.08695   0.00343   0.00216   0.05327   0.03268   0.00957   0.00716   0.04537   0.04756   0.04883   0.05531   0.00440   0.02180   0.00942   0.00911   0.00134   0.00647   0.00547   0.00518   0.00416   0.00529   0.00867   0.00355   0.00428   0.00649   0.00896   0.01638   0.00341   0.00255   0.00545   0.01817   0.01782   0.02236   0.03094   0.01303   0.00973   0.00774   0.02614   0.00071   0.00645   0.01816   0.01570   0.00124   0.00861   0.00572   0.00378   0.00219   3.00000   0.82031   1.03853   0.64184   1.00000  
  1 99.0000  12693.070042  x:  0.26239   0.01179   0.24196   0.04819   0.12834   0.06323   0.06095   0.05666   0.08548   0.02523   0.02294   0.01421   0.10752   0.08370   0.12128   0.08725   0.00360   0.00738   0.05366   0.03216   0.00961   0.00716   0.04578   0.04765   0.04935   0.05563   0.00620   0.02205   0.00937   0.00932   0.00080   0.00610   0.00588   0.00585   0.00352   0.00689   0.00785   0.00358   0.00476   0.00612   0.00886   0.01609   0.00362   0.00223   0.00686   0.01856   0.01748   0.02290   0.03105   0.01310   0.00962   0.00788   0.02608   0.00371   0.00613   0.01827   0.01548   0.00137   0.00881   0.00690   0.00404   0.00181   3.00043   0.81997   1.03868   0.64209   0.99767  
  2 2931.9895  12689.772974  x:  0.26226   0.01462   0.24237   0.04949   0.12838   0.06328   0.06059   0.05712   0.08559   0.02547   0.02272   0.01558   0.10726   0.08421   0.12215   0.08757   0.00359   0.00717   0.05406   0.03150   0.00964   0.00717   0.04615   0.04773   0.04996   0.05599   0.00664   0.02230   0.00933   0.00946   0.00307   0.00593   0.00601   0.00601   0.00351   0.00728   0.00727   0.00357   0.00479   0.00594   0.00866   0.01580   0.00358   0.00250   0.00729   0.01895   0.01711   0.02341   0.03118   0.01316   0.00954   0.00797   0.02600   0.00075   0.00594   0.01839   0.01530   0.00108   0.00891   0.00728   0.00413   0.00205   3.00095   0.81956   1.03886   0.64241   0.99480  
  3 1050.8613  12679.863352  x:  0.26149   0.02735   0.24453   0.05595   0.12851   0.06358   0.05863   0.05927   0.08602   0.02671   0.02159   0.01517   0.10576   0.08674   0.12658   0.08922   0.00351   0.00324   0.05612   0.02812   0.00973   0.00717   0.04800   0.04814   0.05314   0.05784   0.00737   0.02344   0.00917   0.00993   0.00039   0.00552   0.00619   0.00619   0.00387   0.00787   0.00541   0.00354   0.00460   0.00555   0.00774   0.01449   0.00338   0.00255   0.00811   0.02070   0.01544   0.02581   0.03180   0.01342   0.00923   0.00827   0.02563   0.00056   0.00557   0.01892   0.01450   0.00228   0.00930   0.00806   0.00407   0.00205   3.00382   0.81727   1.03986   0.64413   0.97913  
  4 1346.3983  12676.951993  x:  0.26099   0.03430   0.24584   0.05965   0.12858   0.06377   0.05747   0.06050   0.08626   0.02739   0.02096   0.01419   0.10485   0.08823   0.12920   0.09020   0.00352   0.00189   0.05733   0.02625   0.00977   0.00718   0.04907   0.04838   0.05497   0.05892   0.00753   0.02404   0.00912   0.01011   0.00199   0.00547   0.00621   0.00617   0.00395   0.00794   0.00500   0.00354   0.00452   0.00550   0.00735   0.01386   0.00337   0.00241   0.00830   0.02160   0.01460   0.02708   0.03213   0.01354   0.00910   0.00837   0.02543   0.00303   0.00554   0.01918   0.01411   0.00238   0.00943   0.00823   0.00398   0.00197   3.00560   0.81585   1.04047   0.64520   0.96942  
  5 6596.5234  12669.359021  x:  0.25990   0.04508   0.24833   0.06597   0.12869   0.06413   0.05538   0.06261   0.08668   0.02840   0.02010   0.01042   0.10309   0.09097   0.13399   0.09197   0.00379   0.00727   0.05950   0.02353   0.00975   0.00718   0.05092   0.04883   0.05815   0.06079   0.00699   0.02478   0.00916   0.01004   0.00188   0.00595   0.00593   0.00583   0.00359   0.00726   0.00698   0.00359   0.00460   0.00599   0.00737   0.01341   0.00370   0.00203   0.00767   0.02266   0.01385   0.02878   0.03262   0.01364   0.00911   0.00825   0.02516   0.00437   0.00599   0.01946   0.01379   0.00029   0.00930   0.00764   0.00381   0.00187   3.00921   0.81297   1.04170   0.64737   0.94966  
  6 3761.6763  12667.131952  x:  0.25916   0.05023   0.24981   0.06928   0.12873   0.06435   0.05423   0.06375   0.08693   0.02880   0.01982   0.00852   0.10205   0.09255   0.13672   0.09295   0.00396   0.01060   0.06066   0.02247   0.00971   0.00718   0.05184   0.04908   0.05982   0.06177   0.00650   0.02499   0.00924   0.00982   0.00234   0.00631   0.00575   0.00563   0.00329   0.00674   0.00849   0.00362   0.00474   0.00634   0.00774   0.01357   0.00386   0.00212   0.00705   0.02290   0.01391   0.02936   0.03282   0.01362   0.00922   0.00805   0.02508   0.00468   0.00630   0.01952   0.01390   0.00361   0.00913   0.00706   0.00386   0.00183   3.01150   0.81114   1.04247   0.64875   0.93708  
  7 5657.3791  12638.130019  x:  0.25219   0.05706   0.25980   0.08097   0.12862   0.06590   0.04936   0.06848   0.08884   0.02655   0.02400   0.01010   0.09568   0.10192   0.15223   0.09773   0.00354   0.00828   0.06510   0.02926   0.00894   0.00717   0.05292   0.04989   0.06566   0.06511   0.00302   0.02092   0.01026   0.00591   0.00198   0.00634   0.00611   0.00683   0.00560   0.00526   0.01228   0.00318   0.00576   0.00628   0.01562   0.02305   0.00126   0.00733   0.00243   0.01580   0.02508   0.02312   0.03186   0.01180   0.01170   0.00527   0.02632   0.00515   0.00632   0.01694   0.01942   0.00267   0.00537   0.00273   0.00591   0.00461   3.03084   0.79564   1.04888   0.66056   0.82981  
  8 1756.5790  12605.275166  x:  0.24135   0.06162   0.27473   0.09615   0.12837   0.06821   0.04300   0.07468   0.09150   0.02279   0.02995   0.00904   0.08642   0.11526   0.17470   0.10434   0.00292   0.00578   0.07078   0.03970   0.00835   0.00716   0.05370   0.05091   0.07313   0.06944   0.00271   0.01530   0.01111   0.00470   0.00162   0.00656   0.00604   0.00704   0.00564   0.00482   0.01705   0.00360   0.00591   0.00646   0.02499   0.03541   0.01233   0.00927   0.00910   0.00644   0.03998   0.01343   0.03034   0.00974   0.01431   0.00438   0.02814   0.00555   0.00651   0.01364   0.02630   0.00192   0.00437   0.00854   0.00605   0.00397   3.06090   0.77153   1.05878   0.67897   0.66267  
  9 18100.7632  12560.295494  x:  0.23178   0.05913   0.28721   0.10606   0.12808   0.07013   0.03951   0.07877   0.09352   0.01995   0.03397   0.00831   0.07954   0.12546   0.19266   0.10908   0.00262   0.00473   0.07414   0.04796   0.00890   0.00719   0.05331   0.05150   0.07768   0.07226   0.00593   0.01389   0.01084   0.01081   0.00170   0.00637   0.00577   0.00601   0.00319   0.00728   0.01839   0.00363   0.00481   0.00634   0.02968   0.04317   0.01202   0.00593   0.00855   0.01271   0.05016   0.00897   0.02931   0.01007   0.01471   0.00879   0.02928   0.00514   0.00633   0.01325   0.02981   0.00160   0.01002   0.00801   0.00416   0.00000   3.08799   0.74972   1.06756   0.69569   0.51139  
 10 15486.1535  12547.176431  x:  0.22595   0.05749   0.29480   0.11204   0.12790   0.07129   0.03742   0.08123   0.09475   0.01823   0.03639   0.00781   0.07537   0.13164   0.20358   0.11195   0.00244   0.00420   0.07616   0.05296   0.00925   0.00720   0.05305   0.05185   0.08042   0.07396   0.00800   0.01310   0.01064   0.01469   0.00170   0.00626   0.00559   0.00533   0.00160   0.00884   0.01918   0.00367   0.00411   0.00628   0.03245   0.04781   0.01196   0.00371   0.00835   0.01674   0.05627   0.00632   0.02868   0.01031   0.01491   0.01158   0.02996   0.00505   0.00623   0.01307   0.03189   0.00147   0.01362   0.00781   0.00294   0.00015   3.10452   0.73642   1.07292   0.70590   0.41909  
 11 641193.5340  12528.116565  x:  0.22145   0.05360   0.30057   0.11522   0.12780   0.07214   0.03731   0.08251   0.09553   0.01818   0.03713   0.00766   0.07329   0.13565   0.21146   0.11362   0.00257   0.00488   0.07683   0.05552   0.00953   0.00719   0.05247   0.05196   0.08168   0.07482   0.00734   0.01558   0.00994   0.01453   0.00188   0.00621   0.00569   0.00544   0.00720   0.00822   0.01791   0.00373   0.00460   0.00627   0.03200   0.04911   0.01150   0.00038   0.00912   0.01733   0.05867   0.01153   0.02862   0.01110   0.01390   0.01175   0.02995   0.00488   0.00619   0.01444   0.03166   0.00170   0.01334   0.00888   0.00539   0.00015   3.11842   0.72510   1.07725   0.71471   0.34174  
 12 12795.0281  12521.929353  x:  0.21929   0.05099   0.30340   0.11637   0.12777   0.07254   0.03778   0.08294   0.09586   0.01864   0.03697   0.00743   0.07274   0.13734   0.21519   0.11424   0.00268   0.00557   0.07685   0.05606   0.00967   0.00719   0.05211   0.05196   0.08197   0.07503   0.00679   0.01736   0.00947   0.01408   0.00185   0.00623   0.00572   0.00548   0.00758   0.00771   0.01665   0.00376   0.00474   0.00629   0.03068   0.04874   0.01142   0.00479   0.00980   0.01770   0.05874   0.01444   0.02877   0.01165   0.01300   0.01159   0.02973   0.00522   0.00621   0.01547   0.03074   0.00167   0.01283   0.00968   0.00568   0.00014   3.12570   0.71911   1.07943   0.71942   0.30167  
 13 14890.3114  12514.177252  x:  0.21821   0.04916   0.30526   0.11675   0.12786   0.07272   0.03881   0.08302   0.09600   0.01979   0.03595   0.00777   0.07340   0.13798   0.21746   0.11433   0.00263   0.00535   0.07643   0.05497   0.00945   0.00718   0.05193   0.05188   0.08171   0.07471   0.00509   0.01803   0.00943   0.01134   0.00187   0.00627   0.00581   0.00589   0.00210   0.00674   0.01484   0.00360   0.00471   0.00629   0.02823   0.04677   0.01041   0.00312   0.00961   0.01552   0.05699   0.01420   0.02919   0.01162   0.01220   0.00971   0.02920   0.00490   0.00624   0.01588   0.02899   0.00172   0.01019   0.00944   0.00385   0.00011   3.13114   0.71446   1.08087   0.72323   0.27411  
 14 3589.7985  12512.060880  x:  0.21829   0.04865   0.30601   0.11667   0.12802   0.07269   0.03947   0.08293   0.09598   0.02030   0.03477   0.00770   0.07455   0.13779   0.21822   0.11409   0.00261   0.00577   0.07595   0.05316   0.00928   0.00721   0.05203   0.05181   0.08122   0.07421   0.00610   0.01646   0.00992   0.01048   0.00192   0.00636   0.00558   0.00530   0.00383   0.00763   0.01430   0.00385   0.00424   0.00638   0.02615   0.04450   0.01013   0.00307   0.00922   0.01460   0.05462   0.00990   0.02955   0.01118   0.01232   0.00906   0.02882   0.00488   0.00633   0.01515   0.02755   0.00187   0.00955   0.00871   0.00365   0.00011   3.13380   0.71197   1.08132   0.72545   0.26493  
 15 952.6364  12511.623731  x:  0.21850   0.04844   0.30635   0.11661   0.12813   0.07263   0.03948   0.08291   0.09597   0.02002   0.03446   0.00768   0.07507   0.13765   0.21852   0.11399   0.00263   0.00563   0.07577   0.05251   0.00929   0.00722   0.05209   0.05181   0.08104   0.07407   0.00647   0.01548   0.01017   0.01065   0.00189   0.00632   0.00570   0.00557   0.00339   0.00767   0.01473   0.00366   0.00482   0.00637   0.02564   0.04374   0.01021   0.00308   0.00903   0.01424   0.05378   0.00951   0.02958   0.01096   0.01283   0.00925   0.02883   0.00488   0.00630   0.01459   0.02738   0.00184   0.00982   0.00849   0.00540   0.00011   3.13497   0.71080   1.08143   0.72655   0.26314  
 16 453.5260  12510.936061  x:  0.21925   0.04794   0.30734   0.11649   0.12845   0.07246   0.03905   0.08295   0.09601   0.01883   0.03419   0.00818   0.07629   0.13732   0.21937   0.11378   0.00266   0.00504   0.07543   0.05137   0.00931   0.00721   0.05225   0.05189   0.08068   0.07389   0.00654   0.01369   0.01073   0.01116   0.00185   0.00622   0.00588   0.00596   0.00361   0.00724   0.01661   0.00370   0.00481   0.00626   0.02516   0.04249   0.01042   0.00313   0.00851   0.01333   0.05224   0.01075   0.02943   0.01051   0.01445   0.00983   0.02915   0.00471   0.00620   0.01341   0.02780   0.00178   0.01043   0.00814   0.00448   0.00011   3.13815   0.70749   1.08163   0.72972   0.26135  
 17 340.8079  12509.618016  x:  0.22140   0.04685   0.31023   0.11640   0.12932   0.07210   0.03759   0.08324   0.09617   0.01724   0.03469   0.00916   0.07857   0.13664   0.22194   0.11340   0.00260   0.00376   0.07492   0.04977   0.00929   0.00720   0.05261   0.05211   0.07991   0.07350   0.00550   0.01582   0.01123   0.01110   0.00176   0.00632   0.00525   0.00451   0.00350   0.00762   0.02043   0.00375   0.00391   0.00632   0.02543   0.04069   0.01032   0.00313   0.00854   0.01360   0.04974   0.01029   0.02879   0.01055   0.01663   0.00980   0.03015   0.00440   0.00630   0.01412   0.03007   0.00160   0.01019   0.00854   0.00499   0.00010   3.14718   0.69804   1.08211   0.73879   0.25968  
 18 408.1917  12508.179656  x:  0.22415   0.04550   0.31407   0.11632   0.13040   0.07180   0.03621   0.08360   0.09638   0.01727   0.03579   0.00926   0.08068   0.13584   0.22536   0.11301   0.00264   0.00311   0.07448   0.04862   0.00928   0.00722   0.05293   0.05236   0.07904   0.07309   0.00596   0.01742   0.01074   0.01071   0.00169   0.00616   0.00608   0.00703   0.00386   0.00802   0.02310   0.00364   0.00583   0.00622   0.02635   0.03916   0.00981   0.00314   0.00915   0.01452   0.04730   0.00931   0.02824   0.01076   0.01739   0.00942   0.03108   0.00430   0.00617   0.01529   0.03283   0.00153   0.00961   0.00898   0.00426   0.00011   3.15936   0.68530   1.08275   0.75097   0.25843  
 19 1218.1173  12503.258468  x:  0.23251   0.04195   0.32641   0.11623   0.13358   0.07153   0.03442   0.08474   0.09701   0.02159   0.03982   0.00884   0.08451   0.13363   0.23638   0.11214   0.00264   0.00339   0.07383   0.04788   0.00927   0.00725   0.05342   0.05294   0.07687   0.07221   0.00943   0.01490   0.00739   0.00956   0.00169   0.00547   0.00657   0.00660   0.00340   0.00768   0.02327   0.00391   0.00304   0.00551   0.03021   0.03675   0.00767   0.00318   0.01083   0.01470   0.04204   0.01056   0.02787   0.01071   0.01432   0.00850   0.03237   0.00436   0.00550   0.01568   0.03992   0.00152   0.00867   0.00913   0.00502   0.00011   3.19965   0.64326   1.08495   0.79094   0.25652  
 20 1586.9562  12499.575279  x:  0.23878   0.03968   0.33606   0.11622   0.13584   0.07165   0.03459   0.08551   0.09741   0.02338   0.04212   0.00890   0.08618   0.13204   0.24497   0.11160   0.00257   0.00369   0.07358   0.04800   0.00930   0.00721   0.05356   0.05319   0.07544   0.07157   0.00911   0.01395   0.00837   0.01000   0.00173   0.00638   0.00514   0.00355   0.00346   0.00744   0.02044   0.00360   0.00654   0.00638   0.03272   0.03549   0.00721   0.00320   0.01107   0.01408   0.03870   0.01113   0.02827   0.01079   0.01139   0.00886   0.03240   0.00428   0.00629   0.01484   0.04381   0.00146   0.00934   0.00905   0.00436   0.00011   3.23246   0.60916   1.08681   0.82320   0.25553  
 21 4059.7961  12494.316270  x:  0.24696   0.03705   0.34933   0.11616   0.13850   0.07221   0.03679   0.08632   0.09776   0.02271   0.04358   0.00873   0.08658   0.13003   0.25672   0.11106   0.00262   0.00518   0.07355   0.04886   0.00935   0.00716   0.05341   0.05324   0.07385   0.07083   0.00509   0.01510   0.01235   0.01178   0.00189   0.00725   0.00431   0.00660   0.00375   0.00747   0.01383   0.00378   0.00455   0.00720   0.03512   0.03454   0.00882   0.00320   0.00972   0.01313   0.03531   0.01061   0.02951   0.01114   0.00913   0.01029   0.03111   0.00437   0.00715   0.01307   0.04649   0.00156   0.01121   0.00865   0.00490   0.00011   3.28016   0.55984   1.08965   0.86960   0.25469  
 22 4620.3541  12490.893751  x:  0.25148   0.03555   0.35770   0.11591   0.13954   0.07281   0.03942   0.08641   0.09771   0.01982   0.04251   0.00815   0.08475   0.12898   0.26398   0.11095   0.00275   0.00643   0.07379   0.04995   0.00929   0.00722   0.05294   0.05290   0.07328   0.07074   0.00484   0.01581   0.01264   0.01155   0.00200   0.00595   0.00895   0.00503   0.00373   0.00742   0.00953   0.00353   0.00468   0.00606   0.03549   0.03501   0.01070   0.00315   0.00812   0.01349   0.03506   0.01051   0.03039   0.01130   0.01217   0.01018   0.02923   0.00456   0.00598   0.01380   0.04496   0.00171   0.01078   0.00829   0.00482   0.00011   3.31429   0.52508   1.09189   0.90205   0.25457  
 23 3141.5539  12486.490342  x:  0.25482   0.03426   0.36574   0.11516   0.13950   0.07349   0.04275   0.08582   0.09733   0.01630   0.03876   0.00825   0.08035   0.12827   0.27064   0.11113   0.00256   0.00622   0.07424   0.05147   0.00926   0.00723   0.05196   0.05210   0.07334   0.07114   0.00758   0.01570   0.01015   0.01009   0.00199   0.00622   0.00456   0.00586   0.00347   0.00742   0.00919   0.00433   0.00518   0.00625   0.03392   0.03680   0.01170   0.00312   0.00733   0.01470   0.03742   0.01121   0.03100   0.01070   0.01555   0.00911   0.02667   0.00447   0.00614   0.01525   0.03860   0.00174   0.00904   0.00787   0.00473   0.00011   3.35423   0.48534   1.09483   0.93885   0.25490  
 24 2630.2269  12483.137523  x:  0.25570   0.03352   0.37044   0.11409   0.13841   0.07367   0.04403   0.08481   0.09684   0.01802   0.03484   0.00923   0.07614   0.12817   0.27414   0.11148   0.00296   0.00505   0.07460   0.05249   0.00936   0.00717   0.05116   0.05139   0.07393   0.07157   0.00615   0.01555   0.00877   0.01035   0.00191   0.00705   0.00578   0.00584   0.00377   0.00740   0.01354   0.00204   0.00478   0.00703   0.03095   0.03871   0.01043   0.00316   0.00890   0.01487   0.04069   0.01088   0.03077   0.01044   0.01494   0.00921   0.02596   0.00422   0.00702   0.01473   0.03072   0.00173   0.00957   0.00821   0.00464   0.00011   3.38610   0.45485   1.09751   0.96705   0.25535  
 25 2299.3685  12482.031035  x:  0.25572   0.03325   0.37208   0.11355   0.13775   0.07363   0.04408   0.08430   0.09660   0.01912   0.03323   0.00958   0.07449   0.12823   0.27527   0.11166   0.00300   0.00458   0.07474   0.05285   0.00938   0.00716   0.05089   0.05111   0.07427   0.07178   0.00545   0.01562   0.00877   0.01061   0.00187   0.00691   0.00655   0.00571   0.00372   0.00739   0.01549   0.00436   0.00498   0.00691   0.02949   0.03956   0.00970   0.00317   0.00944   0.01468   0.04225   0.01073   0.03050   0.01050   0.01440   0.00939   0.02610   0.00413   0.00693   0.01442   0.02728   0.00172   0.00990   0.00842   0.00481   0.00011   3.39978   0.44210   1.09875   0.97889   0.25557  
 26 4492.0669  12481.057195  x:  0.25459   0.03325   0.37216   0.11288   0.13667   0.07324   0.04256   0.08367   0.09630   0.01994   0.03246   0.00940   0.07404   0.12860   0.27490   0.11186   0.00248   0.00478   0.07481   0.05283   0.00927   0.00725   0.05096   0.05106   0.07478   0.07203   0.00619   0.01617   0.01063   0.01078   0.00188   0.00535   0.00587   0.00566   0.00369   0.00747   0.01612   0.00396   0.00510   0.00547   0.02792   0.04019   0.00934   0.00318   0.00908   0.01375   0.04379   0.01077   0.02984   0.01104   0.01375   0.00965   0.02752   0.00420   0.00538   0.01444   0.02527   0.00180   0.00989   0.00880   0.00471   0.00011   3.41046   0.43336   1.09998   0.98724   0.25577  
 27 1004.9295  12479.594989  x:  0.25043   0.03391   0.36996   0.11131   0.13384   0.07208   0.03788   0.08228   0.09561   0.01985   0.03231   0.00921   0.07513   0.12982   0.27182   0.11233   0.00324   0.00502   0.07480   0.05216   0.00918   0.00726   0.05164   0.05139   0.07605   0.07263   0.00781   0.01600   0.01225   0.01047   0.00190   0.00693   0.00660   0.00571   0.00351   0.00757   0.01452   0.00396   0.00467   0.00675   0.02440   0.04094   0.00969   0.00317   0.00798   0.01333   0.04671   0.01111   0.02837   0.01143   0.01358   0.00961   0.03110   0.00422   0.00665   0.01517   0.02417   0.00184   0.00921   0.00898   0.00475   0.00011   3.42961   0.42025   1.10275   1.00040   0.25611  
 28 780.6692  12478.082513  x:  0.24493   0.03526   0.36615   0.10966   0.13073   0.07120   0.03467   0.08094   0.09492   0.01925   0.03296   0.00915   0.07713   0.13136   0.26711   0.11279   0.00232   0.00566   0.07474   0.05096   0.00940   0.00712   0.05244   0.05178   0.07745   0.07323   0.00536   0.01498   0.01034   0.01022   0.00197   0.00613   0.00593   0.00574   0.00377   0.00703   0.01264   0.00385   0.00505   0.00640   0.02090   0.04120   0.01025   0.00318   0.00891   0.01475   0.04922   0.01064   0.02796   0.01049   0.01383   0.00920   0.03296   0.00430   0.00641   0.01475   0.02526   0.00190   0.00952   0.00814   0.00480   0.00011   3.44990   0.40837   1.10608   1.01307   0.25639  
 29 1018.8906  12475.978728  x:  0.23480   0.03862   0.35775   0.10741   0.12645   0.07128   0.03702   0.07963   0.09419   0.01926   0.03505   0.00864   0.08046   0.13398   0.25733   0.11343   0.00496   0.00577   0.07455   0.04880   0.00918   0.00744   0.05340   0.05251   0.07957   0.07409   0.00603   0.01682   0.00862   0.01078   0.00195   0.00654   0.00569   0.00565   0.00364   0.00804   0.01314   0.00392   0.00528   0.00583   0.01889   0.04102   0.00979   0.00315   0.00900   0.01290   0.05176   0.01046   0.03007   0.01073   0.01380   0.00956   0.03078   0.00447   0.00544   0.01299   0.02988   0.00188   0.01031   0.00784   0.00464   0.00011   3.48324   0.39279   1.11229   1.03163   0.25668  
 30 834.7175  12474.102768  x:  0.22619   0.04168   0.34986   0.10572   0.12354   0.07168   0.04040   0.07906   0.09385   0.01969   0.03670   0.00856   0.08277   0.13603   0.24830   0.11376   0.00215   0.00555   0.07442   0.04703   0.00922   0.00714   0.05371   0.05270   0.08109   0.07458   0.00691   0.01629   0.01054   0.01076   0.00191   0.00574   0.00630   0.00565   0.00363   0.00712   0.01451   0.00403   0.00497   0.00656   0.01936   0.04054   0.00940   0.00316   0.00892   0.01326   0.05291   0.01043   0.03147   0.01102   0.01353   0.00967   0.02808   0.00452   0.00693   0.01412   0.03351   0.00179   0.00992   0.00875   0.00474   0.00011   3.51255   0.38084   1.11804   1.04711   0.25685  
 31 1733.0086  12473.238605  x:  0.22295   0.04298   0.34583   0.10530   0.12336   0.07187   0.04137   0.07952   0.09407   0.01992   0.03688   0.00859   0.08282   0.13654   0.24381   0.11370   0.00320   0.00535   0.07431   0.04683   0.00939   0.00720   0.05338   0.05264   0.08124   0.07446   0.00610   0.01479   0.01184   0.01043   0.00189   0.00691   0.00619   0.00565   0.00368   0.00730   0.01497   0.00403   0.00491   0.00598   0.02152   0.03994   0.00985   0.00316   0.00895   0.01449   0.05209   0.01054   0.03070   0.01096   0.01329   0.00944   0.02768   0.00454   0.00555   0.01544   0.03396   0.00175   0.00930   0.00896   0.00481   0.00011   3.52694   0.37697   1.12116   1.05388   0.25688  
 32 776.4381  12470.744600  x:  0.21543   0.04668   0.33257   0.10510   0.12600   0.07217   0.04123   0.08272   0.09565   0.01984   0.03595   0.00829   0.08027   0.13689   0.22937   0.11287   0.00382   0.00520   0.07408   0.04795   0.00918   0.00762   0.05133   0.05185   0.08019   0.07340   0.00563   0.01544   0.01037   0.01028   0.00186   0.00482   0.00602   0.00561   0.00362   0.00881   0.01471   0.00399   0.00508   0.00643   0.03126   0.03749   0.01144   0.00313   0.00846   0.01385   0.04635   0.01085   0.02604   0.01079   0.01311   0.00913   0.02954   0.00462   0.00709   0.01486   0.03233   0.00172   0.00968   0.00728   0.00474   0.00011   3.57468   0.36935   1.13228   1.07428   0.25687  
 33 900.2686  12469.590753  x:  0.21291   0.04818   0.32654   0.10530   0.12770   0.07219   0.04024   0.08431   0.09643   0.01950   0.03549   0.00821   0.07893   0.13679   0.22294   0.11243   0.00209   0.00534   0.07408   0.04879   0.00915   0.00716   0.05062   0.05148   0.07950   0.07287   0.00596   0.01650   0.00903   0.01055   0.00187   0.00685   0.00614   0.00562   0.00370   0.00733   0.01427   0.00396   0.00511   0.00602   0.03514   0.03671   0.01100   0.00313   0.00813   0.01323   0.04363   0.01037   0.02574   0.01085   0.01352   0.00954   0.03048   0.00468   0.00607   0.01374   0.03135   0.00174   0.01000   0.00782   0.00472   0.00011   3.59763   0.36699   1.13783   1.08361   0.25691  
 34 1731.8489  12468.471219  x:  0.21241   0.04904   0.32106   0.10600   0.12996   0.07204   0.03805   0.08575   0.09710   0.01890   0.03526   0.00804   0.07778   0.13630   0.21744   0.11209   0.00353   0.00554   0.07420   0.05015   0.00937   0.00686   0.05082   0.05154   0.07864   0.07239   0.00590   0.01645   0.00913   0.01064   0.00189   0.00580   0.00584   0.00563   0.00377   0.00561   0.01394   0.00395   0.00507   0.00679   0.03714   0.03699   0.00925   0.00315   0.00870   0.01337   0.04157   0.00981   0.02928   0.01073   0.01440   0.01003   0.03089   0.00476   0.00615   0.01343   0.03042   0.00179   0.00968   0.00947   0.00472   0.00011   3.62177   0.36690   1.14403   1.09256   0.25706  
 35 940.2943  12467.199844  x:  0.21332   0.04957   0.31494   0.10721   0.13285   0.07189   0.03549   0.08719   0.09773   0.01848   0.03529   0.00746   0.07683   0.13548   0.21163   0.11178   0.00260   0.00582   0.07450   0.05183   0.00934   0.00733   0.05166   0.05175   0.07768   0.07200   0.00541   0.01591   0.00958   0.01037   0.00188   0.00620   0.00593   0.00573   0.00358   0.00874   0.01408   0.00395   0.00509   0.00638   0.03775   0.03810   0.00811   0.00319   0.00958   0.01293   0.03995   0.01055   0.03399   0.01045   0.01515   0.00977   0.03077   0.00490   0.00654   0.01364   0.02965   0.00187   0.00934   0.00977   0.00466   0.00011   3.65227   0.36853   1.15216   1.10322   0.25735  
 36 1511.1382  12464.199128  x:  0.21877   0.05019   0.30423   0.11067   0.13838   0.07213   0.03382   0.08898   0.09842   0.01967   0.03595   0.00825   0.07676   0.13358   0.20257   0.11172   0.00256   0.00486   0.07520   0.05419   0.00859   0.00755   0.05448   0.05263   0.07631   0.07186   0.00632   0.01658   0.01039   0.01045   0.00183   0.00656   0.00618   0.00565   0.00366   0.00711   0.01559   0.00401   0.00501   0.00577   0.03405   0.04124   0.01192   0.00310   0.00925   0.01321   0.03923   0.01078   0.03717   0.01086   0.01413   0.00770   0.02939   0.00466   0.00649   0.01513   0.02931   0.00171   0.01063   0.00535   0.00475   0.00012   3.71758   0.37624   1.17029   1.12445   0.25823  
 37 1250.1323  12459.565601  x:  0.22848   0.05132   0.28932   0.11641   0.14575   0.07297   0.03477   0.09067   0.09893   0.02065   0.03688   0.00854   0.07782   0.13088   0.19086   0.11208   0.00234   0.00446   0.07623   0.05653   0.00924   0.00725   0.05817   0.05374   0.07501   0.07214   0.00562   0.01603   0.00906   0.00976   0.00182   0.00576   0.00621   0.00562   0.00376   0.00778   0.01703   0.00399   0.00521   0.00666   0.02657   0.04583   0.01428   0.00304   0.00417   0.01404   0.04003   0.01077   0.03463   0.01093   0.01258   0.00802   0.02789   0.00462   0.00582   0.01469   0.02993   0.00170   0.00993   0.00840   0.00482   0.00012   3.81946   0.39051   1.19904   1.15658   0.25992  
 38 3302.4087  12454.389276  x:  0.24065   0.05287   0.27237   0.12346   0.15312   0.07424   0.03848   0.09161   0.09899   0.01895   0.03735   0.00754   0.07970   0.12799   0.17836   0.11289   0.00262   0.00543   0.07721   0.05801   0.00979   0.00689   0.06101   0.05444   0.07432   0.07283   0.00604   0.01588   0.01088   0.00943   0.00188   0.00609   0.00633   0.00562   0.00368   0.00743   0.01654   0.00406   0.00510   0.00612   0.01807   0.05080   0.01060   0.00310   0.00863   0.01389   0.04247   0.01069   0.02701   0.01131   0.01344   0.01076   0.02740   0.00496   0.00639   0.01342   0.03120   0.00194   0.00719   0.00802   0.00483   0.00012   3.94787   0.41007   1.23571   1.19623   0.26240  
 39 5229.4978  12451.912353  x:  0.24504   0.05301   0.26695   0.12568   0.15301   0.07439   0.04039   0.08998   0.09828   0.01873   0.03655   0.00716   0.08078   0.12761   0.17538   0.11361   0.00279   0.00606   0.07681   0.05613   0.00848   0.00811   0.05910   0.05357   0.07540   0.07337   0.00576   0.01536   0.01096   0.00969   0.00193   0.00627   0.00605   0.00582   0.00368   0.00714   0.01554   0.00406   0.00502   0.00678   0.01726   0.05077   0.00797   0.00316   0.00949   0.01186   0.04465   0.01051   0.02548   0.01018   0.01475   0.00781   0.02883   0.00510   0.00602   0.01641   0.03130   0.00196   0.01173   0.00956   0.00474   0.00012   4.01128   0.42140   1.25445   1.21455   0.26410  
 40 2004.7181  12441.627257  x:  0.25625   0.05041   0.25436   0.12973   0.14181   0.07291   0.04423   0.07808   0.09389   0.02167   0.03138   0.00792   0.08450   0.12913   0.17235   0.11689   0.00369   0.00602   0.07284   0.04264   0.01029   0.00473   0.04416   0.04787   0.08281   0.07566   0.00489   0.01563   0.01027   0.01065   0.00192   0.00655   0.00560   0.00584   0.00373   0.00747   0.01403   0.00399   0.00522   0.00446   0.02437   0.04369   0.00979   0.00321   0.00878   0.01233   0.05491   0.01059   0.03147   0.01121   0.01592   0.00675   0.03591   0.00489   0.00797   0.01501   0.02939   0.00185   0.00992   0.00910   0.00477   0.00012   4.26077   0.47026   1.33004   1.28292   0.27219  
 41 2732.4822  12439.036207  x:  0.25818   0.04941   0.25187   0.13010   0.13771   0.07227   0.04431   0.07470   0.09276   0.02173   0.03019   0.00825   0.08496   0.12982   0.17224   0.11760   0.00299   0.00588   0.07179   0.03925   0.00973   0.00892   0.04123   0.04686   0.08477   0.07607   0.00487   0.01605   0.01012   0.00987   0.00191   0.00626   0.00584   0.00581   0.00375   0.00732   0.01382   0.00399   0.00517   0.00726   0.02659   0.04099   0.01048   0.00323   0.00900   0.01265   0.05720   0.01064   0.03285   0.01082   0.01527   0.00845   0.03628   0.00481   0.00589   0.01427   0.02849   0.00182   0.00864   0.00822   0.00482   0.00012   4.33335   0.48473   1.35229   1.30230   0.27476  
 42 6560.0609  12433.907469  x:  0.25495   0.04703   0.25301   0.12691   0.12787   0.07054   0.04058   0.07045   0.09186   0.01823   0.03002   0.00856   0.08275   0.13183   0.17522   0.11742   0.00323   0.00576   0.07081   0.03765   0.00585   0.00728   0.04530   0.04901   0.08666   0.07534   0.00508   0.01647   0.01008   0.00705   0.00190   0.00612   0.00657   0.00573   0.00373   0.00719   0.01393   0.00399   0.00517   0.00630   0.02983   0.03401   0.00969   0.00336   0.00898   0.01214   0.05703   0.01067   0.03160   0.00855   0.01148   0.01030   0.02933   0.00467   0.00609   0.01439   0.02551   0.00184   0.00903   0.00847   0.00488   0.00012   4.45404   0.50966   1.39045   1.33220   0.28002  
 43 2439.9556  12430.065656  x:  0.25009   0.04523   0.25561   0.12305   0.11924   0.06924   0.03756   0.06787   0.09153   0.01709   0.03045   0.00885   0.08032   0.13371   0.17857   0.11680   0.00303   0.00573   0.07037   0.03784   0.01067   0.00780   0.05027   0.05142   0.08768   0.07432   0.00483   0.01624   0.00973   0.00852   0.00191   0.00608   0.00659   0.00575   0.00372   0.00697   0.01368   0.00397   0.00517   0.00640   0.03163   0.02817   0.00867   0.00345   0.00915   0.01035   0.05556   0.01043   0.02978   0.01039   0.01104   0.00846   0.02324   0.00456   0.00601   0.01493   0.02299   0.00189   0.00858   0.00838   0.00488   0.00012   4.55709   0.53105   1.42341   1.35696   0.28480  
 44 6288.2815  12426.533418  x:  0.24152   0.04450   0.26110   0.11739   0.11262   0.06920   0.03884   0.06854   0.09220   0.02166   0.03120   0.00905   0.07788   0.13544   0.18284   0.11532   0.00279   0.00567   0.07077   0.04077   0.00756   0.00818   0.05482   0.05339   0.08723   0.07297   0.00418   0.01621   0.01062   0.00952   0.00192   0.00629   0.00570   0.00593   0.00376   0.00706   0.01323   0.00392   0.00526   0.00707   0.03039   0.02556   0.00848   0.00354   0.00911   0.01149   0.05169   0.01084   0.02913   0.01211   0.01637   0.00615   0.02361   0.00447   0.00610   0.01261   0.02195   0.00195   0.00733   0.00883   0.00492   0.00012   4.64796   0.54985   1.45330   1.37713   0.28953  
 45 2644.5063  12423.014589  x:  0.23004   0.04507   0.26882   0.11030   0.10767   0.06985   0.04240   0.07142   0.09333   0.02441   0.03078   0.00924   0.07609   0.13707   0.18792   0.11327   0.00272   0.00554   0.07153   0.04413   0.00994   0.00798   0.05749   0.05425   0.08589   0.07153   0.00398   0.01659   0.01061   0.00664   0.00193   0.00652   0.00529   0.00606   0.00379   0.00688   0.01357   0.00392   0.00535   0.00667   0.02698   0.02573   0.00884   0.00358   0.00864   0.01046   0.04592   0.01073   0.03023   0.00954   0.01880   0.00945   0.02812   0.00438   0.00651   0.01464   0.02187   0.00196   0.00807   0.00787   0.00489   0.00012   4.73946   0.56854   1.48405   1.39611   0.29463  
 46 3319.1514  12420.171022  x:  0.21900   0.04653   0.27659   0.10359   0.10630   0.07046   0.04490   0.07519   0.09429   0.02112   0.02881   0.00914   0.07622   0.13794   0.19225   0.11129   0.00258   0.00550   0.07209   0.04570   0.00947   0.00771   0.05641   0.05328   0.08416   0.07054   0.00417   0.01631   0.01022   0.00925   0.00191   0.00622   0.00602   0.00598   0.00379   0.00688   0.01473   0.00396   0.00536   0.00705   0.02301   0.02858   0.00851   0.00363   0.00849   0.00998   0.04058   0.01076   0.03126   0.00823   0.01528   0.00731   0.03175   0.00440   0.00586   0.01525   0.02237   0.00205   0.00567   0.00762   0.00498   0.00012   4.81146   0.58278   1.50890   1.40974   0.29884  
 47 2578.7884  12418.825738  x:  0.21309   0.04748   0.28093   0.09992   0.10686   0.07063   0.04530   0.07736   0.09469   0.01909   0.02776   0.00905   0.07694   0.13811   0.19433   0.11027   0.00266   0.00547   0.07227   0.04587   0.00952   0.00819   0.05460   0.05223   0.08308   0.07024   0.00425   0.01578   0.01032   0.00720   0.00191   0.00618   0.00631   0.00594   0.00377   0.00682   0.01531   0.00398   0.00532   0.00680   0.02104   0.03069   0.00827   0.00364   0.00861   0.01063   0.03834   0.01075   0.03151   0.01119   0.01366   0.00614   0.03236   0.00441   0.00598   0.01422   0.02256   0.00206   0.00652   0.00783   0.00501   0.00012   4.84647   0.58939   1.52130   1.41574   0.30093  
 48 2644.9306  12417.252825  x:  0.20514   0.04899   0.28762   0.09434   0.11195   0.07022   0.04225   0.08030   0.09473   0.02088   0.02769   0.00896   0.07981   0.13710   0.19620   0.10899   0.00313   0.00570   0.07201   0.04375   0.00887   0.00843   0.04925   0.04970   0.08098   0.07071   0.00391   0.01579   0.01030   0.00757   0.00192   0.00632   0.00595   0.00600   0.00381   0.00663   0.01483   0.00395   0.00538   0.00623   0.01905   0.03412   0.00823   0.00364   0.00832   0.00988   0.03787   0.01063   0.03025   0.01120   0.01501   0.00734   0.02745   0.00444   0.00650   0.01509   0.02168   0.00207   0.00631   0.00791   0.00500   0.00012   4.88701   0.59572   1.53681   1.42030   0.30340  
 49 819.2046  12416.957157  x:  0.20371   0.04931   0.28912   0.09311   0.11352   0.07019   0.04187   0.08064   0.09460   0.02119   0.02785   0.00886   0.08030   0.13661   0.19632   0.10881   0.00313   0.00574   0.07192   0.04312   0.00949   0.00775   0.04869   0.04952   0.08051   0.07094   0.00422   0.01624   0.01089   0.00710   0.00192   0.00626   0.00604   0.00600   0.00376   0.00686   0.01476   0.00396   0.00534   0.00690   0.01897   0.03441   0.00821   0.00364   0.00849   0.01024   0.03837   0.01086   0.03004   0.01011   0.01524   0.00667   0.02677   0.00447   0.00597   0.01431   0.02139   0.00208   0.00659   0.00785   0.00499   0.00012   4.89469   0.59651   1.54006   1.42053   0.30385  
 50 602.5352  12416.108549  x:  0.20048   0.05094   0.29513   0.08864   0.12166   0.07057   0.04290   0.07980   0.09323   0.02079   0.02879   0.00885   0.08085   0.13308   0.19496   0.10879   0.00307   0.00577   0.07144   0.03979   0.00959   0.00876   0.05144   0.05161   0.07884   0.07226   0.00409   0.01627   0.01076   0.00722   0.00191   0.00641   0.00606   0.00599   0.00378   0.00658   0.01455   0.00394   0.00536   0.00610   0.02022   0.03184   0.00826   0.00366   0.00845   0.01040   0.04314   0.01083   0.03069   0.00988   0.01491   0.00641   0.02829   0.00451   0.00658   0.01407   0.01989   0.00207   0.00646   0.00811   0.00499   0.00012   4.91776   0.59582   1.55209   1.41654   0.30510  
 51 261.1129  12415.895220  x:  0.20002   0.05142   0.29667   0.08763   0.12341   0.07064   0.04306   0.07933   0.09290   0.02075   0.02866   0.00885   0.08075   0.13210   0.19443   0.10888   0.00292   0.00579   0.07135   0.03929   0.00935   0.00781   0.05196   0.05196   0.07853   0.07250   0.00391   0.01605   0.01051   0.00729   0.00190   0.00626   0.00602   0.00600   0.00377   0.00684   0.01451   0.00394   0.00536   0.00697   0.02038   0.03108   0.00829   0.00367   0.00859   0.01001   0.04409   0.01082   0.03084   0.01066   0.01492   0.00677   0.02861   0.00452   0.00596   0.01455   0.01994   0.00207   0.00646   0.00780   0.00499   0.00012   4.92358   0.59520   1.55542   1.41491   0.30541  
 52 497.2564  12414.927442  x:  0.20201   0.05387   0.30361   0.08461   0.12652   0.07045   0.04209   0.07455   0.09195   0.02144   0.02449   0.00896   0.07802   0.12721   0.19000   0.11025   0.00297   0.00587   0.07127   0.04175   0.00940   0.00808   0.05115   0.05095   0.07864   0.07218   0.00402   0.01601   0.01096   0.00707   0.00191   0.00631   0.00607   0.00599   0.00376   0.00670   0.01478   0.00398   0.00536   0.00668   0.01923   0.02778   0.00821   0.00370   0.00845   0.00991   0.04446   0.01079   0.03064   0.01039   0.01486   0.00660   0.02820   0.00461   0.00615   0.01448   0.02470   0.00205   0.00629   0.00784   0.00501   0.00012   4.95081   0.58752   1.57425   1.40056   0.30682  
 53 226.5035  12412.201698  x:  0.21301   0.05911   0.32137   0.08110   0.12588   0.07031   0.04273   0.06436   0.09168   0.02023   0.03300   0.00892   0.07986   0.11742   0.17781   0.11372   0.00306   0.00602   0.07115   0.04494   0.00936   0.00804   0.04838   0.04831   0.08085   0.06988   0.00386   0.01596   0.01081   0.00660   0.00190   0.00630   0.00611   0.00600   0.00377   0.00658   0.01593   0.00397   0.00541   0.00667   0.01886   0.02830   0.00799   0.00374   0.00828   0.00957   0.03795   0.01072   0.03047   0.01035   0.01501   0.00620   0.02875   0.00481   0.00613   0.01448   0.02198   0.00216   0.00584   0.00766   0.00503   0.00012   5.02912   0.55936   1.63254   1.35083   0.31133  
 54 492.2222  12407.803617  x:  0.23202   0.05513   0.34208   0.08143   0.12040   0.06959   0.04352   0.06888   0.09503   0.02202   0.02400   0.00908   0.08970   0.11354   0.16468   0.11406   0.00282   0.00594   0.07017   0.03867   0.00950   0.00806   0.05330   0.05304   0.08153   0.06872   0.00355   0.01640   0.01016   0.00636   0.00190   0.00635   0.00586   0.00605   0.00377   0.00651   0.01405   0.00386   0.00549   0.00678   0.02452   0.03609   0.00768   0.00377   0.00860   0.00927   0.03246   0.01099   0.03025   0.01027   0.01548   0.00613   0.02797   0.00461   0.00618   0.01429   0.02091   0.00207   0.00575   0.00788   0.00502   0.00013   5.15381   0.50923   1.72874   1.26470   0.32011  
 55 821.5712  12403.216884  x:  0.24873   0.04591   0.35075   0.08776   0.11988   0.06901   0.04386   0.08566   0.09676   0.02154   0.02822   0.00940   0.08644   0.12038   0.16386   0.10811   0.00319   0.00592   0.06945   0.03350   0.00940   0.00803   0.04940   0.05011   0.07693   0.07022   0.00344   0.01599   0.01069   0.00544   0.00193   0.00637   0.00598   0.00610   0.00378   0.00637   0.01374   0.00380   0.00554   0.00666   0.01944   0.02472   0.00684   0.00399   0.00843   0.00833   0.03323   0.01116   0.03078   0.01026   0.01472   0.00527   0.02813   0.00419   0.00621   0.01442   0.02244   0.00211   0.00488   0.00766   0.00513   0.00013   5.28200   0.45377   1.82982   1.17168   0.33149  
 56 955.3011  12400.182887  x:  0.25341   0.04328   0.33604   0.09103   0.12876   0.06848   0.04476   0.07761   0.08828   0.02205   0.02580   0.00952   0.09437   0.12479   0.18687   0.10155   0.00313   0.00594   0.06701   0.03872   0.00942   0.00802   0.05066   0.04923   0.07082   0.06728   0.00331   0.01614   0.01041   0.00502   0.00195   0.00639   0.00594   0.00613   0.00377   0.00627   0.01372   0.00375   0.00561   0.00671   0.02006   0.02271   0.00651   0.00407   0.00846   0.00807   0.02862   0.01158   0.03092   0.01020   0.01475   0.00501   0.02823   0.00415   0.00621   0.01457   0.02091   0.00217   0.00449   0.00759   0.00514   0.00013   5.36891   0.41310   1.90010   1.10530   0.33978  
 57 434.6243  12399.453176  x:  0.25398   0.04155   0.32923   0.08936   0.13032   0.06899   0.04452   0.07464   0.09109   0.02226   0.02666   0.00986   0.09036   0.12084   0.19514   0.10193   0.00318   0.00589   0.06756   0.03366   0.00949   0.00800   0.05098   0.05025   0.07029   0.06596   0.00329   0.01605   0.01052   0.00489   0.00195   0.00641   0.00589   0.00615   0.00378   0.00625   0.01338   0.00374   0.00561   0.00668   0.01957   0.02539   0.00637   0.00408   0.00842   0.00787   0.02616   0.01157   0.03064   0.01018   0.01495   0.00487   0.02835   0.00404   0.00624   0.01449   0.02242   0.00213   0.00438   0.00760   0.00516   0.00013   5.38947   0.40312   1.91703   1.08932   0.34160  
 58 289.3324  12399.207109  x:  0.25429   0.04189   0.32563   0.08751   0.12965   0.06926   0.04450   0.07612   0.09536   0.02215   0.02648   0.00975   0.09211   0.11583   0.19930   0.10384   0.00315   0.00592   0.06848   0.03471   0.00946   0.00800   0.05053   0.05045   0.07108   0.06616   0.00330   0.01608   0.01049   0.00487   0.00195   0.00641   0.00591   0.00615   0.00377   0.00625   0.01343   0.00374   0.00562   0.00668   0.01959   0.02399   0.00637   0.00409   0.00842   0.00787   0.02709   0.01156   0.03079   0.01018   0.01486   0.00487   0.02828   0.00407   0.00623   0.01452   0.02202   0.00215   0.00436   0.00759   0.00516   0.00013   5.39634   0.39971   1.92295   1.08400   0.34213  
 59 99.4676  12399.176750  x:  0.25464   0.04229   0.32502   0.08668   0.12895   0.06877   0.04455   0.07714   0.09415   0.02216   0.02658   0.00975   0.09193   0.11453   0.19978   0.10421   0.00316   0.00593   0.06765   0.03469   0.00946   0.00801   0.05100   0.04967   0.07076   0.06685   0.00328   0.01608   0.01050   0.00488   0.00195   0.00641   0.00591   0.00614   0.00377   0.00624   0.01344   0.00374   0.00562   0.00669   0.01975   0.02420   0.00638   0.00409   0.00842   0.00787   0.02706   0.01153   0.03078   0.01019   0.01485   0.00488   0.02828   0.00409   0.00623   0.01451   0.02210   0.00214   0.00437   0.00760   0.00516   0.00013   5.39697   0.39941   1.92381   1.08365   0.34206  
 60 16.3362  12399.145139  x:  0.25513   0.04277   0.32465   0.08581   0.12846   0.06891   0.04448   0.07788   0.09284   0.02214   0.02668   0.00973   0.09177   0.11405   0.19994   0.10434   0.00311   0.00595   0.06785   0.03475   0.00945   0.00800   0.05021   0.05110   0.07045   0.06648   0.00329   0.01607   0.01050   0.00488   0.00195   0.00641   0.00591   0.00614   0.00377   0.00624   0.01349   0.00374   0.00561   0.00668   0.01971   0.02421   0.00639   0.00409   0.00841   0.00787   0.02709   0.01154   0.03077   0.01019   0.01485   0.00488   0.02825   0.00411   0.00624   0.01451   0.02213   0.00215   0.00438   0.00759   0.00515   0.00013   5.39730   0.39928   1.92492   1.08379   0.34200  
 61  9.3576  12398.849943  x:  0.25777   0.04403   0.32338   0.08072   0.12798   0.07105   0.04405   0.07884   0.09141   0.02216   0.02658   0.00963   0.09204   0.11584   0.19976   0.10430   0.00326   0.00593   0.07190   0.03392   0.00944   0.00800   0.05115   0.04879   0.06972   0.06353   0.00335   0.01614   0.01044   0.00498   0.00194   0.00642   0.00590   0.00614   0.00376   0.00624   0.01349   0.00374   0.00561   0.00668   0.02010   0.02398   0.00639   0.00409   0.00841   0.00798   0.02772   0.01170   0.03078   0.01018   0.01485   0.00497   0.02824   0.00413   0.00624   0.01450   0.02210   0.00213   0.00447   0.00759   0.00515   0.00013   5.39905   0.39886   1.93611   1.08698   0.34190  
 62 12.4538  12396.413489  x:  0.26742   0.04760   0.31774   0.06185   0.13061   0.06905   0.04472   0.07739   0.09718   0.02209   0.02668   0.00920   0.09095   0.12793   0.19789   0.10381   0.00315   0.00603   0.06877   0.03511   0.00941   0.00791   0.05051   0.05086   0.07076   0.07244   0.00349   0.01613   0.01054   0.00543   0.00192   0.00641   0.00592   0.00614   0.00376   0.00624   0.01349   0.00372   0.00556   0.00666   0.01886   0.02361   0.00602   0.00411   0.00829   0.00855   0.02440   0.01148   0.03079   0.01024   0.01467   0.00527   0.02817   0.00416   0.00626   0.01463   0.02159   0.00214   0.00486   0.00745   0.00514   0.00013   5.41225   0.39586   2.02761   1.11418   0.34335  
 63 101.5541  12384.229771  x:  0.26574   0.04243   0.30563   0.06469   0.13204   0.06057   0.04813   0.07751   0.10175   0.02263   0.02609   0.00945   0.08967   0.12056   0.18727   0.09892   0.00326   0.00631   0.04995   0.03343   0.00921   0.00742   0.05118   0.05024   0.06686   0.04899   0.00515   0.01650   0.01032   0.00789   0.00192   0.00639   0.00591   0.00616   0.00365   0.00640   0.01206   0.00361   0.00533   0.00654   0.00994   0.02002   0.00457   0.00426   0.00793   0.01169   0.02425   0.01345   0.03138   0.01038   0.01352   0.00710   0.02819   0.00378   0.00636   0.01545   0.01966   0.00210   0.00705   0.00700   0.00509   0.00012   5.47503   0.38130   2.46605   1.24558   0.35497  
 64 488.9771  12376.310250  x:  0.25917   0.02920   0.29831   0.07466   0.13096   0.06437   0.04865   0.07417   0.09502   0.02324   0.02485   0.01108   0.09072   0.10786   0.17928   0.09596   0.00364   0.00583   0.06341   0.03193   0.00906   0.00711   0.05048   0.05005   0.06228   0.06049   0.00592   0.01658   0.01037   0.00932   0.00194   0.00636   0.00591   0.00620   0.00362   0.00655   0.01079   0.00352   0.00517   0.00641   0.00525   0.01648   0.00308   0.00440   0.00771   0.01344   0.01669   0.01363   0.03165   0.01050   0.01258   0.00803   0.02819   0.00299   0.00645   0.01587   0.01780   0.00205   0.00834   0.00669   0.00509   0.00011   5.51695   0.37151   2.75842   1.33314   0.36350  
 65 2434.7859  12376.241666  x:  0.25934   0.02986   0.29828   0.07483   0.13004   0.06631   0.04828   0.07361   0.09572   0.02324   0.02482   0.01102   0.09076   0.10732   0.17913   0.09418   0.00366   0.00587   0.06264   0.03188   0.00905   0.00710   0.05038   0.05005   0.06044   0.06107   0.00591   0.01658   0.01039   0.00935   0.00194   0.00636   0.00591   0.00619   0.00362   0.00655   0.01080   0.00352   0.00517   0.00641   0.00528   0.01655   0.00310   0.00439   0.00770   0.01345   0.01714   0.01366   0.03165   0.01051   0.01255   0.00805   0.02820   0.00302   0.00645   0.01587   0.01782   0.00205   0.00837   0.00669   0.00508   0.00011   5.51739   0.37145   2.76028   1.33374   0.36345  
 66 38.0845  12376.124021  x:  0.25968   0.03013   0.29823   0.07433   0.12993   0.06490   0.04853   0.07364   0.09571   0.02323   0.02489   0.01103   0.09073   0.10604   0.17902   0.08945   0.00371   0.00588   0.06344   0.03188   0.00905   0.00710   0.05036   0.05004   0.06268   0.06111   0.00592   0.01660   0.01037   0.00938   0.00194   0.00636   0.00592   0.00619   0.00363   0.00655   0.01080   0.00352   0.00517   0.00641   0.00541   0.01664   0.00313   0.00439   0.00771   0.01349   0.01740   0.01366   0.03164   0.01052   0.01253   0.00807   0.02820   0.00303   0.00644   0.01588   0.01790   0.00205   0.00840   0.00670   0.00509   0.00011   5.51918   0.37163   2.75127   1.33134   0.36301  
 67  6.0781  12373.245490  x:  0.25937   0.02582   0.29948   0.07161   0.13278   0.07977   0.04608   0.07578   0.09163   0.02363   0.02472   0.01172   0.09133   0.10358   0.17827   0.08742   0.00370   0.00579   0.05621   0.03210   0.00905   0.00706   0.05126   0.04964   0.07694   0.06085   0.00610   0.01714   0.01017   0.00938   0.00194   0.00634   0.00596   0.00625   0.00384   0.00643   0.00993   0.00348   0.00522   0.00639   0.00569   0.01531   0.00283   0.00438   0.00774   0.01387   0.01428   0.01430   0.03158   0.01067   0.01207   0.00819   0.02788   0.00271   0.00642   0.01618   0.01740   0.00200   0.00830   0.00678   0.00525   0.00012   5.56674   0.37646   2.49844   1.26316   0.35659  
 68 71.5943  12360.841898  x:  0.26033   0.02236   0.30553   0.06612   0.13014   0.06843   0.04952   0.07030   0.09334   0.02470   0.02384   0.01256   0.09482   0.09900   0.17345   0.09190   0.00394   0.00566   0.06007   0.02869   0.00901   0.00683   0.05006   0.05008   0.05903   0.05964   0.00640   0.01919   0.00928   0.00998   0.00189   0.00629   0.00611   0.00640   0.00458   0.00601   0.00728   0.00339   0.00540   0.00625   0.00969   0.01199   0.00249   0.00425   0.00799   0.01552   0.01196   0.01822   0.03182   0.01151   0.00989   0.00850   0.02727   0.00215   0.00636   0.01758   0.01604   0.00180   0.00855   0.00719   0.00580   0.00016   5.75016   0.39537   1.52032   0.99986   0.33012  
 69 1881.8756  12356.361688  x:  0.25414   0.02638   0.28069   0.05911   0.12922   0.06704   0.05163   0.06691   0.09079   0.02617   0.02045   0.01288   0.09759   0.09660   0.15256   0.09227   0.00399   0.00566   0.05883   0.02618   0.00915   0.00687   0.05041   0.04953   0.05944   0.05848   0.00538   0.02050   0.00905   0.00821   0.00185   0.00630   0.00608   0.00655   0.00510   0.00551   0.00624   0.00331   0.00567   0.00623   0.00815   0.01224   0.00345   0.00421   0.00768   0.01451   0.01374   0.02061   0.03273   0.01183   0.00922   0.00709   0.02611   0.00195   0.00631   0.01828   0.01270   0.00176   0.00680   0.00710   0.00621   0.00019   5.41962   0.44497   1.50446   1.15194   0.32312  
 70  3.3816  12353.607349  x:  0.26017   0.02269   0.27944   0.06207   0.13302   0.06763   0.05274   0.06559   0.08839   0.02684   0.02125   0.01319   0.10147   0.09620   0.15079   0.09638   0.00388   0.00518   0.05988   0.02686   0.00940   0.00701   0.05049   0.05010   0.06136   0.06111   0.00614   0.02154   0.00901   0.00894   0.00174   0.00615   0.00605   0.00640   0.00479   0.00636   0.00628   0.00340   0.00539   0.00613   0.00777   0.01730   0.00421   0.00375   0.00760   0.01638   0.01821   0.02175   0.03306   0.01255   0.00890   0.00798   0.02547   0.00144   0.00619   0.01873   0.01552   0.00147   0.00739   0.00727   0.00583   0.00019   5.39239   0.44631   1.35885   1.13787   0.31778  
 71  0.4211  12352.438901  x:  0.26004   0.02217   0.27248   0.06438   0.13387   0.06725   0.05365   0.06497   0.08789   0.02704   0.02162   0.01311   0.10358   0.09503   0.14496   0.09806   0.00384   0.00500   0.06092   0.02728   0.00951   0.00710   0.05007   0.05002   0.05920   0.06181   0.00641   0.02210   0.00907   0.00916   0.00166   0.00607   0.00606   0.00633   0.00452   0.00680   0.00682   0.00349   0.00523   0.00604   0.01053   0.01755   0.00411   0.00352   0.00756   0.01716   0.01736   0.02233   0.03309   0.01286   0.00913   0.00834   0.02513   0.00122   0.00612   0.01889   0.01654   0.00134   0.00766   0.00740   0.00553   0.00019   5.27931   0.45632   1.54143   1.23382   0.32020  
 72  1.5724  12351.012441  x:  0.26652   0.02678   0.27144   0.06150   0.13380   0.06536   0.05570   0.06593   0.09028   0.02700   0.02277   0.01222   0.10607   0.09679   0.14333   0.09591   0.00368   0.00513   0.05975   0.02949   0.00971   0.00730   0.04898   0.04937   0.05761   0.06024   0.00662   0.02301   0.00955   0.00900   0.00136   0.00594   0.00602   0.00615   0.00393   0.00736   0.00890   0.00365   0.00485   0.00591   0.00858   0.01623   0.00345   0.00291   0.00745   0.01794   0.01652   0.02358   0.03289   0.01313   0.01035   0.00843   0.02521   0.00120   0.00594   0.01893   0.01689   0.00122   0.00794   0.00759   0.00490   0.00021   5.10772   0.47859   1.46257   1.29094   0.31419  
 73  0.3513  12350.284453  x:  0.27221   0.02482   0.27623   0.06183   0.13445   0.06531   0.05673   0.06659   0.09069   0.02696   0.02251   0.01177   0.10606   0.09754   0.14919   0.09581   0.00367   0.00546   0.05946   0.02903   0.00979   0.00727   0.04792   0.04910   0.05811   0.06035   0.00678   0.02333   0.00958   0.00940   0.00116   0.00592   0.00596   0.00593   0.00343   0.00762   0.00700   0.00363   0.00452   0.00593   0.00827   0.01492   0.00360   0.00245   0.00716   0.01899   0.01741   0.02419   0.03245   0.01325   0.01013   0.00866   0.02542   0.00110   0.00593   0.01888   0.01555   0.00111   0.00848   0.00734   0.00447   0.00021   5.04774   0.48106   1.50116   1.33228   0.31503  
 74  0.1588  12350.055331  x:  0.27234   0.02474   0.27779   0.06232   0.13423   0.06588   0.05671   0.06684   0.09068   0.02691   0.02206   0.01159   0.10551   0.09643   0.14980   0.09542   0.00364   0.00559   0.05955   0.02836   0.00974   0.00722   0.04826   0.04911   0.05796   0.05974   0.00664   0.02352   0.00934   0.00949   0.00108   0.00588   0.00597   0.00592   0.00358   0.00735   0.00697   0.00362   0.00463   0.00597   0.00853   0.01578   0.00381   0.00238   0.00717   0.01949   0.01568   0.02485   0.03246   0.01318   0.00950   0.00850   0.02548   0.00117   0.00592   0.01898   0.01539   0.00108   0.00859   0.00727   0.00464   0.00022   5.00044   0.48383   1.46869   1.34781   0.31667  
 75  0.0855  12349.978555  x:  0.27178   0.02439   0.27815   0.06222   0.13441   0.06608   0.05642   0.06657   0.09011   0.02695   0.02193   0.01156   0.10506   0.09621   0.15014   0.09563   0.00362   0.00565   0.05950   0.02755   0.00969   0.00718   0.04882   0.04934   0.05844   0.05980   0.00667   0.02352   0.00925   0.00951   0.00111   0.00588   0.00598   0.00595   0.00368   0.00717   0.00716   0.00363   0.00475   0.00599   0.00844   0.01517   0.00348   0.00239   0.00735   0.01971   0.01624   0.02518   0.03252   0.01315   0.00945   0.00843   0.02550   0.00117   0.00595   0.01904   0.01575   0.00109   0.00858   0.00739   0.00476   0.00023   4.98982   0.48656   1.46883   1.36161   0.31825  
 76  0.0336  12349.923622  x:  0.27126   0.02441   0.27875   0.06215   0.13446   0.06604   0.05589   0.06657   0.09000   0.02697   0.02216   0.01147   0.10431   0.09637   0.15012   0.09559   0.00367   0.00570   0.05963   0.02821   0.00964   0.00718   0.04940   0.04952   0.05824   0.05980   0.00680   0.02338   0.00928   0.00954   0.00121   0.00595   0.00596   0.00596   0.00370   0.00704   0.00707   0.00360   0.00479   0.00601   0.00808   0.01530   0.00368   0.00235   0.00730   0.02011   0.01621   0.02550   0.03264   0.01310   0.00977   0.00845   0.02547   0.00115   0.00604   0.01900   0.01574   0.00112   0.00854   0.00727   0.00479   0.00024   5.01075   0.49011   1.49047   1.38376   0.31998  
 77  0.0351  12349.880941  x:  0.27097   0.02464   0.27798   0.06230   0.13435   0.06599   0.05552   0.06653   0.09004   0.02692   0.02202   0.01136   0.10391   0.09678   0.14959   0.09583   0.00372   0.00568   0.05962   0.02843   0.00962   0.00719   0.04906   0.04943   0.05824   0.06005   0.00682   0.02317   0.00941   0.00958   0.00124   0.00600   0.00594   0.00595   0.00360   0.00709   0.00711   0.00356   0.00473   0.00601   0.00841   0.01555   0.00344   0.00228   0.00734   0.02036   0.01635   0.02574   0.03267   0.01303   0.00968   0.00844   0.02546   0.00120   0.00607   0.01886   0.01527   0.00112   0.00854   0.00728   0.00471   0.00025   5.02123   0.49232   1.49404   1.40614   0.31975  
 78  0.0214  12349.832945  x:  0.27054   0.02468   0.27691   0.06229   0.13404   0.06590   0.05528   0.06656   0.09024   0.02686   0.02204   0.01128   0.10418   0.09701   0.14942   0.09586   0.00376   0.00560   0.05951   0.02799   0.00964   0.00722   0.04861   0.04932   0.05828   0.06016   0.00672   0.02298   0.00946   0.00960   0.00123   0.00601   0.00597   0.00595   0.00354   0.00719   0.00730   0.00355   0.00468   0.00598   0.00852   0.01513   0.00372   0.00224   0.00716   0.02062   0.01631   0.02604   0.03268   0.01295   0.00953   0.00839   0.02550   0.00120   0.00604   0.01872   0.01575   0.00110   0.00858   0.00715   0.00465   0.00027   5.03020   0.49457   1.49966   1.43064   0.31876  
 79  0.0277  12349.765664  x:  0.27044   0.02473   0.27685   0.06174   0.13380   0.06572   0.05535   0.06677   0.09063   0.02693   0.02212   0.01119   0.10494   0.09663   0.14955   0.09550   0.00372   0.00560   0.05947   0.02778   0.00966   0.00726   0.04852   0.04924   0.05818   0.05965   0.00662   0.02284   0.00927   0.00951   0.00121   0.00595   0.00601   0.00596   0.00360   0.00725   0.00692   0.00356   0.00471   0.00599   0.00817   0.01558   0.00345   0.00233   0.00718   0.02058   0.01618   0.02641   0.03268   0.01293   0.00958   0.00826   0.02555   0.00122   0.00597   0.01871   0.01611   0.00109   0.00862   0.00723   0.00467   0.00030   5.03579   0.49753   1.52545   1.46198   0.31722  
 80  0.0326  12349.670466  x:  0.27123   0.02415   0.27887   0.06229   0.13440   0.06612   0.05562   0.06683   0.09031   0.02701   0.02211   0.01131   0.10554   0.09594   0.15040   0.09569   0.00364   0.00539   0.05968   0.02798   0.00965   0.00724   0.04895   0.04931   0.05853   0.05949   0.00666   0.02280   0.00909   0.00944   0.00118   0.00586   0.00598   0.00597   0.00374   0.00722   0.00733   0.00359   0.00477   0.00601   0.00826   0.01549   0.00356   0.00250   0.00710   0.02035   0.01636   0.02660   0.03264   0.01300   0.00994   0.00825   0.02560   0.00111   0.00591   0.01879   0.01525   0.00111   0.00869   0.00721   0.00474   0.00036   5.04811   0.49653   1.52778   1.48066   0.31548  
 81  0.0187  12349.538545  x:  0.27174   0.02490   0.27935   0.06257   0.13546   0.06636   0.05609   0.06658   0.08984   0.02706   0.02228   0.01126   0.10549   0.09687   0.14974   0.09586   0.00361   0.00546   0.05956   0.02901   0.00963   0.00717   0.04965   0.04958   0.05838   0.05990   0.00681   0.02288   0.00942   0.00934   0.00114   0.00590   0.00597   0.00593   0.00374   0.00705   0.00678   0.00361   0.00476   0.00602   0.00859   0.01493   0.00356   0.00259   0.00711   0.01971   0.01636   0.02637   0.03246   0.01317   0.00961   0.00832   0.02563   0.00124   0.00599   0.01885   0.01571   0.00117   0.00859   0.00716   0.00474   0.00044   5.04203   0.49687   1.51573   1.49112   0.31546  
 82  0.0101  12349.341503  x:  0.27269   0.02471   0.27952   0.06216   0.13550   0.06573   0.05654   0.06629   0.08997   0.02690   0.02181   0.01146   0.10457   0.09756   0.15198   0.09563   0.00368   0.00544   0.05936   0.02790   0.00964   0.00708   0.04927   0.04970   0.05761   0.06058   0.00691   0.02309   0.00975   0.00940   0.00118   0.00598   0.00593   0.00590   0.00343   0.00702   0.00731   0.00365   0.00468   0.00593   0.00813   0.01561   0.00353   0.00247   0.00715   0.01915   0.01614   0.02551   0.03229   0.01328   0.00912   0.00854   0.02555   0.00113   0.00611   0.01892   0.01567   0.00124   0.00845   0.00711   0.00449   0.00058   5.05332   0.50313   1.54182   1.50744   0.31748  
 83  0.0218  12349.127699  x:  0.27218   0.02423   0.27759   0.06251   0.13427   0.06604   0.05616   0.06704   0.09048   0.02685   0.02227   0.01162   0.10394   0.09573   0.14960   0.09572   0.00373   0.00562   0.05987   0.02739   0.00970   0.00722   0.04838   0.04932   0.05811   0.06029   0.00660   0.02338   0.00924   0.00954   0.00121   0.00597   0.00593   0.00592   0.00337   0.00723   0.00702   0.00363   0.00472   0.00594   0.00849   0.01544   0.00362   0.00231   0.00732   0.01902   0.01616   0.02468   0.03242   0.01307   0.01035   0.00853   0.02549   0.00117   0.00606   0.01919   0.01559   0.00121   0.00861   0.00729   0.00436   0.00076   5.03230   0.50462   1.51967   1.49874   0.31867  
 84  0.0189  12348.960556  x:  0.27214   0.02420   0.27813   0.06209   0.13372   0.06614   0.05566   0.06683   0.09048   0.02684   0.02239   0.01168   0.10437   0.09584   0.14876   0.09552   0.00370   0.00556   0.05992   0.02887   0.00974   0.00727   0.04852   0.04910   0.05858   0.05978   0.00645   0.02349   0.00895   0.00967   0.00118   0.00589   0.00600   0.00597   0.00363   0.00729   0.00724   0.00357   0.00478   0.00602   0.00823   0.01524   0.00371   0.00231   0.00747   0.01937   0.01658   0.02433   0.03256   0.01298   0.00929   0.00844   0.02584   0.00123   0.00587   0.01918   0.01531   0.00108   0.00877   0.00748   0.00445   0.00097   5.03562   0.50006   1.53073   1.48021   0.31903  
 85  0.0151  12348.779357  x:  0.27137   0.02454   0.27819   0.06174   0.13398   0.06576   0.05529   0.06553   0.08974   0.02689   0.02172   0.01161   0.10538   0.09759   0.15044   0.09534   0.00364   0.00566   0.05908   0.02813   0.00968   0.00717   0.04936   0.04950   0.05811   0.06023   0.00689   0.02334   0.00954   0.00961   0.00120   0.00595   0.00600   0.00599   0.00378   0.00714   0.00703   0.00355   0.00472   0.00607   0.00836   0.01541   0.00368   0.00231   0.00743   0.02002   0.01619   0.02407   0.03230   0.01304   0.00976   0.00851   0.02612   0.00114   0.00595   0.01890   0.01532   0.00101   0.00881   0.00748   0.00439   0.00129   5.03462   0.49273   1.50934   1.43921   0.31757  
 86  0.0260  12348.680729  x:  0.27063   0.02494   0.27840   0.06239   0.13465   0.06605   0.05552   0.06737   0.09021   0.02680   0.02232   0.01145   0.10470   0.09606   0.15020   0.09561   0.00364   0.00575   0.05959   0.02789   0.00963   0.00720   0.04905   0.04949   0.05804   0.06019   0.00692   0.02319   0.00936   0.00957   0.00117   0.00597   0.00595   0.00594   0.00359   0.00712   0.00716   0.00359   0.00471   0.00597   0.00826   0.01537   0.00359   0.00229   0.00738   0.02043   0.01623   0.02424   0.03223   0.01306   0.00955   0.00843   0.02559   0.00120   0.00610   0.01874   0.01529   0.00111   0.00897   0.00731   0.00418   0.00156   5.02928   0.49063   1.50197   1.41266   0.31717  
 87  0.0164  12348.640788  x:  0.27079   0.02438   0.27775   0.06244   0.13458   0.06600   0.05582   0.06664   0.09040   0.02692   0.02201   0.01151   0.10434   0.09686   0.14961   0.09544   0.00372   0.00567   0.05970   0.02820   0.00965   0.00720   0.04873   0.04933   0.05823   0.06044   0.00670   0.02319   0.00923   0.00954   0.00120   0.00596   0.00596   0.00593   0.00357   0.00718   0.00711   0.00360   0.00475   0.00597   0.00829   0.01534   0.00356   0.00237   0.00729   0.02042   0.01620   0.02479   0.03228   0.01306   0.00964   0.00827   0.02592   0.00112   0.00601   0.01879   0.01527   0.00115   0.00907   0.00728   0.00418   0.00176   5.02339   0.48899   1.49554   1.39620   0.31798  
 88  0.0120  12348.631784  x:  0.27093   0.02455   0.27803   0.06209   0.13435   0.06599   0.05587   0.06644   0.09020   0.02692   0.02209   0.01145   0.10446   0.09659   0.14998   0.09552   0.00370   0.00563   0.05966   0.02812   0.00966   0.00719   0.04885   0.04936   0.05816   0.06038   0.00673   0.02317   0.00932   0.00953   0.00117   0.00594   0.00597   0.00594   0.00357   0.00718   0.00714   0.00359   0.00474   0.00599   0.00833   0.01539   0.00359   0.00240   0.00723   0.02033   0.01630   0.02503   0.03226   0.01308   0.00969   0.00831   0.02601   0.00121   0.00598   0.01883   0.01521   0.00115   0.00902   0.00725   0.00416   0.00183   5.02838   0.48849   1.49765   1.39290   0.31837  
 89  0.0065  12348.628536  x:  0.27100   0.02455   0.27813   0.06213   0.13423   0.06599   0.05586   0.06664   0.09014   0.02691   0.02213   0.01145   0.10453   0.09654   0.14991   0.09546   0.00368   0.00559   0.05957   0.02813   0.00966   0.00720   0.04897   0.04939   0.05807   0.06025   0.00675   0.02316   0.00936   0.00953   0.00119   0.00594   0.00597   0.00594   0.00356   0.00716   0.00712   0.00359   0.00472   0.00599   0.00834   0.01537   0.00357   0.00237   0.00722   0.02021   0.01629   0.02519   0.03225   0.01309   0.00963   0.00834   0.02593   0.00117   0.00599   0.01887   0.01522   0.00115   0.00896   0.00725   0.00413   0.00186   5.02922   0.48874   1.49551   1.39324   0.31832  
 90  0.0023  12348.627746  x:  0.27103   0.02455   0.27808   0.06229   0.13430   0.06599   0.05580   0.06664   0.09020   0.02689   0.02208   0.01143   0.10453   0.09665   0.14996   0.09545   0.00367   0.00559   0.05956   0.02813   0.00966   0.00720   0.04892   0.04939   0.05813   0.06029   0.00674   0.02316   0.00932   0.00954   0.00119   0.00594   0.00597   0.00595   0.00357   0.00716   0.00713   0.00359   0.00472   0.00599   0.00833   0.01537   0.00358   0.00236   0.00724   0.02013   0.01628   0.02522   0.03224   0.01308   0.00965   0.00835   0.02591   0.00118   0.00601   0.01889   0.01523   0.00115   0.00895   0.00726   0.00414   0.00188   5.02936   0.48916   1.49656   1.39499   0.31826  
 91  0.0019  12348.627598  x:  0.27104   0.02456   0.27809   0.06222   0.13434   0.06600   0.05577   0.06661   0.09020   0.02689   0.02210   0.01143   0.10452   0.09660   0.14993   0.09547   0.00368   0.00560   0.05960   0.02812   0.00966   0.00720   0.04891   0.04938   0.05813   0.06030   0.00674   0.02316   0.00933   0.00954   0.00119   0.00594   0.00597   0.00594   0.00357   0.00717   0.00712   0.00359   0.00472   0.00599   0.00833   0.01536   0.00358   0.00235   0.00725   0.02011   0.01627   0.02523   0.03224   0.01307   0.00964   0.00835   0.02593   0.00117   0.00600   0.01889   0.01522   0.00115   0.00896   0.00727   0.00414   0.00188   5.03001   0.48909   1.49700   1.39533   0.31824  
 92  0.0008  12348.627580  x:  0.27102   0.02454   0.27808   0.06223   0.13433   0.06599   0.05577   0.06662   0.09020   0.02689   0.02210   0.01143   0.10452   0.09661   0.14993   0.09547   0.00368   0.00560   0.05959   0.02812   0.00966   0.00720   0.04892   0.04938   0.05812   0.06030   0.00675   0.02316   0.00933   0.00954   0.00119   0.00594   0.00597   0.00594   0.00357   0.00717   0.00712   0.00359   0.00472   0.00599   0.00833   0.01536   0.00358   0.00235   0.00726   0.02011   0.01627   0.02523   0.03224   0.01307   0.00965   0.00835   0.02593   0.00117   0.00600   0.01888   0.01522   0.00114   0.00896   0.00727   0.00414   0.00188   5.03005   0.48906   1.49700   1.39538   0.31824  
 93  0.0001  12348.627577  x:  0.27102   0.02455   0.27809   0.06222   0.13433   0.06600   0.05577   0.06662   0.09019   0.02689   0.02210   0.01142   0.10452   0.09660   0.14994   0.09547   0.00368   0.00560   0.05959   0.02812   0.00966   0.00720   0.04892   0.04938   0.05812   0.06030   0.00675   0.02316   0.00933   0.00954   0.00119   0.00594   0.00597   0.00594   0.00357   0.00717   0.00712   0.00359   0.00472   0.00599   0.00833   0.01536   0.00358   0.00235   0.00726   0.02011   0.01627   0.02522   0.03224   0.01307   0.00964   0.00835   0.02593   0.00117   0.00600   0.01888   0.01522   0.00115   0.00896   0.00727   0.00414   0.00188   5.03002   0.48905   1.49704   1.39543   0.31824  
 94  0.0001  12348.627577  x:  0.27102   0.02455   0.27809   0.06222   0.13433   0.06600   0.05578   0.06662   0.09020   0.02689   0.02210   0.01142   0.10452   0.09660   0.14993   0.09547   0.00368   0.00560   0.05959   0.02812   0.00966   0.00720   0.04892   0.04938   0.05812   0.06030   0.00675   0.02316   0.00933   0.00954   0.00119   0.00594   0.00597   0.00594   0.00357   0.00717   0.00712   0.00359   0.00472   0.00599   0.00833   0.01536   0.00358   0.00235   0.00726   0.02011   0.01627   0.02522   0.03224   0.01307   0.00964   0.00835   0.02593   0.00117   0.00600   0.01888   0.01522   0.00114   0.00896   0.00727   0.00414   0.00188   5.03002   0.48907   1.49705   1.39549   0.31824  
 95  0.0000  12348.627577  x:  0.27102   0.02455   0.27809   0.06222   0.13433   0.06600   0.05578   0.06662   0.09020   0.02689   0.02210   0.01143   0.10452   0.09660   0.14993   0.09547   0.00368   0.00560   0.05959   0.02812   0.00966   0.00720   0.04892   0.04938   0.05812   0.06030   0.00675   0.02316   0.00933   0.00954   0.00119   0.00594   0.00597   0.00594   0.00357   0.00717   0.00712   0.00359   0.00472   0.00599   0.00833   0.01536   0.00358   0.00235   0.00726   0.02011   0.01627   0.02522   0.03224   0.01307   0.00964   0.00835   0.02593   0.00117   0.00600   0.01888   0.01522   0.00114   0.00896   0.00727   0.00414   0.00188   5.03002   0.48907   1.49706   1.39552   0.31824  
 96  0.0000  12348.627577  x:  0.27102   0.02455   0.27809   0.06222   0.13433   0.06600   0.05578   0.06662   0.09020   0.02689   0.02210   0.01143   0.10452   0.09660   0.14993   0.09547   0.00368   0.00560   0.05959   0.02812   0.00966   0.00720   0.04892   0.04938   0.05812   0.06030   0.00675   0.02316   0.00933   0.00954   0.00119   0.00594   0.00597   0.00594   0.00357   0.00717   0.00712   0.00359   0.00472   0.00599   0.00833   0.01536   0.00358   0.00235   0.00726   0.02011   0.01627   0.02522   0.03224   0.01307   0.00964   0.00835   0.02593   0.00117   0.00600   0.01888   0.01522   0.00114   0.00896   0.00727   0.00414   0.00188   5.03002   0.48907   1.49706   1.39552   0.31824  
 97  0.0000  12348.627577  x:  0.27102   0.02455   0.27809   0.06222   0.13433   0.06600   0.05578   0.06662   0.09020   0.02689   0.02210   0.01143   0.10452   0.09660   0.14993   0.09547   0.00368   0.00560   0.05959   0.02812   0.00966   0.00720   0.04892   0.04938   0.05812   0.06030   0.00675   0.02316   0.00933   0.00954   0.00119   0.00594   0.00597   0.00594   0.00357   0.00717   0.00712   0.00359   0.00472   0.00599   0.00833   0.01536   0.00358   0.00235   0.00726   0.02011   0.01627   0.02522   0.03224   0.01307   0.00964   0.00835   0.02593   0.00117   0.00600   0.01888   0.01522   0.00114   0.00896   0.00727   0.00414   0.00188   5.03002   0.48907   1.49706   1.39552   0.31824  
 98  0.0000  12348.627577  x:  0.27102   0.02455   0.27809   0.06222   0.13433   0.06600   0.05578   0.06662   0.09020   0.02689   0.02210   0.01143   0.10452   0.09660   0.14993   0.09547   0.00368   0.00560   0.05959   0.02812   0.00966   0.00720   0.04892   0.04938   0.05812   0.06030   0.00675   0.02316   0.00933   0.00954   0.00119   0.00594   0.00597   0.00594   0.00357   0.00717   0.00712   0.00359   0.00472   0.00599   0.00833   0.01536   0.00358   0.00235   0.00726   0.02011   0.01627   0.02522   0.03224   0.01307   0.00964   0.00835   0.02593   0.00117   0.00600   0.01888   0.01522   0.00114   0.00896   0.00727   0.00414   0.00188   5.03002   0.48907   1.49706   1.39552   0.31824  
 99  0.0000  12348.627577  x:  0.27102   0.02455   0.27809   0.06222   0.13433   0.06600   0.05578   0.06662   0.09020   0.02689   0.02210   0.01143   0.10452   0.09660   0.14993   0.09547   0.00368   0.00560   0.05959   0.02812   0.00966   0.00720   0.04892   0.04938   0.05812   0.06030   0.00675   0.02316   0.00933   0.00954   0.00119   0.00594   0.00597   0.00594   0.00357   0.00717   0.00712   0.00359   0.00472   0.00599   0.00833   0.01536   0.00358   0.00235   0.00726   0.02011   0.01627   0.02522   0.03224   0.01307   0.00964   0.00835   0.02593   0.00117   0.00600   0.01888   0.01522   0.00114   0.00896   0.00727   0.00414   0.00188   5.03002   0.48907   1.49706   1.39552   0.31824  
100  0.0000  12348.627577  x:  0.27102   0.02455   0.27809   0.06222   0.13433   0.06600   0.05578   0.06662   0.09020   0.02689   0.02210   0.01143   0.10452   0.09660   0.14993   0.09547   0.00368   0.00560   0.05959   0.02812   0.00966   0.00720   0.04892   0.04938   0.05812   0.06030   0.00675   0.02316   0.00933   0.00954   0.00119   0.00594   0.00597   0.00594   0.00357   0.00717   0.00712   0.00359   0.00472   0.00599   0.00833   0.01536   0.00358   0.00235   0.00726   0.02011   0.01627   0.02522   0.03224   0.01307   0.00964   0.00835   0.02593   0.00117   0.00600   0.01888   0.01522   0.00114   0.00896   0.00727   0.00414   0.00188   5.03002   0.48907   1.49706   1.39552   0.31824  
101  0.0000  12348.627577  x:  0.27102   0.02455   0.27809   0.06222   0.13433   0.06600   0.05578   0.06662   0.09020   0.02689   0.02210   0.01143   0.10452   0.09660   0.14993   0.09547   0.00368   0.00560   0.05959   0.02812   0.00966   0.00720   0.04892   0.04938   0.05812   0.06030   0.00675   0.02316   0.00933   0.00954   0.00119   0.00594   0.00597   0.00594   0.00357   0.00717   0.00712   0.00359   0.00472   0.00599   0.00833   0.01536   0.00358   0.00235   0.00726   0.02011   0.01627   0.02522   0.03224   0.01307   0.00964   0.00835   0.02593   0.00117   0.00600   0.01888   0.01522   0.00114   0.00896   0.00727   0.00414   0.00188   5.03002   0.48907   1.49706   1.39552   0.31824  
102  0.0000  12348.627577  x:  0.27102   0.02455   0.27809   0.06222   0.13433   0.06600   0.05578   0.06662   0.09020   0.02689   0.02210   0.01143   0.10452   0.09660   0.14993   0.09547   0.00368   0.00560   0.05959   0.02812   0.00966   0.00720   0.04892   0.04938   0.05812   0.06030   0.00675   0.02316   0.00933   0.00954   0.00119   0.00594   0.00597   0.00594   0.00357   0.00717   0.00712   0.00359   0.00472   0.00599   0.00833   0.01536   0.00358   0.00235   0.00726   0.02011   0.01627   0.02522   0.03224   0.01307   0.00964   0.00835   0.02593   0.00117   0.00600   0.01888   0.01522   0.00114   0.00896   0.00727   0.00414   0.00188   5.03002   0.48907   1.49706   1.39552   0.31824  
check convergence!
