Supplemental results for CODEML (seqf: paml_null_trimmed_dna_aligned_combined_TAS1R3  treef: paml_null_ML_tree_trimmed_dna_aligned_combined_TAS1R3.txt)

I	J	ij	2Ns_IJ	pMut_IJ	pSub_IJ	2Ns_JI	pMut_JI	pSub_JI

TTC	TTT	CT	-1.16658	0.07508	0.03961	1.16658	0.02338	0.03961	0.03961	0.03961
TTA	TTT	AT	3.30383	0.00018	0.00061	-3.30383	0.00484	0.00061	0.00017	0.00017
TTA	TTC	AC	4.47041	0.00041	0.00186	-4.47041	0.03590	0.00186	0.00051	0.00051
TTG	TTT	GT	1.00779	0.00209	0.00331	-1.00779	0.00572	0.00331	0.00091	0.00091
TTG	TTC	GC	2.17437	0.00482	0.01182	-2.17437	0.04238	0.01182	0.00326	0.00326
TTG	TTA	GA	-2.29605	0.01437	0.00369	2.29605	0.00145	0.00369	0.00369	0.00369
TCT	TTT	CT	1.45385	0.00546	0.01036	-1.45385	0.02338	0.01036	0.00286	0.00286
TCC	TTC	CT	1.97179	0.02412	0.05526	-1.97179	0.17330	0.05526	0.01524	0.01524
TCC	TCT	CT	-0.64863	0.02412	0.01714	0.64863	0.01261	0.01714	0.01714	0.01714
TCA	TTA	CT	-2.00201	0.01154	0.00361	2.00201	0.00156	0.00361	0.00099	0.00099
TCA	TCT	AT	-0.15202	0.00304	0.00282	0.15202	0.00261	0.00282	0.00282	0.00282
TCA	TCC	AC	0.49661	0.00702	0.00891	-0.49661	0.01154	0.00891	0.00891	0.00891
TCG	TTG	CT	0.08322	0.01682	0.01753	-0.08322	0.01828	0.01753	0.00483	0.00483
TCG	TCT	GT	-0.36284	0.00443	0.00368	0.36284	0.00308	0.00368	0.00368	0.00368
TCG	TCC	GC	0.28580	0.01023	0.01176	-0.28580	0.01362	0.01176	0.01176	0.01176
TCG	TCA	GA	-0.21082	0.03052	0.02741	0.21082	0.02472	0.02741	0.02741	0.02741
TAT	TTT	AT	1.22439	0.00142	0.00247	-1.22439	0.00484	0.00247	0.00068	0.00068
TAT	TCT	AC	-0.22945	0.00329	0.00292	0.22945	0.00261	0.00292	0.00081	0.00081
TAC	TTC	AT	1.38949	0.00895	0.01656	-1.38949	0.03590	0.01656	0.00457	0.00457
TAC	TCC	AC	-0.58230	0.02065	0.01522	0.58230	0.01154	0.01522	0.00420	0.00420
TAC	TAT	CT	-1.00148	0.03395	0.01974	1.00148	0.01247	0.01974	0.01974	0.01974
TGT	TTT	GT	1.10543	0.00189	0.00313	-1.10543	0.00572	0.00313	0.00086	0.00086
TGT	TCT	GC	-0.34842	0.00437	0.00365	0.34842	0.00308	0.00365	0.00101	0.00101
TGT	TAT	GA	-0.11897	0.01303	0.01227	0.11897	0.01157	0.01227	0.00338	0.00338
TGC	TTC	GT	1.02697	0.01518	0.02428	-1.02697	0.04238	0.02428	0.00669	0.00669
TGC	TCC	GC	-0.94482	0.03503	0.02105	0.94482	0.01362	0.02105	0.00580	0.00580
TGC	TAC	GA	-0.36252	0.10448	0.08668	0.36252	0.07271	0.08668	0.02390	0.02390
TGC	TGT	CT	-1.24504	0.05758	0.02899	1.24504	0.01658	0.02899	0.02899	0.02899
TGG	TTG	GT	-0.92244	0.01124	0.00684	0.92244	0.00447	0.00684	0.00189	0.00189
TGG	TCG	GC	-1.00567	0.02596	0.01506	1.00567	0.00949	0.01506	0.00415	0.00415
TGG	TGT	GT	-1.02008	0.01124	0.00647	1.02008	0.00405	0.00647	0.00178	0.00178
TGG	TGC	GC	0.22495	0.02596	0.02898	-0.22495	0.03250	0.02898	0.00799	0.00799
CTT	TTT	CT	0.70074	0.01160	0.01614	-0.70074	0.02338	0.01614	0.00445	0.00445
CTC	TTC	CT	1.09653	0.05789	0.09531	-1.09653	0.17330	0.09531	0.02628	0.02628
CTC	CTT	CT	-0.77078	0.05789	0.03842	0.77078	0.02678	0.03842	0.03842	0.03842
CTA	TTA	CT	-1.73538	0.00884	0.00328	1.73538	0.00156	0.00328	0.00328	0.00328
CTA	CTT	AT	0.86772	0.00233	0.00348	-0.86772	0.00555	0.00348	0.00348	0.00348
CTA	CTC	AC	1.63850	0.00538	0.01094	-1.63850	0.02768	0.01094	0.01094	0.01094
CTG	TTG	CT	-2.26885	0.17673	0.04626	2.26885	0.01828	0.04626	0.04626	0.04626
CTG	CTT	GT	-1.96180	0.04658	0.01495	1.96180	0.00655	0.01495	0.01495	0.01495
CTG	CTC	GC	-1.19102	0.10752	0.05591	1.19102	0.03268	0.05591	0.05591	0.05591
CTG	CTA	GA	-2.82951	0.32067	0.05693	2.82951	0.01893	0.05693	0.05693	0.05693
CCT	TCT	CT	-0.33140	0.01757	0.01482	0.33140	0.01261	0.01482	0.00409	0.00409
CCT	CTT	CT	0.42171	0.01757	0.02153	-0.42171	0.02678	0.02153	0.00594	0.00594
CCC	TCC	CT	0.06924	0.05196	0.05378	-0.06924	0.05569	0.05378	0.01483	0.01483
CCC	CTC	CT	0.94450	0.05196	0.08031	-0.94450	0.13362	0.08031	0.02214	0.02214
CCC	CCT	CT	-0.24799	0.05196	0.04579	0.24799	0.04055	0.04579	0.04579	0.04579
CCA	TCA	CT	0.55897	0.01523	0.01988	-0.55897	0.02664	0.01988	0.00548	0.00548
CCA	CTA	CT	0.29234	0.01523	0.01757	-0.29234	0.02041	0.01757	0.00484	0.00484
CCA	CCT	AT	0.73835	0.00401	0.00568	-0.73835	0.00840	0.00568	0.00568	0.00568
CCA	CCC	AC	0.98634	0.00927	0.01458	-0.98634	0.02485	0.01458	0.01458	0.01458
CCG	TCG	CT	0.64999	0.02027	0.02757	-0.64999	0.03883	0.02757	0.00760	0.00760
CCG	CTG	CT	3.00206	0.02027	0.06403	-3.00206	0.40796	0.06403	0.01765	0.01765
CCG	CCT	GT	0.61855	0.00534	0.00716	-0.61855	0.00992	0.00716	0.00716	0.00716
CCG	CCC	GC	0.86654	0.01233	0.01844	-0.86654	0.02933	0.01844	0.01844	0.01844
CCG	CCA	GA	-0.11979	0.03678	0.03462	0.11979	0.03263	0.03462	0.03462	0.03462
CAT	TAT	CT	0.82524	0.00546	0.00802	-0.82524	0.01247	0.00802	0.00221	0.00221
CAT	CTT	AT	1.34890	0.00144	0.00262	-1.34890	0.00555	0.00262	0.00072	0.00072
CAT	CCT	AC	0.92719	0.00332	0.00510	-0.92719	0.00840	0.00510	0.00141	0.00141
CAC	TAC	CT	0.62980	0.04174	0.05626	-0.62980	0.07836	0.05626	0.01551	0.01551
CAC	CTC	AT	0.92276	0.01100	0.01685	-0.92276	0.02768	0.01685	0.00465	0.00465
CAC	CCC	AC	-0.02174	0.02540	0.02512	0.02174	0.02485	0.02512	0.00693	0.00693
CAC	CAT	CT	-1.19692	0.04174	0.02163	1.19692	0.01261	0.02163	0.02163	0.02163
CAA	CTA	AT	1.31710	0.00113	0.00204	-1.31710	0.00423	0.00204	0.00056	0.00056
CAA	CCA	AC	1.02476	0.00261	0.00418	-1.02476	0.00728	0.00418	0.00115	0.00115
CAA	CAT	AT	0.83593	0.00113	0.00167	-0.83593	0.00261	0.00167	0.00046	0.00046
CAA	CAC	AC	2.03284	0.00261	0.00612	-2.03284	0.01996	0.00612	0.00169	0.00169
CAG	CTG	AT	1.34943	0.02192	0.03994	-1.34943	0.08452	0.03994	0.01101	0.01101
CAG	CCG	AC	-1.65263	0.05061	0.01981	1.65263	0.00969	0.01981	0.00546	0.00546
CAG	CAT	GT	-1.96126	0.02192	0.00704	1.96126	0.00308	0.00704	0.00194	0.00194
CAG	CAC	GC	-0.76435	0.05061	0.03371	0.76435	0.02356	0.03371	0.00929	0.00929
CAG	CAA	GA	-2.79719	0.15092	0.02742	2.79719	0.00920	0.02742	0.02742	0.02742
CGT	TGT	CT	0.56828	0.00939	0.01231	-0.56828	0.01658	0.01231	0.00339	0.00339
CGT	CTT	GT	0.97296	0.00248	0.00387	-0.97296	0.00655	0.00387	0.00107	0.00107
CGT	CCT	GC	0.55125	0.00571	0.00743	-0.55125	0.00992	0.00743	0.00205	0.00205
CGT	CAT	GA	-0.37593	0.01704	0.01404	0.37593	0.01170	0.01404	0.00387	0.00387
CGC	TGC	CT	1.24735	0.03818	0.06682	-1.24735	0.13292	0.06682	0.01842	0.01842
CGC	CTC	GT	1.17778	0.01006	0.01713	-1.17778	0.03268	0.01713	0.00472	0.00472
CGC	CCC	GC	0.23328	0.02323	0.02604	-0.23328	0.02933	0.02604	0.00718	0.00718
CGC	CAC	GA	0.25502	0.06928	0.07849	-0.25502	0.08941	0.07849	0.02164	0.02164
CGC	CGT	CT	-0.56596	0.03818	0.02839	0.56596	0.02168	0.02839	0.02839	0.02839
CGA	CTA	GT	1.78023	0.00084	0.00180	-1.78023	0.00499	0.00180	0.00050	0.00050
CGA	CCA	GC	1.48789	0.00194	0.00373	-1.48789	0.00860	0.00373	0.00103	0.00103
CGA	CAA	GA	0.46312	0.00579	0.00724	-0.46312	0.00920	0.00724	0.00200	0.00200
CGA	CGT	AT	1.67498	0.00084	0.00173	-1.67498	0.00449	0.00173	0.00173	0.00173
CGA	CGC	AC	2.24094	0.00194	0.00487	-2.24094	0.01826	0.00487	0.00487	0.00487
CGG	TGG	CT	1.14997	0.03118	0.05248	-1.14997	0.09848	0.05248	0.01447	0.01447
CGG	CTG	GT	2.49637	0.00822	0.02236	-2.49637	0.09976	0.02236	0.00616	0.00616
CGG	CCG	GC	-0.50569	0.01897	0.01458	0.50569	0.01144	0.01458	0.00402	0.00402
CGG	CAG	GA	1.14695	0.05658	0.09510	-1.14695	0.17815	0.09510	0.02622	0.02622
CGG	CGT	GT	-0.43839	0.00822	0.00655	0.43839	0.00530	0.00655	0.00655	0.00655
CGG	CGC	GC	0.12758	0.01897	0.02021	-0.12758	0.02155	0.02021	0.02021	0.02021
CGG	CGA	GA	-2.11337	0.05658	0.01643	2.11337	0.00684	0.01643	0.01643	0.01643
ATT	TTT	AT	1.49684	0.00108	0.00209	-1.49684	0.00484	0.00209	0.00058	0.00058
ATT	CTT	AC	0.79611	0.00250	0.00363	-0.79611	0.00555	0.00363	0.00100	0.00100
ATC	TTC	AT	1.71319	0.00647	0.01353	-1.71319	0.03590	0.01353	0.00373	0.00373
ATC	CTC	AC	0.61665	0.01494	0.02002	-0.61665	0.02768	0.02002	0.00552	0.00552
ATC	ATT	CT	-0.95023	0.02456	0.01471	0.95023	0.00950	0.01471	0.01471	0.01471
ATA	TTA	AT	-0.26461	0.00042	0.00037	0.26461	0.00032	0.00037	0.00010	0.00010
ATA	CTA	AC	1.47077	0.00097	0.00185	-1.47077	0.00423	0.00185	0.00051	0.00051
ATA	ATT	AT	1.54238	0.00042	0.00083	-1.54238	0.00197	0.00083	0.00083	0.00083
ATA	ATC	AC	2.49261	0.00097	0.00264	-2.49261	0.01174	0.00264	0.00264	0.00264
ATG	TTG	AT	-0.92810	0.00958	0.00581	0.92810	0.00379	0.00581	0.00160	0.00160
ATG	CTG	AC	1.34074	0.02211	0.04016	-1.34074	0.08452	0.04016	0.01107	0.01107
ATG	ATT	GT	-1.41716	0.00958	0.00434	1.41716	0.00232	0.00434	0.00120	0.00120
ATG	ATC	GC	-0.46693	0.02211	0.01735	0.46693	0.01386	0.01735	0.00478	0.00478
ATG	ATA	GA	-2.95954	0.06595	0.01067	2.95954	0.00342	0.01067	0.00294	0.00294
ACT	TCT	AT	0.97335	0.00099	0.00154	-0.97335	0.00261	0.00154	0.00043	0.00043
ACT	CCT	AC	1.30475	0.00228	0.00408	-1.30475	0.00840	0.00408	0.00112	0.00112
ACT	ATT	CT	0.93036	0.00375	0.00575	-0.93036	0.00950	0.00575	0.00159	0.00159
ACC	TCC	AT	0.35279	0.00811	0.00962	-0.35279	0.01154	0.00962	0.00265	0.00265
ACC	CCC	AC	0.28355	0.01871	0.02149	-0.28355	0.02485	0.02149	0.00593	0.00593
ACC	ATC	CT	0.61140	0.03076	0.04112	-0.61140	0.05669	0.04112	0.01134	0.01134
ACC	ACT	CT	-1.26919	0.03076	0.01526	1.26919	0.00865	0.01526	0.01526	0.01526
ACA	TCA	AT	0.19013	0.00456	0.00501	-0.19013	0.00552	0.00501	0.00138	0.00138
ACA	CCA	AC	-0.36884	0.01053	0.00871	0.36884	0.00728	0.00871	0.00240	0.00240
ACA	ATA	CT	-1.54727	0.01731	0.00724	1.54727	0.00368	0.00724	0.00200	0.00200
ACA	ACT	AT	-0.93525	0.00456	0.00276	0.93525	0.00179	0.00276	0.00276	0.00276
ACA	ACC	AC	0.33394	0.01053	0.01239	-0.33394	0.01471	0.01239	0.01239	0.01239
ACG	TCG	AT	0.32262	0.00583	0.00682	-0.32262	0.00804	0.00682	0.00188	0.00188
ACG	CCG	AC	-0.32737	0.01345	0.01137	0.32737	0.00969	0.01137	0.00313	0.00313
ACG	ATG	CT	1.33394	0.02210	0.04003	-1.33394	0.08390	0.04003	0.01104	0.01104
ACG	ACT	GT	-1.01357	0.00583	0.00336	1.01357	0.00211	0.00336	0.00336	0.00336
ACG	ACC	GC	0.25562	0.01345	0.01524	-0.25562	0.01736	0.01524	0.01524	0.01524
ACG	ACA	GA	-0.07833	0.04011	0.03856	0.07833	0.03708	0.03856	0.03856	0.03856
AAT	TAT	AT	0.40949	0.00172	0.00209	-0.40949	0.00258	0.00209	0.00058	0.00058
AAT	CAT	AC	-0.41575	0.00396	0.00319	0.41575	0.00261	0.00319	0.00088	0.00088
AAT	ATT	AT	0.13704	0.00172	0.00184	-0.13704	0.00197	0.00184	0.00051	0.00051
AAT	ACT	AC	-0.79332	0.00396	0.00259	0.79332	0.00179	0.00259	0.00072	0.00072
AAC	TAC	AT	0.38007	0.01110	0.01334	-0.38007	0.01623	0.01334	0.00368	0.00368
AAC	CAC	AC	-0.24973	0.02562	0.02256	0.24973	0.01996	0.02256	0.00622	0.00622
AAC	ATC	AT	0.05637	0.01110	0.01142	-0.05637	0.01174	0.01142	0.00315	0.00315
AAC	ACC	AC	-0.55503	0.02562	0.01917	0.55503	0.01471	0.01917	0.00528	0.00528
AAC	AAT	CT	-1.03090	0.04212	0.02407	1.03090	0.01502	0.02407	0.02407	0.02407
AAA	CAA	AC	-0.21196	0.00254	0.00228	0.21196	0.00205	0.00228	0.00063	0.00063
AAA	ATA	AT	-0.36563	0.00110	0.00091	0.36563	0.00076	0.00091	0.00025	0.00025
AAA	ACA	AC	1.18164	0.00254	0.00433	-1.18164	0.00828	0.00433	0.00119	0.00119
AAA	AAT	AT	1.03972	0.00110	0.00177	-1.03972	0.00311	0.00177	0.00049	0.00049
AAA	AAC	AC	2.07062	0.00254	0.00602	-2.07062	0.02014	0.00602	0.00166	0.00166
AAG	CAG	AC	0.74407	0.01890	0.02680	-0.74407	0.03978	0.02680	0.00739	0.00739
AAG	ATG	AT	0.75275	0.00819	0.01165	-0.75275	0.01738	0.01165	0.00321	0.00321
AAG	ACG	AC	-0.58119	0.01890	0.01394	0.58119	0.01057	0.01394	0.00384	0.00384
AAG	AAT	GT	-0.80144	0.00819	0.00534	0.80144	0.00367	0.00534	0.00147	0.00147
AAG	AAC	GC	0.22946	0.01890	0.02115	-0.22946	0.02378	0.02115	0.00583	0.00583
AAG	AAA	GA	-1.84116	0.05637	0.01957	1.84116	0.00894	0.01957	0.01957	0.01957
AGT	TGT	AT	0.67563	0.00175	0.00240	-0.67563	0.00343	0.00240	0.00066	0.00066
AGT	CGT	AC	0.10736	0.00403	0.00425	-0.10736	0.00449	0.00425	0.00117	0.00117
AGT	ATT	GT	0.28422	0.00175	0.00201	-0.28422	0.00232	0.00201	0.00055	0.00055
AGT	ACT	GC	-0.64614	0.00403	0.00287	0.64614	0.00211	0.00287	0.00079	0.00079
AGT	AAT	GA	0.14718	0.01203	0.01294	-0.14718	0.01394	0.01294	0.00357	0.00357
AGC	TGC	AT	0.46580	0.01728	0.02162	-0.46580	0.02754	0.02162	0.00596	0.00596
AGC	CGC	AC	-0.78155	0.03989	0.02631	0.78155	0.01826	0.02631	0.00726	0.00726
AGC	ATC	GT	-0.22042	0.01728	0.01545	0.22042	0.01386	0.01545	0.00426	0.00426
AGC	ACC	GC	-0.83182	0.03989	0.02558	0.83182	0.01736	0.02558	0.00705	0.00705
AGC	AAC	GA	-0.27679	0.11898	0.10327	0.27679	0.09021	0.10327	0.02847	0.02847
AGC	AGT	CT	-1.45487	0.06557	0.02905	1.45487	0.01531	0.02905	0.02905	0.02905
AGA	CGA	AC	0.93771	0.00060	0.00092	-0.93771	0.00153	0.00092	0.00092	0.00092
AGA	ATA	GT	1.24716	0.00026	0.00045	-1.24716	0.00090	0.00045	0.00012	0.00012
AGA	ACA	GC	2.79443	0.00060	0.00178	-2.79443	0.00977	0.00178	0.00049	0.00049
AGA	AAA	GA	1.61279	0.00178	0.00359	-1.61279	0.00894	0.00359	0.00099	0.00099
AGA	AGT	AT	2.50533	0.00026	0.00071	-2.50533	0.00317	0.00071	0.00019	0.00019
AGA	AGC	AC	3.96020	0.00060	0.00241	-3.96020	0.03136	0.00241	0.00067	0.00067
AGG	TGG	AT	1.38376	0.00511	0.00944	-1.38376	0.02040	0.00944	0.00260	0.00260
AGG	CGG	AC	0.23379	0.01180	0.01324	-0.23379	0.01491	0.01324	0.01324	0.01324
AGG	ATG	GT	1.38942	0.00511	0.00946	-1.38942	0.02052	0.00946	0.00261	0.00261
AGG	ACG	GC	0.05548	0.01180	0.01213	-0.05548	0.01248	0.01213	0.00335	0.00335
AGG	AAG	GA	0.63667	0.03520	0.04759	-0.63667	0.06654	0.04759	0.01312	0.01312
AGG	AGT	GT	-0.31196	0.00511	0.00436	0.31196	0.00374	0.00436	0.00120	0.00120
AGG	AGC	GC	1.14292	0.01180	0.01981	-1.14292	0.03702	0.01981	0.00546	0.00546
AGG	AGA	GA	-2.81728	0.03520	0.00630	2.81728	0.00210	0.00630	0.00630	0.00630
GTT	TTT	GT	2.01745	0.00076	0.00177	-2.01745	0.00572	0.00177	0.00049	0.00049
GTT	CTT	GC	1.31672	0.00176	0.00316	-1.31672	0.00655	0.00316	0.00087	0.00087
GTT	ATT	GA	0.52061	0.00523	0.00672	-0.52061	0.00881	0.00672	0.00185	0.00185
GTC	TTC	GT	1.78850	0.00709	0.01522	-1.78850	0.04238	0.01522	0.00420	0.00420
GTC	CTC	GC	0.69196	0.01636	0.02267	-0.69196	0.03268	0.02267	0.00625	0.00625
GTC	ATC	GA	0.07531	0.04879	0.05065	-0.07531	0.05260	0.05065	0.01396	0.01396
GTC	GTT	CT	-1.39553	0.02689	0.01235	1.39553	0.00666	0.01235	0.01235	0.01235
GTA	TTA	GT	-0.47804	0.00061	0.00048	0.47804	0.00038	0.00048	0.00013	0.00013
GTA	CTA	GC	1.25734	0.00142	0.00249	-1.25734	0.00499	0.00249	0.00069	0.00069
GTA	ATA	GA	-0.21343	0.00423	0.00380	0.21343	0.00342	0.00380	0.00105	0.00105
GTA	GTT	AT	0.80835	0.00061	0.00090	-0.80835	0.00138	0.00090	0.00090	0.00090
GTA	GTC	AC	2.20388	0.00142	0.00352	-2.20388	0.01286	0.00352	0.00352	0.00352
GTG	TTG	GT	-1.82803	0.02781	0.00974	1.82803	0.00447	0.00974	0.00268	0.00268
GTG	CTG	GC	0.44082	0.06420	0.07939	-0.44082	0.09976	0.07939	0.02189	0.02189
GTG	ATG	GA	-0.89993	0.19147	0.11806	0.89993	0.07785	0.11806	0.03255	0.03255
GTG	GTT	GT	-2.83769	0.02781	0.00491	2.83769	0.00163	0.00491	0.00491	0.00491
GTG	GTC	GC	-1.44216	0.06420	0.02867	1.44216	0.01518	0.02867	0.02867	0.02867
GTG	GTA	GA	-3.64604	0.19147	0.01870	3.64604	0.00500	0.01870	0.01870	0.01870
GCT	TCT	GT	-0.70813	0.00626	0.00430	0.70813	0.00308	0.00430	0.00119	0.00119
GCT	CCT	GC	-0.37673	0.01445	0.01190	0.37673	0.00992	0.01190	0.00328	0.00328
GCT	ACT	GA	-1.68149	0.04311	0.01657	1.68149	0.00802	0.01657	0.00457	0.00457
GCT	GTT	CT	-1.27174	0.02376	0.01177	1.27174	0.00666	0.01177	0.00324	0.00324
GCC	TCC	GT	-0.75227	0.02890	0.01938	0.75227	0.01362	0.01938	0.00534	0.00534
GCC	CCC	GC	-0.82151	0.06670	0.04301	0.82151	0.02933	0.04301	0.01186	0.01186
GCC	ACC	GA	-1.10506	0.19893	0.10886	1.10506	0.06588	0.10886	0.03001	0.03001
GCC	GTC	CT	-0.56898	0.10964	0.08139	0.56898	0.06207	0.08139	0.02244	0.02244
GCC	GCT	CT	-0.69277	0.10964	0.07601	0.69277	0.05484	0.07601	0.07601	0.07601
GCA	TCA	GT	0.44902	0.00416	0.00516	-0.44902	0.00651	0.00516	0.00142	0.00142
GCA	CCA	GC	-0.10995	0.00960	0.00908	0.10995	0.00860	0.00908	0.00250	0.00250
GCA	ACA	GA	0.25890	0.02863	0.03249	-0.25890	0.03708	0.03249	0.00896	0.00896
GCA	GTA	CT	-1.07495	0.01578	0.00879	1.07495	0.00538	0.00879	0.00242	0.00242
GCA	GCT	AT	1.00513	0.00416	0.00659	-1.00513	0.01136	0.00659	0.00659	0.00659
GCA	GCC	AC	1.69790	0.00960	0.01995	-1.69790	0.05243	0.01995	0.01995	0.01995
GCG	TCG	GT	0.59096	0.00526	0.00696	-0.59096	0.00949	0.00696	0.00192	0.00192
GCG	CCG	GC	-0.05903	0.01214	0.01178	0.05903	0.01144	0.01178	0.00325	0.00325
GCG	ACG	GA	0.26834	0.03620	0.04127	-0.26834	0.04734	0.04127	0.01138	0.01138
GCG	GTG	CT	2.50221	0.01995	0.05437	-2.50221	0.24359	0.05437	0.01499	0.01499
GCG	GCT	GT	0.93625	0.00526	0.00810	-0.93625	0.01341	0.00810	0.00810	0.00810
GCG	GCC	GC	1.62903	0.01214	0.02460	-1.62903	0.06189	0.02460	0.02460	0.02460
GCG	GCA	GA	-0.06888	0.03620	0.03497	0.06888	0.03379	0.03497	0.03497	0.03497
GAT	TAT	GT	0.29735	0.00227	0.00262	-0.29735	0.00305	0.00262	0.00072	0.00072
GAT	CAT	GC	-0.52789	0.00523	0.00397	0.52789	0.00308	0.00397	0.00109	0.00109
GAT	AAT	GA	-0.11214	0.01559	0.01474	0.11214	0.01394	0.01474	0.00406	0.00406
GAT	GTT	AT	-0.49571	0.00227	0.00175	0.49571	0.00138	0.00175	0.00048	0.00048
GAT	GCT	AC	0.77603	0.00523	0.00752	-0.77603	0.01136	0.00752	0.00207	0.00207
GAC	TAC	GT	0.32358	0.01387	0.01623	-0.32358	0.01916	0.01623	0.00447	0.00447
GAC	CAC	GC	-0.30623	0.03201	0.02736	0.30623	0.02356	0.02736	0.00754	0.00754
GAC	AAC	GA	-0.05650	0.09545	0.09278	0.05650	0.09021	0.09278	0.02558	0.02558
GAC	GTC	AT	-0.07543	0.01387	0.01335	0.07543	0.01286	0.01335	0.00368	0.00368
GAC	GCC	AC	0.49354	0.03201	0.04055	-0.49354	0.05243	0.04055	0.01118	0.01118
GAC	GAT	CT	-0.97526	0.05261	0.03106	0.97526	0.01984	0.03106	0.03106	0.03106
GAA	CAA	GC	-0.01604	0.00246	0.00245	0.01604	0.00243	0.00245	0.00067	0.00067
GAA	AAA	GA	0.19592	0.00735	0.00809	-0.19592	0.00894	0.00809	0.00223	0.00223
GAA	GTA	AT	0.04372	0.00107	0.00109	-0.04372	0.00112	0.00109	0.00030	0.00030
GAA	GCA	AC	1.11867	0.00246	0.00410	-1.11867	0.00754	0.00410	0.00113	0.00113
GAA	GAT	AT	1.34777	0.00107	0.00194	-1.34777	0.00411	0.00194	0.00054	0.00054
GAA	GAC	AC	2.32303	0.00246	0.00635	-2.32303	0.02516	0.00635	0.00175	0.00175
GAG	CAG	GC	0.14182	0.04075	0.04370	-0.14182	0.04695	0.04370	0.01205	0.01205
GAG	AAG	GA	-0.60225	0.12152	0.08858	0.60225	0.06654	0.08858	0.02442	0.02442
GAG	GTG	AT	1.05043	0.01765	0.02852	-1.05043	0.05046	0.02852	0.00786	0.00786
GAG	GCG	AC	-1.45178	0.04075	0.01809	1.45178	0.00954	0.01809	0.00499	0.00499
GAG	GAT	GT	-1.29155	0.01765	0.00864	1.29155	0.00485	0.00864	0.00238	0.00238
GAG	GAC	GC	-0.31630	0.04075	0.03464	0.31630	0.02970	0.03464	0.00955	0.00955
GAG	GAA	GA	-2.63932	0.12152	0.02466	2.63932	0.00868	0.02466	0.02466	0.02466
GGT	TGT	GT	0.61855	0.00218	0.00293	-0.61855	0.00405	0.00293	0.00081	0.00081
GGT	CGT	GC	0.05028	0.00504	0.00517	-0.05028	0.00530	0.00517	0.00143	0.00143
GGT	AGT	GA	-0.05708	0.01504	0.01461	0.05708	0.01420	0.01461	0.00403	0.00403
GGT	GTT	GT	-0.29347	0.00218	0.00188	0.29347	0.00163	0.00188	0.00052	0.00052
GGT	GCT	GC	0.97827	0.00504	0.00790	-0.97827	0.01341	0.00790	0.00218	0.00218
GGT	GAT	GA	0.20224	0.01504	0.01661	-0.20224	0.01841	0.01661	0.00458	0.00458
GGC	TGC	GT	0.36404	0.02259	0.02695	-0.36404	0.03250	0.02695	0.00743	0.00743
GGC	CGC	GC	-0.88331	0.05214	0.03246	0.88331	0.02155	0.03246	0.00895	0.00895
GGC	AGC	GA	-0.10176	0.15549	0.14771	0.10176	0.14045	0.14771	0.04073	0.04073
GGC	GTC	GT	-0.39749	0.02259	0.01839	0.39749	0.01518	0.01839	0.00507	0.00507
GGC	GCC	GC	0.17148	0.05214	0.05673	-0.17148	0.06189	0.05673	0.01564	0.01564
GGC	GAC	GA	-0.32206	0.15549	0.13179	0.32206	0.11268	0.13179	0.03634	0.03634
GGC	GGT	CT	-1.49955	0.08570	0.03693	1.49955	0.01913	0.03693	0.03693	0.03693
GGA	CGA	GC	-0.90276	0.00444	0.00274	0.90276	0.00180	0.00274	0.00075	0.00075
GGA	AGA	GA	-1.84047	0.01325	0.00460	1.84047	0.00210	0.00460	0.00127	0.00127
GGA	GTA	GT	-0.37988	0.00193	0.00158	0.37988	0.00132	0.00158	0.00044	0.00044
GGA	GCA	GC	0.69507	0.00444	0.00617	-0.69507	0.00891	0.00617	0.00170	0.00170
GGA	GAA	GA	-0.42360	0.01325	0.01064	0.42360	0.00868	0.01064	0.00293	0.00293
GGA	GGT	AT	0.72194	0.00193	0.00270	-0.72194	0.00396	0.00270	0.00270	0.00270
GGA	GGC	AC	2.22149	0.00444	0.01107	-2.22149	0.04098	0.01107	0.01107	0.01107
GGG	TGG	GT	0.85194	0.01027	0.01526	-0.85194	0.02408	0.01526	0.00421	0.00421
GGG	CGG	GC	-0.29803	0.02372	0.02036	0.29803	0.01760	0.02036	0.00561	0.00561
GGG	AGG	GA	-0.53182	0.07073	0.05358	0.53182	0.04156	0.05358	0.01477	0.01477
GGG	GTG	GT	1.75753	0.01027	0.02182	-1.75753	0.05957	0.02182	0.00602	0.00602
GGG	GCG	GC	-0.74468	0.02372	0.01597	0.74468	0.01126	0.01597	0.00440	0.00440
GGG	GAG	GA	0.70710	0.07073	0.09866	-0.70710	0.14344	0.09866	0.02720	0.02720
GGG	GGT	GT	-0.78669	0.01027	0.00676	0.78669	0.00468	0.00676	0.00676	0.00676
GGG	GGC	GC	0.71286	0.02372	0.03316	-0.71286	0.04837	0.03316	0.03316	0.03316
GGG	GGA	GA	-1.50863	0.07073	0.03031	1.50863	0.01565	0.03031	0.03031	0.03031


Histograms
2Ns	FMut	FSub(CodonUsage)	FSubw(after w)

-4.25754	0.00263	0.00017	0.00011
-3.83178	0.01631	0.00195	0.00402
-3.40603	0.00035	0.00006	0.00003
-2.98027	0.07452	0.01587	0.02422
-2.55452	0.03511	0.00966	0.01010
-2.12877	0.05023	0.01834	0.02653
-1.70301	0.04967	0.02437	0.03739
-1.27726	0.13577	0.08682	0.08867
-0.85151	0.13183	0.10589	0.11510
-0.42575	0.15968	0.16253	0.12386
0.00000	0.11816	0.14867	0.13993
0.42575	0.10618	0.16253	0.12386
0.85151	0.05697	0.10589	0.11510
1.27726	0.03972	0.08682	0.08867
1.70301	0.00945	0.02437	0.03739
2.12877	0.00607	0.01834	0.02653
2.55452	0.00279	0.00966	0.01010
2.98027	0.00411	0.01587	0.02422
3.40603	0.00001	0.00006	0.00003
3.83178	0.00041	0.00195	0.00402
4.25754	0.00003	0.00017	0.00011

Proportion of advantageous (S > 0) mutations:
 0.28183

Proportions of good & bad mutations (|S| > 2.0000) among mutations:
0.01094  0.16145

mean |Ns| = 1.11301	mean Ns+ = 0.68452	mean Ns- = -1.28116

