Supplemental results for CODEML (seqf: paml_null_trimmed_dna_aligned_combined_TAS1R1  treef: paml_null_ML_tree_trimmed_dna_aligned_combined_TAS1R1.txt)

I	J	ij	2Ns_IJ	pMut_IJ	pSub_IJ	2Ns_JI	pMut_JI	pSub_JI

TTC	TTT	CT	0.36477	0.09025	0.10771	-0.36477	0.12998	0.10771	0.10771	0.10771
TTA	TTT	AT	4.47360	0.00029	0.00131	-4.47360	0.02540	0.00131	0.00042	0.00042
TTA	TTC	AC	4.10883	0.00088	0.00369	-4.10883	0.05384	0.00369	0.00119	0.00119
TTG	TTT	GT	1.57744	0.00380	0.00755	-1.57744	0.01840	0.00755	0.00243	0.00243
TTG	TTC	GC	1.21267	0.01160	0.02002	-1.21267	0.03899	0.02002	0.00644	0.00644
TTG	TTA	GA	-2.89616	0.04915	0.00832	2.89616	0.00271	0.00832	0.00832	0.00832
TCT	TTT	CT	1.37140	0.03298	0.06061	-1.37140	0.12998	0.06061	0.01950	0.01950
TCC	TTC	CT	1.54632	0.05870	0.11533	-1.54632	0.27553	0.11533	0.03709	0.03709
TCC	TCT	CT	0.53969	0.05870	0.07595	-0.53969	0.10069	0.07595	0.07595	0.07595
TCA	TTA	CT	-0.99752	0.01117	0.00651	0.99752	0.00412	0.00651	0.00209	0.00209
TCA	TCT	AT	2.10468	0.00240	0.00575	-2.10468	0.01968	0.00575	0.00575	0.00575
TCA	TCC	AC	1.56499	0.00732	0.01449	-1.56499	0.03502	0.01449	0.01449	0.01449
TCG	TTG	CT	2.68806	0.00367	0.01059	-2.68806	0.05401	0.01059	0.00341	0.00341
TCG	TCT	GT	2.89410	0.00079	0.00242	-2.89410	0.01425	0.00242	0.00242	0.00242
TCG	TCC	GC	2.35441	0.00241	0.00626	-2.35441	0.02536	0.00626	0.00626	0.00626
TCG	TCA	GA	0.78942	0.01021	0.01476	-0.78942	0.02247	0.01476	0.01476	0.01476
TAT	TTT	AT	1.31897	0.00679	0.01223	-1.31897	0.02540	0.01223	0.00393	0.00393
TAT	TCT	AC	-0.05243	0.02074	0.02020	0.05243	0.01968	0.02020	0.00650	0.00650
TAC	TTC	AT	1.66954	0.01014	0.02086	-1.66954	0.05384	0.02086	0.00671	0.00671
TAC	TCC	AC	0.12321	0.03096	0.03290	-0.12321	0.03502	0.03290	0.01058	0.01058
TAC	TAT	CT	0.71534	0.04723	0.06611	-0.71534	0.09657	0.06611	0.06611	0.06611
TGT	TTT	GT	0.90354	0.00745	0.01132	-0.90354	0.01840	0.01132	0.00364	0.00364
TGT	TCT	GC	-0.46786	0.02275	0.01784	0.46786	0.01425	0.01784	0.00574	0.00574
TGT	TAT	GA	-0.41542	0.09643	0.07778	0.41542	0.06365	0.07778	0.02502	0.02502
TGC	TTC	GT	1.13711	0.01251	0.02094	-1.13711	0.03899	0.02094	0.00673	0.00673
TGC	TCC	GC	-0.40921	0.03818	0.03090	0.40921	0.02536	0.03090	0.00994	0.00994
TGC	TAC	GA	-0.53242	0.16183	0.12255	0.53242	0.09502	0.12255	0.03942	0.03942
TGC	TGT	CT	0.59834	0.05825	0.07740	-0.59834	0.10595	0.07740	0.07740	0.07740
TGG	TTG	GT	-0.41209	0.01154	0.00933	0.41209	0.00764	0.00933	0.00300	0.00300
TGG	TCG	GC	-3.10016	0.03523	0.00515	3.10016	0.00159	0.00515	0.00166	0.00166
TGG	TGT	GT	0.26180	0.01154	0.01312	-0.26180	0.01499	0.01312	0.00422	0.00422
TGG	TGC	GC	-0.33654	0.03523	0.02964	0.33654	0.02516	0.02964	0.00953	0.00953
CTT	TTT	CT	1.35115	0.03366	0.06137	-1.35115	0.12998	0.06137	0.01974	0.01974
CTC	TTC	CT	1.41936	0.06664	0.12477	-1.41936	0.27553	0.12477	0.04013	0.04013
CTC	CTT	CT	0.43298	0.06664	0.08211	-0.43298	0.10275	0.08211	0.08211	0.08211
CTA	TTA	CT	-1.49891	0.01844	0.00795	1.49891	0.00412	0.00795	0.00795	0.00795
CTA	CTT	AT	1.62354	0.00396	0.00801	-1.62354	0.02008	0.00801	0.00801	0.00801
CTA	CTC	AC	1.19057	0.01209	0.02068	-1.19057	0.03976	0.02068	0.02068	0.02068
CTG	TTG	CT	-1.03393	0.15187	0.08665	1.03393	0.05401	0.08665	0.08665	0.08665
CTG	CTT	GT	-0.80765	0.03261	0.02120	0.80765	0.01454	0.02120	0.02120	0.02120
CTG	CTC	GC	-1.24062	0.09955	0.05025	1.24062	0.02879	0.05025	0.05025	0.05025
CTG	CTA	GA	-2.43119	0.42196	0.09890	2.43119	0.03710	0.09890	0.09890	0.09890
CCT	TCT	CT	0.95672	0.03868	0.06009	-0.95672	0.10069	0.06009	0.01933	0.01933
CCT	CTT	CT	0.97697	0.03868	0.06060	-0.97697	0.10275	0.06060	0.01949	0.01949
CCC	TCC	CT	1.28695	0.04948	0.08796	-1.28695	0.17918	0.08796	0.02829	0.02829
CCC	CTC	CT	1.41391	0.04948	0.09243	-1.41391	0.20344	0.09243	0.02973	0.02973
CCC	CCT	CT	0.86992	0.04948	0.07408	-0.86992	0.11808	0.07408	0.07408	0.07408
CCA	TCA	CT	0.64353	0.01792	0.02429	-0.64353	0.03410	0.02429	0.00781	0.00781
CCA	CTA	CT	1.14492	0.01792	0.03009	-1.14492	0.05630	0.03009	0.00968	0.00968
CCA	CCT	AT	1.79150	0.00385	0.00827	-1.79150	0.02308	0.00827	0.00827	0.00827
CCA	CCC	AC	0.92158	0.01174	0.01798	-0.92158	0.02952	0.01798	0.01798	0.01798
CCG	TCG	CT	1.03758	0.00397	0.00638	-1.03758	0.01121	0.00638	0.00205	0.00205
CCG	CTG	CT	4.75958	0.00397	0.01907	-4.75958	0.46364	0.01907	0.00613	0.00613
CCG	CCT	GT	2.97496	0.00085	0.00267	-2.97496	0.01671	0.00267	0.00267	0.00267
CCG	CCC	GC	2.10504	0.00260	0.00624	-2.10504	0.02138	0.00624	0.00624	0.00624
CCG	CCA	GA	1.18347	0.01104	0.01883	-1.18347	0.03605	0.01883	0.01883	0.01883
CAT	TAT	CT	1.57756	0.01994	0.03964	-1.57756	0.09657	0.03964	0.01275	0.01275
CAT	CTT	AT	1.54538	0.00428	0.00841	-1.54538	0.02008	0.00841	0.00270	0.00270
CAT	CCT	AC	0.56841	0.01307	0.01714	-0.56841	0.02308	0.01714	0.00551	0.00551
CAC	TAC	CT	1.08326	0.04880	0.07991	-1.08326	0.14417	0.07991	0.02570	0.02570
CAC	CTC	AT	1.33344	0.01048	0.01897	-1.33344	0.03976	0.01897	0.00610	0.00610
CAC	CCC	AC	-0.08047	0.03199	0.03072	0.08047	0.02952	0.03072	0.00988	0.00988
CAC	CAT	CT	0.22104	0.04880	0.05439	-0.22104	0.06087	0.05439	0.05439	0.05439
CAA	CTA	AT	1.35103	0.00285	0.00519	-1.35103	0.01100	0.00519	0.00167	0.00167
CAA	CCA	AC	0.20611	0.00870	0.00962	-0.20611	0.01069	0.00962	0.00310	0.00310
CAA	CAT	AT	1.42920	0.00285	0.00535	-1.42920	0.01190	0.00535	0.00172	0.00172
CAA	CAC	AC	1.20816	0.00870	0.01498	-1.20816	0.02911	0.01498	0.00482	0.00482
CAG	CTG	AT	1.55817	0.01907	0.03765	-1.55817	0.09061	0.03765	0.01211	0.01211
CAG	CCG	AC	-3.20141	0.05823	0.00791	3.20141	0.00237	0.00791	0.00254	0.00254
CAG	CAT	GT	-0.79485	0.01907	0.01249	0.79485	0.00861	0.01249	0.00402	0.00402
CAG	CAC	GC	-1.01589	0.05823	0.03358	1.01589	0.02108	0.03358	0.01080	0.01080
CAG	CAA	GA	-2.22405	0.24680	0.06658	2.22405	0.02670	0.06658	0.06658	0.06658
CGT	TGT	CT	3.22843	0.00420	0.01411	-3.22843	0.10595	0.01411	0.00454	0.00454
CGT	CTT	GT	2.78082	0.00090	0.00267	-2.78082	0.01454	0.00267	0.00086	0.00086
CGT	CCT	GC	1.80385	0.00275	0.00594	-1.80385	0.01671	0.00594	0.00191	0.00191
CGT	CAT	GA	1.23544	0.01166	0.02031	-1.23544	0.04012	0.02031	0.00653	0.00653
CGC	TGC	CT	1.76761	0.03036	0.06471	-1.76761	0.17781	0.06471	0.02081	0.02081
CGC	CTC	GT	1.48536	0.00652	0.01252	-1.48536	0.02879	0.01252	0.00403	0.00403
CGC	CCC	GC	0.07145	0.01990	0.02062	-0.07145	0.02138	0.02062	0.00663	0.00663
CGC	CAC	GA	0.15192	0.08435	0.09092	-0.15192	0.09819	0.09092	0.02924	0.02924
CGC	CGT	CT	-0.86248	0.03036	0.01913	0.86248	0.01282	0.01913	0.01913	0.01913
CGA	CTA	GT	1.91402	0.00118	0.00264	-1.91402	0.00797	0.00264	0.00085	0.00085
CGA	CCA	GC	0.76910	0.00359	0.00514	-0.76910	0.00774	0.00514	0.00165	0.00165
CGA	CAA	GA	0.56299	0.01520	0.01988	-0.56299	0.02670	0.01988	0.00639	0.00639
CGA	CGT	AT	0.75674	0.00118	0.00168	-0.75674	0.00250	0.00168	0.00168	0.00168
CGA	CGC	AC	1.61923	0.00359	0.00724	-1.61923	0.01811	0.00724	0.00724	0.00724
CGG	TGG	CT	2.45469	0.01409	0.03784	-2.45469	0.16408	0.03784	0.01217	0.01217
CGG	CTG	GT	3.07653	0.00303	0.00976	-3.07653	0.06562	0.00976	0.00314	0.00314
CGG	CCG	GC	-1.68305	0.00924	0.00355	1.68305	0.00172	0.00355	0.00114	0.00114
CGG	CAG	GA	1.51835	0.03915	0.07613	-1.51835	0.17873	0.07613	0.02449	0.02449
CGG	CGT	GT	-0.51194	0.00303	0.00232	0.51194	0.00181	0.00232	0.00232	0.00232
CGG	CGC	GC	0.35054	0.00924	0.01095	-0.35054	0.01312	0.01095	0.01095	0.01095
CGG	CGA	GA	-1.26869	0.03915	0.01943	1.26869	0.01101	0.01943	0.01943	0.01943
ATT	TTT	AT	1.91294	0.00375	0.00842	-1.91294	0.02540	0.00842	0.00271	0.00271
ATT	CTT	AC	0.56178	0.01145	0.01496	-0.56178	0.02008	0.01496	0.00481	0.00481
ATC	TTC	AT	1.47931	0.01227	0.02350	-1.47931	0.05384	0.02350	0.00756	0.00756
ATC	CTC	AC	0.05995	0.03744	0.03858	-0.05995	0.03976	0.03858	0.01241	0.01241
ATC	ATT	CT	-0.06886	0.05712	0.05518	0.06886	0.05332	0.05518	0.05518	0.05518
ATA	TTA	AT	-1.26956	0.00287	0.00142	1.26956	0.00080	0.00142	0.00046	0.00046
ATA	CTA	AC	0.22935	0.00875	0.00979	-0.22935	0.01100	0.00979	0.00315	0.00315
ATA	ATT	AT	1.29111	0.00287	0.00510	-1.29111	0.01042	0.00510	0.00510	0.00510
ATA	ATC	AC	1.35996	0.00875	0.01600	-1.35996	0.03408	0.01600	0.01600	0.01600
ATG	TTG	AT	0.18673	0.00876	0.00960	-0.18673	0.01055	0.00960	0.00309	0.00309
ATG	CTG	AC	1.22067	0.02673	0.04629	-1.22067	0.09061	0.04629	0.01489	0.01489
ATG	ATT	GT	-0.14876	0.00876	0.00812	0.14876	0.00755	0.00812	0.00261	0.00261
ATG	ATC	GC	-0.07991	0.02673	0.02568	0.07991	0.02468	0.02568	0.00826	0.00826
ATG	ATA	GA	-1.43987	0.11330	0.05066	1.43987	0.02685	0.05066	0.01629	0.01629
ACT	TCT	AT	1.17373	0.00608	0.01034	-1.17373	0.01968	0.01034	0.00333	0.00333
ACT	CCT	AC	0.21701	0.01857	0.02066	-0.21701	0.02308	0.02066	0.00665	0.00665
ACT	ATT	CT	0.63220	0.02834	0.03823	-0.63220	0.05332	0.03823	0.01230	0.01230
ACC	TCC	AT	1.02441	0.01257	0.02009	-1.02441	0.03502	0.02009	0.00646	0.00646
ACC	CCC	AC	-0.26254	0.03838	0.03356	0.26254	0.02952	0.03356	0.01079	0.01079
ACC	ATC	CT	1.09142	0.05855	0.09619	-1.09142	0.17438	0.09619	0.03094	0.03094
ACC	ACT	CT	0.39037	0.05855	0.07071	-0.39037	0.08650	0.07071	0.07071	0.07071
ACA	TCA	AT	0.25125	0.00518	0.00586	-0.25125	0.00666	0.00586	0.00189	0.00189
ACA	CCA	AC	-0.39229	0.01582	0.01292	0.39229	0.01069	0.01292	0.00416	0.00416
ACA	ATA	CT	0.52328	0.02414	0.03100	-0.52328	0.04073	0.03100	0.00997	0.00997
ACA	ACT	AT	1.18219	0.00518	0.00884	-1.18219	0.01690	0.00884	0.00884	0.00884
ACA	ACC	AC	0.79182	0.01582	0.02291	-0.79182	0.03493	0.02291	0.02291	0.02291
ACG	TCG	AT	-0.98623	0.00588	0.00345	0.98623	0.00219	0.00345	0.00111	0.00111
ACG	CCG	AC	-2.02381	0.01794	0.00553	2.02381	0.00237	0.00553	0.00178	0.00178
ACG	ATG	CT	1.51510	0.02736	0.05313	-1.51510	0.12449	0.05313	0.01709	0.01709
ACG	ACT	GT	0.73415	0.00588	0.00829	-0.73415	0.01224	0.00829	0.00829	0.00829
ACG	ACC	GC	0.34377	0.01794	0.02119	-0.34377	0.02529	0.02119	0.02119	0.02119
ACG	ACA	GA	-0.44805	0.07602	0.06026	0.44805	0.04857	0.06026	0.06026	0.06026
AAT	TAT	AT	1.29231	0.00518	0.00923	-1.29231	0.01887	0.00923	0.00297	0.00297
AAT	CAT	AC	-0.28526	0.01582	0.01367	0.28526	0.01190	0.01367	0.00440	0.00440
AAT	ATT	AT	0.69834	0.00518	0.00720	-0.69834	0.01042	0.00720	0.00232	0.00232
AAT	ACT	AC	0.06614	0.01582	0.01635	-0.06614	0.01690	0.01635	0.00526	0.00526
AAC	TAC	AT	0.91364	0.01130	0.01724	-0.91364	0.02817	0.01724	0.00554	0.00554
AAC	CAC	AC	-0.16962	0.03450	0.03165	0.16962	0.02911	0.03165	0.01018	0.01018
AAC	ATC	AT	1.10387	0.01130	0.01866	-1.10387	0.03408	0.01866	0.00600	0.00600
AAC	ACC	AC	0.01244	0.03450	0.03471	-0.01244	0.03493	0.03471	0.01116	0.01116
AAC	AAT	CT	0.33667	0.05262	0.06198	-0.33667	0.07369	0.06198	0.06198	0.06198
AAA	CAA	AC	0.09152	0.00722	0.00756	-0.09152	0.00792	0.00756	0.00243	0.00243
AAA	ATA	AT	1.21320	0.00237	0.00408	-1.21320	0.00796	0.00408	0.00131	0.00131
AAA	ACA	AC	0.68992	0.00722	0.01000	-0.68992	0.01440	0.01000	0.00322	0.00322
AAA	AAT	AT	1.80597	0.00237	0.00511	-1.80597	0.01440	0.00511	0.00164	0.00164
AAA	AAC	AC	1.46930	0.00722	0.01379	-1.46930	0.03139	0.01379	0.00443	0.00443
AAG	CAG	AC	0.34604	0.03749	0.04435	-0.34604	0.05299	0.04435	0.01427	0.01427
AAG	ATG	AT	0.68354	0.01228	0.01695	-0.68354	0.02433	0.01695	0.00545	0.00545
AAG	ACG	AC	-0.83156	0.03749	0.02404	0.83156	0.01632	0.02404	0.00773	0.00773
AAG	AAT	GT	-0.16356	0.01228	0.01130	0.16356	0.01043	0.01130	0.00364	0.00364
AAG	AAC	GC	-0.50023	0.03749	0.02889	0.50023	0.02274	0.02889	0.00929	0.00929
AAG	AAA	GA	-1.96953	0.15891	0.05075	1.96953	0.02217	0.05075	0.05075	0.05075
AGT	TGT	AT	1.56859	0.00431	0.00855	-1.56859	0.02071	0.00855	0.00275	0.00275
AGT	CGT	AC	-1.65984	0.01317	0.00513	1.65984	0.00250	0.00513	0.00165	0.00165
AGT	ATT	GT	0.55920	0.00431	0.00563	-0.55920	0.00755	0.00563	0.00181	0.00181
AGT	ACT	GC	-0.07300	0.01317	0.01269	0.07300	0.01224	0.01269	0.00408	0.00408
AGT	AAT	GA	-0.13914	0.05582	0.05202	0.13914	0.04857	0.05202	0.01673	0.01673
AGC	TGC	AT	0.86936	0.01457	0.02181	-0.86936	0.03475	0.02181	0.00701	0.00701
AGC	CGC	AC	-0.89825	0.04447	0.02745	0.89825	0.01811	0.02745	0.00883	0.00883
AGC	ATC	GT	0.52716	0.01457	0.01874	-0.52716	0.02468	0.01874	0.00603	0.00603
AGC	ACC	GC	-0.56426	0.04447	0.03310	0.56426	0.02529	0.03310	0.01065	0.01065
AGC	AAC	GA	-0.57670	0.18848	0.13933	0.57670	0.10588	0.13933	0.04481	0.04481
AGC	AGT	CT	-0.10090	0.06784	0.06448	0.10090	0.06133	0.06448	0.06448	0.06448
AGA	CGA	AC	-0.87264	0.00781	0.00489	0.87264	0.00326	0.00489	0.00489	0.00489
AGA	ATA	GT	0.81203	0.00256	0.00374	-0.81203	0.00576	0.00374	0.00120	0.00120
AGA	ACA	GC	0.28874	0.00781	0.00900	-0.28874	0.01043	0.00900	0.00289	0.00289
AGA	AAA	GA	-0.40117	0.03312	0.02692	0.40117	0.02217	0.02692	0.00866	0.00866
AGA	AGT	AT	1.54393	0.00256	0.00502	-1.54393	0.01199	0.00502	0.00162	0.00162
AGA	AGC	AC	1.64483	0.00781	0.01593	-1.64483	0.04047	0.01593	0.00512	0.00512
AGG	TGG	AT	1.48325	0.00728	0.01396	-1.48325	0.03207	0.01396	0.00449	0.00449
AGG	CGG	AC	-0.97144	0.02221	0.01314	0.97144	0.00841	0.01314	0.01314	0.01314
AGG	ATG	GT	0.88442	0.00728	0.01096	-0.88442	0.01762	0.01096	0.00353	0.00353
AGG	ACG	GC	-0.63069	0.02221	0.01594	0.63069	0.01182	0.01594	0.00513	0.00513
AGG	AAG	GA	0.20087	0.09414	0.10391	-0.20087	0.11508	0.10391	0.03342	0.03342
AGG	AGT	GT	0.17645	0.00728	0.00794	-0.17645	0.00868	0.00794	0.00255	0.00255
AGG	AGC	GC	0.27735	0.02221	0.02543	-0.27735	0.02931	0.02543	0.00818	0.00818
AGG	AGA	GA	-1.36748	0.09414	0.04400	1.36748	0.02398	0.04400	0.04400	0.04400
GTT	TTT	GT	1.34418	0.00480	0.00872	-1.34418	0.01840	0.00872	0.00281	0.00281
GTT	CTT	GC	-0.00697	0.01464	0.01459	0.00697	0.01454	0.01459	0.00469	0.00469
GTT	ATT	GA	-0.56876	0.06206	0.04608	0.56876	0.03514	0.04608	0.01482	0.01482
GTC	TTC	GT	1.71491	0.00702	0.01468	-1.71491	0.03899	0.01468	0.00472	0.00472
GTC	CTC	GC	0.29555	0.02142	0.02475	-0.29555	0.02879	0.02475	0.00796	0.00796
GTC	ATC	GA	0.23560	0.09081	0.10192	-0.23560	0.11493	0.10192	0.03278	0.03278
GTC	GTT	CT	0.73550	0.03268	0.04616	-0.73550	0.06820	0.04616	0.04616	0.04616
GTA	TTA	GT	-0.47092	0.00093	0.00073	0.47092	0.00058	0.00073	0.00024	0.00024
GTA	CTA	GC	1.02799	0.00285	0.00456	-1.02799	0.00797	0.00456	0.00147	0.00147
GTA	ATA	GA	0.79864	0.01208	0.01754	-0.79864	0.02685	0.01754	0.00564	0.00564
GTA	GTT	AT	2.65850	0.00093	0.00267	-2.65850	0.01333	0.00267	0.00267	0.00267
GTA	GTC	AC	1.92300	0.00285	0.00642	-1.92300	0.01950	0.00642	0.00642	0.00642
GTG	TTG	GT	-1.13817	0.02385	0.01280	1.13817	0.00764	0.01280	0.00412	0.00412
GTG	CTG	GC	-0.10423	0.07282	0.06909	0.10423	0.06562	0.06909	0.02222	0.02222
GTG	ATG	GA	-1.32490	0.30866	0.14807	1.32490	0.08205	0.14807	0.04762	0.04762
GTG	GTT	GT	-0.90491	0.02385	0.01467	0.90491	0.00965	0.01467	0.01467	0.01467
GTG	GTC	GC	-1.64041	0.07282	0.02874	1.64041	0.01412	0.02874	0.02874	0.02874
GTG	GTA	GA	-3.56341	0.30866	0.03208	3.56341	0.00875	0.03208	0.03208	0.03208
GCT	TCT	GT	0.55939	0.00814	0.01063	-0.55939	0.01425	0.01063	0.00342	0.00342
GCT	CCT	GC	-0.39733	0.02486	0.02025	0.39733	0.01671	0.02025	0.00651	0.00651
GCT	ACT	GA	-0.61435	0.10538	0.07631	0.61435	0.05701	0.07631	0.02454	0.02454
GCT	GTT	CT	0.58661	0.03793	0.05014	-0.58661	0.06820	0.05014	0.01613	0.01613
GCC	TCC	GT	0.11307	0.02265	0.02395	-0.11307	0.02536	0.02395	0.00770	0.00770
GCC	CCC	GC	-1.17388	0.06914	0.03632	1.17388	0.02138	0.03632	0.01168	0.01168
GCC	ACC	GA	-0.91134	0.29304	0.17951	0.91134	0.11780	0.17951	0.05774	0.05774
GCC	GTC	CT	-0.05552	0.10547	0.10257	0.05552	0.09978	0.10257	0.03299	0.03299
GCC	GCT	CT	0.09337	0.10547	0.11047	-0.09337	0.11579	0.11047	0.11047	0.11047
GCA	TCA	GT	-0.34899	0.00684	0.00572	0.34899	0.00483	0.00572	0.00184	0.00184
GCA	CCA	GC	-0.99253	0.02088	0.01221	0.99253	0.00774	0.01221	0.00393	0.00393
GCA	ACA	GA	-0.60024	0.08852	0.06459	0.60024	0.04857	0.06459	0.02077	0.02077
GCA	GTA	CT	-0.87559	0.03186	0.01992	0.87559	0.01327	0.01992	0.00641	0.00641
GCA	GCT	AT	1.19630	0.00684	0.01173	-1.19630	0.02263	0.01173	0.01173	0.01173
GCA	GCC	AC	1.10293	0.02088	0.03448	-1.10293	0.06292	0.03448	0.03448	0.03448
GCG	TCG	GT	-0.49043	0.00259	0.00201	0.49043	0.00159	0.00201	0.00065	0.00065
GCG	CCG	GC	-1.52802	0.00791	0.00335	1.52802	0.00172	0.00335	0.00108	0.00108
GCG	ACG	GA	0.49579	0.03353	0.04253	-0.49579	0.05505	0.04253	0.01368	0.01368
GCG	GTG	CT	3.33580	0.01207	0.04175	-3.33580	0.33915	0.04175	0.01343	0.01343
GCG	GCT	GT	1.84428	0.00259	0.00568	-1.84428	0.01639	0.00568	0.00568	0.00568
GCG	GCC	GC	1.75091	0.00791	0.01676	-1.75091	0.04557	0.01676	0.01676	0.01676
GCG	GCA	GA	0.64798	0.03353	0.04556	-0.64798	0.06410	0.04556	0.04556	0.04556
GAT	TAT	GT	1.68156	0.00254	0.00525	-1.68156	0.01367	0.00525	0.00169	0.00169
GAT	CAT	GC	0.10400	0.00776	0.00817	-0.10400	0.00861	0.00817	0.00263	0.00263
GAT	AAT	GA	0.38925	0.03291	0.03973	-0.38925	0.04857	0.03973	0.01278	0.01278
GAT	GTT	AT	1.65635	0.00254	0.00521	-1.65635	0.01333	0.00521	0.00167	0.00167
GAT	GCT	AC	1.06974	0.00776	0.01264	-1.06974	0.02263	0.01264	0.00407	0.00407
GAC	TAC	GT	0.47664	0.01267	0.01593	-0.47664	0.02040	0.01593	0.00512	0.00512
GAC	CAC	GC	-0.60662	0.03867	0.02812	0.60662	0.02108	0.02812	0.00904	0.00904
GAC	AAC	GA	-0.43700	0.16391	0.13070	0.43700	0.10588	0.13070	0.04204	0.04204
GAC	GTC	AT	0.43127	0.01267	0.01560	-0.43127	0.01950	0.01560	0.00502	0.00502
GAC	GCC	AC	0.48679	0.03867	0.04885	-0.48679	0.06292	0.04885	0.01571	0.01571
GAC	GAT	CT	-0.48958	0.05900	0.04573	0.48958	0.03616	0.04573	0.04573	0.04573
GAA	CAA	GC	-0.92433	0.01445	0.00878	0.92433	0.00573	0.00878	0.00283	0.00283
GAA	AAA	GA	-1.01585	0.06123	0.03531	1.01585	0.02217	0.03531	0.01136	0.01136
GAA	GTA	AT	-0.60128	0.00473	0.00345	0.60128	0.00259	0.00345	0.00111	0.00111
GAA	GCA	AC	0.27431	0.01445	0.01652	-0.27431	0.01901	0.01652	0.00531	0.00531
GAA	GAT	AT	0.40087	0.00473	0.00574	-0.40087	0.00707	0.00574	0.00185	0.00185
GAA	GAC	AC	0.89045	0.01445	0.02182	-0.89045	0.03520	0.02182	0.00702	0.00702
GAG	CAG	GC	-0.10098	0.04246	0.04035	0.10098	0.03838	0.04035	0.01298	0.01298
GAG	AAG	GA	-0.44702	0.17995	0.14271	0.44702	0.11508	0.14271	0.04590	0.04590
GAG	GTG	AT	1.56143	0.01391	0.02748	-1.56143	0.06628	0.02748	0.00884	0.00884
GAG	GCG	AC	-1.77437	0.04246	0.01538	1.77437	0.00720	0.01538	0.00495	0.00495
GAG	GAT	GT	-0.99983	0.01391	0.00809	0.99983	0.00512	0.00809	0.00260	0.00260
GAG	GAC	GC	-0.51025	0.04246	0.03254	0.51025	0.02549	0.03254	0.01047	0.01047
GAG	GAA	GA	-1.40070	0.17995	0.08242	1.40070	0.04434	0.08242	0.08242	0.08242
GGT	TGT	GT	1.32345	0.00399	0.00720	-1.32345	0.01499	0.00720	0.00232	0.00232
GGT	CGT	GC	-1.90498	0.01219	0.00406	1.90498	0.00181	0.00406	0.00131	0.00131
GGT	AGT	GA	-0.24514	0.05165	0.04558	0.24514	0.04042	0.04558	0.01466	0.01466
GGT	GTT	GT	0.88281	0.00399	0.00601	-0.88281	0.00965	0.00601	0.00193	0.00193
GGT	GCT	GC	0.29620	0.01219	0.01408	-0.29620	0.01639	0.01408	0.00453	0.00453
GGT	GAT	GA	-0.77354	0.05165	0.03422	0.77354	0.02383	0.03422	0.01101	0.01101
GGC	TGC	GT	0.48246	0.01553	0.01958	-0.48246	0.02516	0.01958	0.00630	0.00630
GGC	CGC	GC	-1.28514	0.04742	0.02330	1.28514	0.01312	0.02330	0.00749	0.00749
GGC	AGC	GA	-0.38690	0.20098	0.16460	0.38690	0.13650	0.16460	0.05294	0.05294
GGC	GTC	GT	-0.09534	0.01553	0.01480	0.09534	0.01412	0.01480	0.00476	0.00476
GGC	GCC	GC	-0.03982	0.04742	0.04648	0.03982	0.04557	0.04648	0.01495	0.01495
GGC	GAC	GA	-0.52660	0.20098	0.15269	0.52660	0.11870	0.15269	0.04911	0.04911
GGC	GGT	CT	-0.24265	0.07234	0.06392	0.24265	0.05675	0.06392	0.06392	0.06392
GGA	CGA	GC	-1.47355	0.01032	0.00452	1.47355	0.00236	0.00452	0.00145	0.00145
GGA	AGA	GA	-0.60091	0.04374	0.03190	0.60091	0.02398	0.03190	0.01026	0.01026
GGA	GTA	GT	-0.58752	0.00338	0.00248	0.58752	0.00188	0.00248	0.00080	0.00080
GGA	GCA	GC	0.28808	0.01032	0.01188	-0.28808	0.01376	0.01188	0.00382	0.00382
GGA	GAA	GA	0.01377	0.04374	0.04404	-0.01377	0.04434	0.04404	0.01416	0.01416
GGA	GGT	AT	1.18817	0.00338	0.00578	-1.18817	0.01109	0.00578	0.00578	0.00578
GGA	GGC	AC	1.43082	0.01032	0.01940	-1.43082	0.04316	0.01940	0.01940	0.01940
GGG	TGG	GT	0.63828	0.01227	0.01659	-0.63828	0.02322	0.01659	0.00534	0.00534
GGG	CGG	GC	-1.81641	0.03744	0.01321	1.81641	0.00609	0.01321	0.00425	0.00425
GGG	AGG	GA	-0.84497	0.15870	0.10099	0.84497	0.06817	0.10099	0.03248	0.03248
GGG	GTG	GT	1.36435	0.01227	0.02248	-1.36435	0.04800	0.02248	0.00723	0.00723
GGG	GCG	GC	-1.97145	0.03744	0.01194	1.97145	0.00521	0.01194	0.00384	0.00384
GGG	GAG	GA	-0.19708	0.15870	0.14358	0.19708	0.13031	0.14358	0.04618	0.04618
GGG	GGT	GT	-0.42337	0.01227	0.00985	0.42337	0.00803	0.00985	0.00985	0.00985
GGG	GGC	GC	-0.18072	0.03744	0.03416	0.18072	0.03125	0.03416	0.03416	0.03416
GGG	GGA	GA	-1.61154	0.15870	0.06377	1.61154	0.03167	0.06377	0.06377	0.06377


Histograms
2Ns	FMut	FSub(CodonUsage)	FSubw(after w)

-4.53293	0.02326	0.00122	0.00078
-4.07964	0.00256	0.00022	0.00014
-3.62635	0.01468	0.00191	0.00380
-3.17305	0.02953	0.00485	0.00331
-2.71976	0.00691	0.00159	0.00209
-2.26647	0.04277	0.01321	0.02318
-1.81317	0.05258	0.02404	0.03105
-1.35988	0.17793	0.10326	0.09199
-0.90659	0.11435	0.08716	0.09144
-0.45329	0.18076	0.17833	0.17288
0.00000	0.13471	0.16842	0.15866
0.45329	0.11435	0.17833	0.17288
0.90659	0.04552	0.08716	0.09144
1.35988	0.04477	0.10326	0.09199
1.81317	0.00904	0.02404	0.03105
2.26647	0.00406	0.01321	0.02318
2.71976	0.00043	0.00159	0.00209
3.17305	0.00115	0.00485	0.00331
3.62635	0.00042	0.00191	0.00380
4.07964	0.00004	0.00022	0.00014
4.53293	0.00020	0.00122	0.00078

Proportion of advantageous (S > 0) mutations:
 0.28331

Proportions of good & bad mutations (|S| > 2.0000) among mutations:
0.00641  0.12055

mean |Ns| = 1.12306	mean Ns+ = 0.68830	mean Ns- = -1.29492

