Supplemental results for CODEML (seqf: paml_alt_apes_trimmed_dna_aligned_combined_TAS1R1  treef: paml_alt_apes_ML_tree_trimmed_dna_aligned_combined_TAS1R1.tre)

I	J	ij	2Ns_IJ	pMut_IJ	pSub_IJ	2Ns_JI	pMut_JI	pSub_JI

TTC	TTT	CT	0.36857	0.09018	0.10782	-0.36857	0.13038	0.10782	0.10782	0.10782
TTA	TTT	AT	4.47643	0.00029	0.00131	-4.47643	0.02545	0.00131	0.00131	0.00131
TTA	TTC	AC	4.10786	0.00089	0.00370	-4.10786	0.05394	0.00370	0.00370	0.00370
TTG	TTT	GT	1.57855	0.00379	0.00755	-1.57855	0.01840	0.00755	0.00755	0.00755
TTG	TTC	GC	1.20998	0.01163	0.02005	-1.20998	0.03899	0.02005	0.02005	0.02005
TTG	TTA	GA	-2.89788	0.04925	0.00833	2.89788	0.00272	0.00833	0.00833	0.00833
TCT	TTT	CT	1.37520	0.03296	0.06066	-1.37520	0.13038	0.06066	0.06066	0.06066
TCC	TTC	CT	1.55013	0.05865	0.11541	-1.55013	0.27636	0.11541	0.11541	0.11541
TCC	TCT	CT	0.54350	0.05865	0.07602	-0.54350	0.10100	0.07602	0.07602	0.07602
TCA	TTA	CT	-0.99372	0.01116	0.00652	0.99372	0.00413	0.00652	0.00652	0.00652
TCA	TCT	AT	2.10751	0.00240	0.00575	-2.10751	0.01971	0.00575	0.00575	0.00575
TCA	TCC	AC	1.56401	0.00734	0.01452	-1.56401	0.03508	0.01452	0.01452	0.01452
TCG	TTG	CT	2.69187	0.00367	0.01060	-2.69187	0.05417	0.01060	0.01060	0.01060
TCG	TCT	GT	2.89522	0.00079	0.00241	-2.89522	0.01425	0.00241	0.00241	0.00241
TCG	TCC	GC	2.35172	0.00241	0.00628	-2.35172	0.02536	0.00628	0.00628	0.00628
TCG	TCA	GA	0.78771	0.01023	0.01478	-0.78771	0.02248	0.01478	0.01478	0.01478
TAT	TTT	AT	1.32179	0.00679	0.01223	-1.32179	0.02545	0.01223	0.01223	0.01223
TAT	TCT	AC	-0.05341	0.02079	0.02024	0.05341	0.01971	0.02024	0.02024	0.02024
TAC	TTC	AT	1.67236	0.01013	0.02086	-1.67236	0.05394	0.02086	0.02086	0.02086
TAC	TCC	AC	0.12224	0.03104	0.03298	-0.12224	0.03508	0.03298	0.03298	0.03298
TAC	TAT	CT	0.71914	0.04719	0.06617	-0.71914	0.09686	0.06617	0.06617	0.06617
TGT	TTT	GT	0.90466	0.00744	0.01131	-0.90466	0.01840	0.01131	0.01131	0.01131
TGT	TCT	GC	-0.47055	0.02281	0.01786	0.47055	0.01425	0.01786	0.01786	0.01786
TGT	TAT	GA	-0.41714	0.09663	0.07787	0.41714	0.06367	0.07787	0.07787	0.07787
TGC	TTC	GT	1.13823	0.01249	0.02092	-1.13823	0.03899	0.02092	0.02092	0.02092
TGC	TCC	GC	-0.41190	0.03828	0.03094	0.41190	0.02536	0.03094	0.03094	0.03094
TGC	TAC	GA	-0.53414	0.16216	0.12269	0.53414	0.09505	0.12269	0.12269	0.12269
TGC	TGT	CT	0.60214	0.05820	0.07747	-0.60214	0.10628	0.07747	0.07747	0.07747
TGG	TTG	GT	-0.41098	0.01153	0.00932	0.41098	0.00764	0.00932	0.00932	0.00932
TGG	TCG	GC	-3.10285	0.03533	0.00516	3.10285	0.00159	0.00516	0.00516	0.00516
TGG	TGT	GT	0.26291	0.01153	0.01311	-0.26291	0.01499	0.01311	0.01311	0.01311
TGG	TGC	GC	-0.33923	0.03533	0.02967	0.33923	0.02516	0.02967	0.02967	0.02967
CTT	TTT	CT	1.35495	0.03363	0.06141	-1.35495	0.13038	0.06141	0.06141	0.06141
CTC	TTC	CT	1.42316	0.06659	0.12485	-1.42316	0.27636	0.12485	0.12485	0.12485
CTC	CTT	CT	0.43678	0.06659	0.08219	-0.43678	0.10306	0.08219	0.08219	0.08219
CTA	TTA	CT	-1.49511	0.01843	0.00796	1.49511	0.00413	0.00796	0.00796	0.00796
CTA	CTT	AT	1.62637	0.00396	0.00801	-1.62637	0.02011	0.00801	0.00801	0.00801
CTA	CTC	AC	1.18959	0.01212	0.02073	-1.18959	0.03983	0.02073	0.02073	0.02073
CTG	TTG	CT	-1.03013	0.15176	0.08678	1.03013	0.05417	0.08678	0.08678	0.08678
CTG	CTT	GT	-0.80653	0.03258	0.02119	0.80653	0.01454	0.02119	0.02119	0.02119
CTG	CTC	GC	-1.24331	0.09982	0.05031	1.24331	0.02879	0.05031	0.05031	0.05031
CTG	CTA	GA	-2.43290	0.42282	0.09899	2.43290	0.03712	0.09899	0.09899	0.09899
CCT	TCT	CT	0.96052	0.03865	0.06014	-0.96052	0.10100	0.06014	0.06014	0.06014
CCT	CTT	CT	0.98077	0.03865	0.06065	-0.98077	0.10306	0.06065	0.06065	0.06065
CCC	TCC	CT	1.29075	0.04944	0.08802	-1.29075	0.17973	0.08802	0.08802	0.08802
CCC	CTC	CT	1.41771	0.04944	0.09250	-1.41771	0.20406	0.09250	0.09250	0.09250
CCC	CCT	CT	0.87372	0.04944	0.07414	-0.87372	0.11844	0.07414	0.07414	0.07414
CCA	TCA	CT	0.64734	0.01790	0.02432	-0.64734	0.03420	0.02432	0.02432	0.02432
CCA	CTA	CT	1.14872	0.01790	0.03011	-1.14872	0.05647	0.03011	0.03011	0.03011
CCA	CCT	AT	1.79432	0.00384	0.00827	-1.79432	0.02312	0.00827	0.00827	0.00827
CCA	CCC	AC	0.92060	0.01178	0.01802	-0.92060	0.02957	0.01802	0.01802	0.01802
CCG	TCG	CT	1.04138	0.00397	0.00639	-1.04138	0.01125	0.00639	0.00639	0.00639
CCG	CTG	CT	4.76338	0.00397	0.01907	-4.76338	0.46504	0.01907	0.01907	0.01907
CCG	CCT	GT	2.97608	0.00085	0.00267	-2.97608	0.01671	0.00267	0.00267	0.00267
CCG	CCC	GC	2.10235	0.00261	0.00625	-2.10235	0.02138	0.00625	0.00625	0.00625
CCG	CCA	GA	1.18175	0.01106	0.01885	-1.18175	0.03606	0.01885	0.01885	0.01885
CAT	TAT	CT	1.58136	0.01992	0.03967	-1.58136	0.09686	0.03967	0.03967	0.03967
CAT	CTT	AT	1.54820	0.00428	0.00841	-1.54820	0.02011	0.00841	0.00841	0.00841
CAT	CCT	AC	0.56743	0.01311	0.01717	-0.56743	0.02312	0.01717	0.01717	0.01717
CAC	TAC	CT	1.08706	0.04876	0.07998	-1.08706	0.14461	0.07998	0.07998	0.07998
CAC	CTC	AT	1.33627	0.01047	0.01897	-1.33627	0.03983	0.01897	0.01897	0.01897
CAC	CCC	AC	-0.08145	0.03208	0.03079	0.08145	0.02957	0.03079	0.03079	0.03079
CAC	CAT	CT	0.22484	0.04876	0.05445	-0.22484	0.06106	0.05445	0.05445	0.05445
CAA	CTA	AT	1.35386	0.00285	0.00519	-1.35386	0.01102	0.00519	0.00519	0.00519
CAA	CCA	AC	0.20514	0.00872	0.00965	-0.20514	0.01071	0.00965	0.00965	0.00965
CAA	CAT	AT	1.43202	0.00285	0.00535	-1.43202	0.01192	0.00535	0.00535	0.00535
CAA	CAC	AC	1.20718	0.00872	0.01502	-1.20718	0.02916	0.01502	0.01502	0.01502
CAG	CTG	AT	1.56100	0.01905	0.03764	-1.56100	0.09076	0.03764	0.03764	0.03764
CAG	CCG	AC	-3.20238	0.05839	0.00793	3.20238	0.00237	0.00793	0.00793	0.00793
CAG	CAT	GT	-0.79374	0.01905	0.01248	0.79374	0.00861	0.01248	0.01248	0.01248
CAG	CAC	GC	-1.01858	0.05839	0.03361	1.01858	0.02108	0.03361	0.03361	0.03361
CAG	CAA	GA	-2.22577	0.24731	0.06664	2.22577	0.02671	0.06664	0.06664	0.06664
CGT	TGT	CT	3.23223	0.00419	0.01412	-3.23223	0.10628	0.01412	0.01412	0.01412
CGT	CTT	GT	2.78193	0.00090	0.00267	-2.78193	0.01454	0.00267	0.00267	0.00267
CGT	CCT	GC	1.80116	0.00276	0.00595	-1.80116	0.01671	0.00595	0.00595	0.00595
CGT	CAT	GA	1.23373	0.01169	0.02034	-1.23373	0.04013	0.02034	0.02034	0.02034
CGC	TGC	CT	1.77141	0.03034	0.06475	-1.77141	0.17835	0.06475	0.06475	0.06475
CGC	CTC	GT	1.48647	0.00651	0.01251	-1.48647	0.02879	0.01251	0.01251	0.01251
CGC	CCC	GC	0.06876	0.01995	0.02065	-0.06876	0.02138	0.02065	0.02065	0.02065
CGC	CAC	GA	0.15021	0.08452	0.09103	-0.15021	0.09822	0.09103	0.09103	0.09103
CGC	CGT	CT	-0.85868	0.03034	0.01915	0.85868	0.01285	0.01915	0.01915	0.01915
CGA	CTA	GT	1.91513	0.00117	0.00264	-1.91513	0.00797	0.00264	0.00264	0.00264
CGA	CCA	GC	0.76641	0.00360	0.00515	-0.76641	0.00774	0.00515	0.00515	0.00515
CGA	CAA	GA	0.56127	0.01523	0.01991	-0.56127	0.02671	0.01991	0.01991	0.01991
CGA	CGT	AT	0.75957	0.00117	0.00168	-0.75957	0.00251	0.00168	0.00168	0.00168
CGA	CGC	AC	1.61825	0.00360	0.00726	-1.61825	0.01814	0.00726	0.00726	0.00726
CGG	TGG	CT	2.45849	0.01408	0.03786	-2.45849	0.16458	0.03786	0.03786	0.03786
CGG	CTG	GT	3.07764	0.00302	0.00975	-3.07764	0.06562	0.00975	0.00975	0.00975
CGG	CCG	GC	-1.68574	0.00926	0.00355	1.68574	0.00172	0.00355	0.00355	0.00355
CGG	CAG	GA	1.51664	0.03924	0.07624	-1.51664	0.17879	0.07624	0.07624	0.07624
CGG	CGT	GT	-0.51083	0.00302	0.00232	0.51083	0.00181	0.00232	0.00232	0.00232
CGG	CGC	GC	0.34785	0.00926	0.01097	-0.34785	0.01312	0.01097	0.01097	0.01097
CGG	CGA	GA	-1.27040	0.03924	0.01945	1.27040	0.01101	0.01945	0.01945	0.01945
ATT	TTT	AT	1.91576	0.00375	0.00842	-1.91576	0.02545	0.00842	0.00842	0.00842
ATT	CTT	AC	0.56081	0.01148	0.01500	-0.56081	0.02011	0.01500	0.01500	0.01500
ATC	TTC	AT	1.48214	0.01225	0.02350	-1.48214	0.05394	0.02350	0.02350	0.02350
ATC	CTC	AC	0.05897	0.03754	0.03866	-0.05897	0.03983	0.03866	0.03866	0.03866
ATC	ATT	CT	-0.06505	0.05708	0.05524	0.06505	0.05348	0.05524	0.05524	0.05524
ATA	TTA	AT	-1.26673	0.00286	0.00142	1.26673	0.00081	0.00142	0.00142	0.00142
ATA	CTA	AC	0.22837	0.00877	0.00981	-0.22837	0.01102	0.00981	0.00981	0.00981
ATA	ATT	AT	1.29393	0.00286	0.00510	-1.29393	0.01044	0.00510	0.00510	0.00510
ATA	ATC	AC	1.35899	0.00877	0.01604	-1.35899	0.03414	0.01604	0.01604	0.01604
ATG	TTG	AT	0.18956	0.00875	0.00960	-0.18956	0.01057	0.00960	0.00960	0.00960
ATG	CTG	AC	1.21969	0.02680	0.04639	-1.21969	0.09076	0.04639	0.04639	0.04639
ATG	ATT	GT	-0.14765	0.00875	0.00812	0.14765	0.00755	0.00812	0.00812	0.00812
ATG	ATC	GC	-0.08260	0.02680	0.02571	0.08260	0.02468	0.02571	0.02571	0.02571
ATG	ATA	GA	-1.44158	0.11353	0.05071	1.44158	0.02686	0.05071	0.05071	0.05071
ACT	TCT	AT	1.17656	0.00608	0.01034	-1.17656	0.01971	0.01034	0.01034	0.01034
ACT	CCT	AC	0.21604	0.01862	0.02071	-0.21604	0.02312	0.02071	0.02071	0.02071
ACT	ATT	CT	0.63600	0.02831	0.03827	-0.63600	0.05348	0.03827	0.03827	0.03827
ACC	TCC	AT	1.02724	0.01256	0.02009	-1.02724	0.03508	0.02009	0.02009	0.02009
ACC	CCC	AC	-0.26351	0.03848	0.03363	0.26351	0.02957	0.03363	0.03363	0.03363
ACC	ATC	CT	1.09523	0.05850	0.09627	-1.09523	0.17491	0.09627	0.09627	0.09627
ACC	ACT	CT	0.39417	0.05850	0.07079	-0.39417	0.08677	0.07079	0.07079	0.07079
ACA	TCA	AT	0.25407	0.00518	0.00586	-0.25407	0.00667	0.00586	0.00586	0.00586
ACA	CCA	AC	-0.39326	0.01587	0.01295	0.39326	0.01071	0.01295	0.01295	0.01295
ACA	ATA	CT	0.52709	0.02412	0.03103	-0.52709	0.04086	0.03103	0.03103	0.03103
ACA	ACT	AT	1.18502	0.00518	0.00884	-1.18502	0.01693	0.00884	0.00884	0.00884
ACA	ACC	AC	0.79085	0.01587	0.02296	-0.79085	0.03499	0.02296	0.02296	0.02296
ACG	TCG	AT	-0.98340	0.00587	0.00345	0.98340	0.00220	0.00345	0.00345	0.00345
ACG	CCG	AC	-2.02478	0.01798	0.00554	2.02478	0.00237	0.00554	0.00554	0.00554
ACG	ATG	CT	1.51891	0.02734	0.05317	-1.51891	0.12487	0.05317	0.05317	0.05317
ACG	ACT	GT	0.73526	0.00587	0.00829	-0.73526	0.01224	0.00829	0.00829	0.00829
ACG	ACC	GC	0.34108	0.01798	0.02122	-0.34108	0.02529	0.02122	0.02122	0.02122
ACG	ACA	GA	-0.44976	0.07617	0.06032	0.44976	0.04858	0.06032	0.06032	0.06032
AAT	TAT	AT	1.29513	0.00518	0.00923	-1.29513	0.01890	0.00923	0.00923	0.00923
AAT	CAT	AC	-0.28623	0.01587	0.01370	0.28623	0.01192	0.01370	0.01370	0.01370
AAT	ATT	AT	0.70116	0.00518	0.00720	-0.70116	0.01044	0.00720	0.00720	0.00720
AAT	ACT	AC	0.06517	0.01587	0.01639	-0.06517	0.01693	0.01639	0.01639	0.01639
AAC	TAC	AT	0.91646	0.01129	0.01724	-0.91646	0.02822	0.01724	0.01724	0.01724
AAC	CAC	AC	-0.17060	0.03459	0.03172	0.17060	0.02916	0.03172	0.03172	0.03172
AAC	ATC	AT	1.10669	0.01129	0.01866	-1.10669	0.03414	0.01866	0.01866	0.01866
AAC	ACC	AC	0.01147	0.03459	0.03479	-0.01147	0.03499	0.03479	0.03479	0.03479
AAC	AAT	CT	0.34047	0.05258	0.06204	-0.34047	0.07391	0.06204	0.06204	0.06204
AAA	CAA	AC	0.09054	0.00724	0.00758	-0.09054	0.00793	0.00758	0.00758	0.00758
AAA	ATA	AT	1.21603	0.00236	0.00408	-1.21603	0.00797	0.00408	0.00408	0.00408
AAA	ACA	AC	0.68894	0.00724	0.01002	-0.68894	0.01442	0.01002	0.01002	0.01002
AAA	AAT	AT	1.80880	0.00236	0.00511	-1.80880	0.01442	0.00511	0.00511	0.00511
AAA	AAC	AC	1.46832	0.00724	0.01382	-1.46832	0.03145	0.01382	0.01382	0.01382
AAG	CAG	AC	0.34506	0.03759	0.04445	-0.34506	0.05309	0.04445	0.04445	0.04445
AAG	ATG	AT	0.68637	0.01227	0.01696	-0.68637	0.02437	0.01696	0.01696	0.01696
AAG	ACG	AC	-0.83254	0.03759	0.02409	0.83254	0.01635	0.02409	0.02409	0.02409
AAG	AAT	GT	-0.16245	0.01227	0.01130	0.16245	0.01043	0.01130	0.01130	0.01130
AAG	AAC	GC	-0.50292	0.03759	0.02893	0.50292	0.02274	0.02893	0.02893	0.02893
AAG	AAA	GA	-1.97124	0.15924	0.05080	1.97124	0.02218	0.05080	0.05080	0.05080
AGT	TGT	AT	1.57142	0.00431	0.00855	-1.57142	0.02074	0.00855	0.00855	0.00855
AGT	CGT	AC	-1.66081	0.01320	0.00514	1.66081	0.00251	0.00514	0.00514	0.00514
AGT	ATT	GT	0.56031	0.00431	0.00563	-0.56031	0.00755	0.00563	0.00563	0.00563
AGT	ACT	GC	-0.07569	0.01320	0.01271	0.07569	0.01224	0.01271	0.01271	0.01271
AGT	AAT	GA	-0.14085	0.05593	0.05208	0.14085	0.04858	0.05208	0.05208	0.05208
AGC	TGC	AT	0.87218	0.01455	0.02181	-0.87218	0.03481	0.02181	0.02181	0.02181
AGC	CGC	AC	-0.89922	0.04459	0.02751	0.89922	0.01814	0.02751	0.02751	0.02751
AGC	ATC	GT	0.52827	0.01455	0.01873	-0.52827	0.02468	0.01873	0.01873	0.01873
AGC	ACC	GC	-0.56695	0.04459	0.03314	0.56695	0.02529	0.03314	0.03314	0.03314
AGC	AAC	GA	-0.57842	0.18887	0.13949	0.57842	0.10592	0.13949	0.13949	0.13949
AGC	AGT	CT	-0.09709	0.06779	0.06455	0.09709	0.06152	0.06455	0.06455	0.06455
AGA	CGA	AC	-0.87362	0.00783	0.00490	0.87362	0.00327	0.00490	0.00490	0.00490
AGA	ATA	GT	0.81314	0.00256	0.00374	-0.81314	0.00576	0.00374	0.00374	0.00374
AGA	ACA	GC	0.28605	0.00783	0.00901	-0.28605	0.01043	0.00901	0.00901	0.00901
AGA	AAA	GA	-0.40289	0.03318	0.02695	0.40289	0.02218	0.02695	0.02695	0.02695
AGA	AGT	AT	1.54676	0.00256	0.00502	-1.54676	0.01201	0.00502	0.00502	0.00502
AGA	AGC	AC	1.64385	0.00783	0.01596	-1.64385	0.04054	0.01596	0.01596	0.01596
AGG	TGG	AT	1.48607	0.00727	0.01396	-1.48607	0.03212	0.01396	0.01396	0.01396
AGG	CGG	AC	-0.97242	0.02227	0.01317	0.97242	0.00842	0.01317	0.01317	0.01317
AGG	ATG	GT	0.88553	0.00727	0.01095	-0.88553	0.01762	0.01095	0.01095	0.01095
AGG	ACG	GC	-0.63338	0.02227	0.01596	0.63338	0.01182	0.01596	0.01596	0.01596
AGG	AAG	GA	0.19916	0.09433	0.10404	-0.19916	0.11512	0.10404	0.10404	0.10404
AGG	AGT	GT	0.17757	0.00727	0.00793	-0.17757	0.00868	0.00793	0.00793	0.00793
AGG	AGC	GC	0.27466	0.02227	0.02547	-0.27466	0.02931	0.02547	0.02547	0.02547
AGG	AGA	GA	-1.36919	0.09433	0.04405	1.36919	0.02399	0.04405	0.04405	0.04405
GTT	TTT	GT	1.34529	0.00479	0.00872	-1.34529	0.01840	0.00872	0.00872	0.00872
GTT	CTT	GC	-0.00966	0.01468	0.01461	0.00966	0.01454	0.01461	0.01461	0.01461
GTT	ATT	GA	-0.57047	0.06219	0.04613	0.57047	0.03515	0.04613	0.04613	0.04613
GTC	TTC	GT	1.71602	0.00701	0.01467	-1.71602	0.03899	0.01467	0.01467	0.01467
GTC	CTC	GC	0.29286	0.02148	0.02478	-0.29286	0.02879	0.02478	0.02478	0.02478
GTC	ATC	GA	0.23389	0.09099	0.10205	-0.23389	0.11497	0.10205	0.10205	0.10205
GTC	GTT	CT	0.73931	0.03266	0.04620	-0.73931	0.06840	0.04620	0.04620	0.04620
GTA	TTA	GT	-0.46981	0.00093	0.00073	0.46981	0.00058	0.00073	0.00073	0.00073
GTA	CTA	GC	1.02529	0.00286	0.00457	-1.02529	0.00797	0.00457	0.00457	0.00457
GTA	ATA	GA	0.79692	0.01210	0.01756	-0.79692	0.02686	0.01756	0.01756	0.01756
GTA	GTT	AT	2.66133	0.00093	0.00267	-2.66133	0.01335	0.00267	0.00267	0.00267
GTA	GTC	AC	1.92202	0.00286	0.00643	-1.92202	0.01953	0.00643	0.00643	0.00643
GTG	TTG	GT	-1.13706	0.02383	0.01279	1.13706	0.00764	0.01279	0.01279	0.01279
GTG	CTG	GC	-0.10692	0.07302	0.06919	0.10692	0.06562	0.06919	0.06919	0.06919
GTG	ATG	GA	-1.32662	0.30929	0.14822	1.32662	0.08208	0.14822	0.14822	0.14822
GTG	GTT	GT	-0.90379	0.02383	0.01466	0.90379	0.00965	0.01466	0.01466	0.01466
GTG	GTC	GC	-1.64310	0.07302	0.02876	1.64310	0.01412	0.02876	0.02876	0.02876
GTG	GTA	GA	-3.56512	0.30929	0.03211	3.56512	0.00875	0.03211	0.03211	0.03211
GCT	TCT	GT	0.56050	0.00814	0.01063	-0.56050	0.01425	0.01063	0.01063	0.01063
GCT	CCT	GC	-0.40002	0.02493	0.02028	0.40002	0.01671	0.02028	0.02028	0.02028
GCT	ACT	GA	-0.61606	0.10560	0.07639	0.61606	0.05703	0.07639	0.07639	0.07639
GCT	GTT	CT	0.59041	0.03790	0.05019	-0.59041	0.06840	0.05019	0.05019	0.05019
GCC	TCC	GT	0.11418	0.02262	0.02394	-0.11418	0.02536	0.02394	0.02394	0.02394
GCC	CCC	GC	-1.17657	0.06932	0.03636	1.17657	0.02138	0.03636	0.03636	0.03636
GCC	ACC	GA	-0.91306	0.29364	0.17971	0.91306	0.11784	0.17971	0.17971	0.17971
GCC	GTC	CT	-0.05172	0.10539	0.10269	0.05172	0.10008	0.10269	0.10269	0.10269
GCC	GCT	CT	0.09718	0.10539	0.11059	-0.09718	0.11615	0.11059	0.11059	0.11059
GCA	TCA	GT	-0.34788	0.00683	0.00571	0.34788	0.00483	0.00571	0.00571	0.00571
GCA	CCA	GC	-0.99522	0.02094	0.01222	0.99522	0.00774	0.01222	0.01222	0.01222
GCA	ACA	GA	-0.60195	0.08870	0.06466	0.60195	0.04858	0.06466	0.06466	0.06466
GCA	GTA	CT	-0.87179	0.03183	0.01995	0.87179	0.01331	0.01995	0.01995	0.01995
GCA	GCT	AT	1.19913	0.00683	0.01173	-1.19913	0.02267	0.01173	0.01173	0.01173
GCA	GCC	AC	1.10195	0.02094	0.03456	-1.10195	0.06303	0.03456	0.03456	0.03456
GCG	TCG	GT	-0.48932	0.00259	0.00201	0.48932	0.00159	0.00201	0.00201	0.00201
GCG	CCG	GC	-1.53071	0.00793	0.00335	1.53071	0.00172	0.00335	0.00335	0.00335
GCG	ACG	GA	0.49408	0.03360	0.04258	-0.49408	0.05507	0.04258	0.04258	0.04258
GCG	GTG	CT	3.33960	0.01206	0.04175	-3.33960	0.34017	0.04175	0.04175	0.04175
GCG	GCT	GT	1.84539	0.00259	0.00567	-1.84539	0.01639	0.00567	0.00567	0.00567
GCG	GCC	GC	1.74822	0.00793	0.01679	-1.74822	0.04557	0.01679	0.01679	0.01679
GCG	GCA	GA	0.64627	0.03360	0.04562	-0.64627	0.06412	0.04562	0.04562	0.04562
GAT	TAT	GT	1.68267	0.00254	0.00525	-1.68267	0.01367	0.00525	0.00525	0.00525
GAT	CAT	GC	0.10131	0.00778	0.00819	-0.10131	0.00861	0.00819	0.00819	0.00819
GAT	AAT	GA	0.38754	0.03297	0.03978	-0.38754	0.04858	0.03978	0.03978	0.03978
GAT	GTT	AT	1.65918	0.00254	0.00521	-1.65918	0.01335	0.00521	0.00521	0.00521
GAT	GCT	AC	1.06876	0.00778	0.01267	-1.06876	0.02267	0.01267	0.01267	0.01267
GAC	TAC	GT	0.47775	0.01265	0.01592	-0.47775	0.02040	0.01592	0.01592	0.01592
GAC	CAC	GC	-0.60931	0.03878	0.02816	0.60931	0.02108	0.02816	0.02816	0.02816
GAC	AAC	GA	-0.43871	0.16425	0.13084	0.43871	0.10592	0.13084	0.13084	0.13084
GAC	GTC	AT	0.43409	0.01265	0.01560	-0.43409	0.01953	0.01560	0.01560	0.01560
GAC	GCC	AC	0.48581	0.03878	0.04895	-0.48581	0.06303	0.04895	0.04895	0.04895
GAC	GAT	CT	-0.48578	0.05895	0.04579	0.48578	0.03627	0.04579	0.04579	0.04579
GAA	CAA	GC	-0.92702	0.01449	0.00879	0.92702	0.00573	0.00879	0.00879	0.00879
GAA	AAA	GA	-1.01756	0.06136	0.03534	1.01756	0.02218	0.03534	0.03534	0.03534
GAA	GTA	AT	-0.59846	0.00473	0.00345	0.59846	0.00260	0.00345	0.00345	0.00345
GAA	GCA	AC	0.27333	0.01449	0.01656	-0.27333	0.01904	0.01656	0.01656	0.01656
GAA	GAT	AT	0.40369	0.00473	0.00575	-0.40369	0.00708	0.00575	0.00575	0.00575
GAA	GAC	AC	0.88947	0.01449	0.02187	-0.88947	0.03526	0.02187	0.02187	0.02187
GAG	CAG	GC	-0.10367	0.04257	0.04040	0.10367	0.03838	0.04040	0.04040	0.04040
GAG	AAG	GA	-0.44873	0.18032	0.14287	0.44873	0.11512	0.14287	0.14287	0.14287
GAG	GTG	AT	1.56425	0.01389	0.02748	-1.56425	0.06639	0.02748	0.02748	0.02748
GAG	GCG	AC	-1.77535	0.04257	0.01542	1.77535	0.00721	0.01542	0.01542	0.01542
GAG	GAT	GT	-0.99872	0.01389	0.00809	0.99872	0.00512	0.00809	0.00809	0.00809
GAG	GAC	GC	-0.51294	0.04257	0.03258	0.51294	0.02549	0.03258	0.03258	0.03258
GAG	GAA	GA	-1.40241	0.18032	0.08250	1.40241	0.04436	0.08250	0.08250	0.08250
GGT	TGT	GT	1.32456	0.00399	0.00719	-1.32456	0.01499	0.00719	0.00719	0.00719
GGT	CGT	GC	-1.90767	0.01222	0.00406	1.90767	0.00181	0.00406	0.00406	0.00406
GGT	AGT	GA	-0.24686	0.05176	0.04563	0.24686	0.04044	0.04563	0.04563	0.04563
GGT	GTT	GT	0.88393	0.00399	0.00601	-0.88393	0.00965	0.00601	0.00601	0.00601
GGT	GCT	GC	0.29351	0.01222	0.01410	-0.29351	0.01639	0.01410	0.01410	0.01410
GGT	GAT	GA	-0.77525	0.05176	0.03426	0.77525	0.02384	0.03426	0.03426	0.03426
GGC	TGC	GT	0.48357	0.01552	0.01957	-0.48357	0.02516	0.01957	0.01957	0.01957
GGC	CGC	GC	-1.28783	0.04755	0.02333	1.28783	0.01312	0.02333	0.02333	0.02333
GGC	AGC	GA	-0.38861	0.20139	0.16479	0.38861	0.13654	0.16479	0.16479	0.16479
GGC	GTC	GT	-0.09423	0.01552	0.01480	0.09423	0.01412	0.01480	0.01480	0.01480
GGC	GCC	GC	-0.04251	0.04755	0.04654	0.04251	0.04557	0.04654	0.04654	0.04654
GGC	GAC	GA	-0.52832	0.20139	0.15286	0.52832	0.11874	0.15286	0.15286	0.15286
GGC	GGT	CT	-0.23884	0.07228	0.06399	0.23884	0.05693	0.06399	0.06399	0.06399
GGA	CGA	GC	-1.47624	0.01035	0.00452	1.47624	0.00236	0.00452	0.00452	0.00452
GGA	AGA	GA	-0.60262	0.04383	0.03194	0.60262	0.02399	0.03194	0.03194	0.03194
GGA	GTA	GT	-0.58640	0.00338	0.00248	0.58640	0.00188	0.00248	0.00248	0.00248
GGA	GCA	GC	0.28539	0.01035	0.01189	-0.28539	0.01376	0.01189	0.01189	0.01189
GGA	GAA	GA	0.01206	0.04383	0.04409	-0.01206	0.04436	0.04409	0.04409	0.04409
GGA	GGT	AT	1.19100	0.00338	0.00578	-1.19100	0.01111	0.00578	0.00578	0.00578
GGA	GGC	AC	1.42984	0.01035	0.01945	-1.42984	0.04323	0.01945	0.01945	0.01945
GGG	TGG	GT	0.63939	0.01225	0.01658	-0.63939	0.02322	0.01658	0.01658	0.01658
GGG	CGG	GC	-1.81910	0.03754	0.01322	1.81910	0.00609	0.01322	0.01322	0.01322
GGG	AGG	GA	-0.84668	0.15903	0.10109	0.84668	0.06820	0.10109	0.10109	0.10109
GGG	GTG	GT	1.36546	0.01225	0.02246	-1.36546	0.04800	0.02246	0.02246	0.02246
GGG	GCG	GC	-1.97414	0.03754	0.01195	1.97414	0.00521	0.01195	0.01195	0.01195
GGG	GAG	GA	-0.19879	0.15903	0.14374	0.19879	0.13036	0.14374	0.14374	0.14374
GGG	GGT	GT	-0.42226	0.01225	0.00985	0.42226	0.00803	0.00985	0.00985	0.00985
GGG	GGC	GC	-0.18341	0.03754	0.03421	0.18341	0.03125	0.03421	0.03421	0.03421
GGG	GGA	GA	-1.61326	0.15903	0.06383	1.61326	0.03168	0.06383	0.06383	0.06383


Histograms
2Ns	FMut	FSub(CodonUsage)	FSubw(after w)

-4.53655	0.02329	0.00121	0.00121
-4.08290	0.00256	0.00022	0.00022
-3.62924	0.01469	0.00191	0.00191
-3.17559	0.02956	0.00485	0.00485
-2.72193	0.00691	0.00159	0.00159
-2.26828	0.04279	0.01321	0.01321
-1.81462	0.05260	0.02404	0.02404
-1.36097	0.17803	0.10324	0.10324
-0.90731	0.11438	0.08715	0.08715
-0.45366	0.18082	0.17834	0.17834
0.00000	0.13467	0.16846	0.16846
0.45366	0.11422	0.17834	0.17834
0.90731	0.04546	0.08715	0.08715
1.36097	0.04470	0.10324	0.10324
1.81462	0.00903	0.02404	0.02404
2.26828	0.00405	0.01321	0.01321
2.72193	0.00043	0.00159	0.00159
3.17559	0.00114	0.00485	0.00485
3.62924	0.00042	0.00191	0.00191
4.08290	0.00004	0.00022	0.00022
4.53655	0.00020	0.00121	0.00121

Proportion of advantageous (S > 0) mutations:
 0.28302

Proportions of good & bad mutations (|S| > 2.0000) among mutations:
0.00640  0.12065

mean |Ns| = 1.12496	mean Ns+ = 0.68934	mean Ns- = -1.29692
