

TREE # 1

  0  0.0000  13688.545836  x:  0.24563   0.00945   0.23122   0.04579   0.12611   0.06551   0.06047   0.05645   0.08661   0.02525   0.02646   0.00256   0.10337   0.07854   0.11389   0.08760   0.00818   0.00455   0.05419   0.03408   0.01581   0.01017   0.04348   0.04664   0.04553   0.05701   0.00788   0.02222   0.00974   0.00000   0.01199   0.01013   0.00706   0.00721   0.00932   0.00782   0.00699   0.01095   0.01394   0.01041   0.00475   0.00715   0.01069   0.00560   0.01247   0.01572   0.00931   0.00604   0.01082   0.02299   0.01921   0.02809   0.03429   0.09033   0.02056   0.01406   0.01034   0.02769   0.00156   0.00700   0.01782   0.01933   0.00502   0.01415   0.01119   0.00704   0.00343   1.17658   1.16959   1.05374   0.98310   1.12692   0.93588  
  1 99.0000  13685.413670  x:  0.24563   0.00964   0.23124   0.04586   0.12611   0.06550   0.06046   0.05647   0.08661   0.02526   0.02643   0.00296   0.10337   0.07858   0.11394   0.08761   0.00810   0.00459   0.05420   0.03404   0.01573   0.01011   0.04350   0.04664   0.04556   0.05701   0.00784   0.02223   0.00956   0.00378   0.01195   0.01012   0.00688   0.00717   0.00924   0.00777   0.00689   0.01088   0.01383   0.01027   0.00475   0.00711   0.01065   0.00555   0.01248   0.01565   0.00917   0.00591   0.01075   0.02296   0.01918   0.02807   0.03427   0.09034   0.02049   0.01399   0.01030   0.02767   0.00151   0.00697   0.01784   0.01928   0.00488   0.01407   0.01112   0.00695   0.00334   1.17671   1.16958   1.05376   0.98310   1.12680   0.93588  
  2 14812.2404  13650.424118  x:  0.24575   0.01521   0.23194   0.04788   0.12619   0.06526   0.06013   0.05709   0.08675   0.02544   0.02542   0.01387   0.10333   0.07968   0.11538   0.08790   0.00582   0.00599   0.05463   0.03283   0.01316   0.00816   0.04424   0.04673   0.04647   0.05727   0.00680   0.02212   0.00340   0.00366   0.01074   0.00974   0.00135   0.00602   0.00687   0.00620   0.00367   0.00859   0.01058   0.00591   0.00473   0.00604   0.00931   0.00425   0.01281   0.01331   0.00508   0.00190   0.00857   0.02196   0.01830   0.02763   0.03364   0.09063   0.01841   0.01160   0.00900   0.02703   0.00011   0.00602   0.01837   0.01775   0.00037   0.01159   0.00879   0.00412   0.00069   1.18083   1.16919   1.05431   0.98307   1.12298   0.93585  
  3 2754.5867  13648.419724  x:  0.24576   0.01577   0.23201   0.04809   0.12619   0.06523   0.06010   0.05715   0.08677   0.02546   0.02531   0.01490   0.10332   0.07979   0.11553   0.08793   0.00559   0.00611   0.05468   0.03270   0.01290   0.00797   0.04432   0.04674   0.04656   0.05729   0.00670   0.02211   0.00275   0.00365   0.01062   0.00970   0.00082   0.00591   0.00664   0.00605   0.00336   0.00836   0.01025   0.00547   0.00472   0.00594   0.00918   0.00413   0.01284   0.01307   0.00467   0.00154   0.00836   0.02186   0.01821   0.02759   0.03358   0.09066   0.01820   0.01135   0.00887   0.02696   0.00064   0.00593   0.01843   0.01760   0.00008   0.01134   0.00855   0.00386   0.00054   1.18127   1.16915   1.05437   0.98307   1.12257   0.93585  
  4 23596.4561  13645.593695  x:  0.24578   0.01656   0.23212   0.04839   0.12620   0.06519   0.06005   0.05724   0.08678   0.02550   0.02516   0.01625   0.10331   0.07996   0.11575   0.08797   0.00526   0.00628   0.05474   0.03252   0.01253   0.00770   0.04443   0.04675   0.04670   0.05733   0.00656   0.02210   0.00179   0.00364   0.01046   0.00965   0.00021   0.00577   0.00632   0.00585   0.00297   0.00804   0.00978   0.00485   0.00472   0.00580   0.00900   0.00398   0.01289   0.01273   0.00411   0.00115   0.00805   0.02171   0.01809   0.02752   0.03349   0.09071   0.01789   0.01101   0.00869   0.02686   0.00099   0.00581   0.01851   0.01738   0.00080   0.01098   0.00823   0.00354   0.00060   1.18192   1.16909   1.05446   0.98307   1.12197   0.93584  
  5 13289.9660  13640.604695  x:  0.24580   0.01788   0.23232   0.04893   0.12622   0.06513   0.05995   0.05738   0.08680   0.02556   0.02488   0.01827   0.10328   0.08025   0.11615   0.08805   0.00470   0.00651   0.05486   0.03220   0.01188   0.00727   0.04463   0.04678   0.04695   0.05740   0.00636   0.02208   0.00000   0.00362   0.01018   0.00956   0.00130   0.00556   0.00582   0.00555   0.00246   0.00752   0.00897   0.00382   0.00472   0.00561   0.00870   0.00379   0.01296   0.01215   0.00321   0.00096   0.00756   0.02145   0.01787   0.02740   0.03332   0.09079   0.01734   0.01042   0.00840   0.02669   0.00138   0.00565   0.01865   0.01701   0.00135   0.01037   0.00769   0.00314   0.00120   1.18311   1.16898   1.05462   0.98306   1.12085   0.93584  
  6 8737.9376  13635.794745  x:  0.24586   0.02091   0.23294   0.05043   0.12627   0.06496   0.05962   0.05772   0.08679   0.02577   0.02405   0.02079   0.10316   0.08107   0.11733   0.08829   0.00350   0.00655   0.05518   0.03127   0.01027   0.00657   0.04524   0.04690   0.04770   0.05762   0.00619   0.02213   0.00000   0.00361   0.00965   0.00943   0.00087   0.00549   0.00515   0.00535   0.00326   0.00657   0.00705   0.00208   0.00473   0.00553   0.00816   0.00401   0.01313   0.01073   0.00230   0.00567   0.00665   0.02075   0.01731   0.02706   0.03287   0.09106   0.01590   0.00903   0.00784   0.02619   0.00152   0.00559   0.01899   0.01606   0.00123   0.00898   0.00668   0.00361   0.00333   1.18698   1.16861   1.05513   0.98304   1.11724   0.93581  
  7 2940.4394  13625.280848  x:  0.24599   0.02844   0.23509   0.05507   0.12639   0.06443   0.05850   0.05859   0.08660   0.02653   0.02148   0.02223   0.10262   0.08371   0.12126   0.08905   0.00199   0.00551   0.05618   0.02850   0.00675   0.00638   0.04724   0.04740   0.05010   0.05843   0.00671   0.02243   0.00000   0.00361   0.00893   0.00933   0.00142   0.00634   0.00585   0.00631   0.00570   0.00596   0.00385   0.00760   0.00479   0.00630   0.00764   0.00575   0.01345   0.00760   0.00723   0.00651   0.00600   0.01883   0.01591   0.02597   0.03146   0.09196   0.01205   0.00635   0.00710   0.02482   0.00188   0.00629   0.01981   0.01348   0.00178   0.00666   0.00585   0.00505   0.00222   1.20089   1.16730   1.05699   0.98299   1.10417   0.93572  
  8 1806.1219  13586.740960  x:  0.24631   0.05298   0.24444   0.07289   0.12679   0.06238   0.05384   0.06164   0.08553   0.02948   0.01276   0.01634   0.10014   0.09445   0.13762   0.09225   0.00852   0.00297   0.05994   0.01903   0.00669   0.00898   0.05511   0.04976   0.05959   0.06171   0.00847   0.02374   0.00000   0.00376   0.00889   0.00961   0.00119   0.00751   0.00821   0.00785   0.00582   0.00916   0.01691   0.00585   0.00465   0.00745   0.00837   0.00827   0.01400   0.00488   0.00644   0.00512   0.00893   0.01351   0.01235   0.02189   0.02673   0.09582   0.00397   0.00789   0.00794   0.02015   0.00170   0.00729   0.02196   0.00811   0.00151   0.00745   0.00917   0.00698   0.00290   1.26407   1.16128   1.06545   0.98274   1.04432   0.93530  
  9 2890.7552  13533.709663  x:  0.24659   0.08984   0.26030   0.10080   0.12738   0.05930   0.04674   0.06618   0.08382   0.03373   0.00658   0.00355   0.09597   0.11181   0.16466   0.09716   0.01061   0.00814   0.06601   0.00873   0.00887   0.00975   0.06653   0.05298   0.07433   0.06686   0.00906   0.02545   0.00000   0.00402   0.00917   0.00986   0.00139   0.00762   0.00887   0.00819   0.00624   0.00983   0.02179   0.00501   0.00485   0.00750   0.00884   0.01012   0.01429   0.01105   0.00617   0.00460   0.00964   0.01086   0.01079   0.01658   0.02102   0.10214   0.02614   0.00920   0.00899   0.01570   0.00155   0.00730   0.02405   0.01039   0.00155   0.00885   0.00981   0.00740   0.00100   1.37627   1.15051   1.08049   0.98234   0.93703   0.93457  
 10 9350.4104  13487.877141  x:  0.24646   0.10421   0.26813   0.11291   0.12760   0.05829   0.04434   0.06793   0.08326   0.03510   0.01597   0.00000   0.09415   0.11969   0.17752   0.09915   0.01098   0.00631   0.06853   0.01599   0.01073   0.00987   0.07058   0.05409   0.08047   0.06902   0.00875   0.02584   0.00000   0.00412   0.00986   0.00997   0.00060   0.00727   0.00891   0.00790   0.00606   0.01003   0.02275   0.00650   0.00474   0.00716   0.00931   0.00934   0.01390   0.01205   0.00679   0.00347   0.00991   0.01470   0.01319   0.01596   0.02120   0.10498   0.02862   0.01044   0.00995   0.01707   0.00123   0.00700   0.02385   0.01339   0.00079   0.01019   0.01008   0.00727   0.00447   1.43701   1.14460   1.08865   0.98217   0.87784   0.93418  
 11 10208.5850  13447.275746  x:  0.24596   0.11283   0.27640   0.12351   0.12776   0.05788   0.04312   0.06927   0.08297   0.03514   0.02122   0.00898   0.09270   0.12729   0.19046   0.10069   0.01264   0.00290   0.07031   0.02199   0.01517   0.01125   0.07323   0.05479   0.08557   0.07087   0.00882   0.02595   0.00000   0.00411   0.01159   0.01033   0.00225   0.00750   0.01026   0.00834   0.00804   0.01193   0.02626   0.00890   0.00473   0.00740   0.01079   0.00813   0.01295   0.01523   0.00892   0.00814   0.01180   0.01936   0.01657   0.01719   0.02375   0.10765   0.03186   0.01413   0.01180   0.02074   0.00229   0.00720   0.02225   0.01745   0.00246   0.01423   0.01215   0.00809   0.00000   1.50803   1.13758   1.09821   0.98203   0.80729   0.93372  
 12 15995.3008  13429.936997  x:  0.24547   0.11980   0.28383   0.13278   0.12791   0.05759   0.04216   0.07042   0.08275   0.03500   0.02461   0.01879   0.09145   0.13403   0.20203   0.10201   0.01427   0.00000   0.07180   0.02646   0.01942   0.01272   0.07544   0.05538   0.09000   0.07249   0.00899   0.02602   0.00000   0.00409   0.01325   0.01069   0.00280   0.00784   0.01180   0.00892   0.00991   0.01392   0.02957   0.01233   0.00474   0.00773   0.01227   0.00707   0.01204   0.01857   0.01182   0.01104   0.01376   0.02337   0.01958   0.01848   0.02622   0.11002   0.03564   0.01770   0.01354   0.02420   0.00296   0.00750   0.02066   0.02115   0.00313   0.01822   0.01430   0.00868   0.00056   1.57262   1.13118   1.10690   0.98190   0.74299   0.93330  
 13 184224.5452  13407.095585  x:  0.24431   0.12876   0.29731   0.14822   0.12809   0.05763   0.04151   0.07195   0.08240   0.03382   0.03016   0.03463   0.08937   0.14552   0.22260   0.10394   0.01753   0.01556   0.07394   0.03555   0.02649   0.01535   0.07829   0.05605   0.09701   0.07499   0.00928   0.02580   0.00000   0.00406   0.01601   0.01121   0.00384   0.00853   0.01465   0.01001   0.01341   0.01760   0.03602   0.01917   0.00472   0.00843   0.01472   0.00489   0.01046   0.02291   0.01763   0.01665   0.01734   0.03046   0.02484   0.02177   0.03189   0.11399   0.03676   0.02391   0.01638   0.03112   0.00419   0.00811   0.01721   0.02663   0.00440   0.02508   0.01829   0.01013   0.00135   1.69568   1.11891   1.12346   0.98173   0.61933   0.93251  
 14 44199.8704  13186.079659  x:  0.23830   0.09402   0.32231   0.15643   0.12709   0.06612   0.05590   0.06638   0.08196   0.01876   0.01343   0.02632   0.08810   0.15499   0.25520   0.09995   0.00951   0.01336   0.06736   0.03594   0.02877   0.00854   0.06378   0.04967   0.09398   0.07212   0.00371   0.02002   0.00000   0.00457   0.01116   0.00763   0.00343   0.00312   0.00799   0.00311   0.00759   0.01246   0.03365   0.02185   0.00471   0.00348   0.00849   0.00134   0.01554   0.02357   0.01855   0.01802   0.01227   0.03169   0.02457   0.03355   0.04835   0.11626   0.02788   0.02444   0.01002   0.04248   0.00370   0.00320   0.01051   0.02610   0.00391   0.02676   0.01399   0.00297   0.00118   2.02053   1.08489   1.16682   0.98256   0.27468   0.93042  
 15 8469.3665  13170.537440  x:  0.23769   0.08814   0.32490   0.15621   0.12704   0.06686   0.05703   0.06576   0.08214   0.01922   0.01430   0.02651   0.08831   0.15529   0.25826   0.09928   0.00825   0.01328   0.06642   0.03551   0.02845   0.00827   0.06166   0.04908   0.09285   0.07153   0.00702   0.02004   0.00000   0.00462   0.01136   0.00869   0.00324   0.00703   0.00741   0.00713   0.00601   0.01151   0.03216   0.01963   0.00477   0.00659   0.00885   0.00757   0.01493   0.02353   0.01631   0.01648   0.01143   0.03135   0.02428   0.03398   0.04932   0.11621   0.02778   0.02381   0.00973   0.04301   0.00352   0.00679   0.01270   0.02587   0.00368   0.02620   0.01298   0.00472   0.00117   2.05987   1.08060   1.17189   0.98290   0.23456   0.93016  
 16 11113.5914  13159.569436  x:  0.23783   0.08181   0.32591   0.15437   0.12730   0.06635   0.05562   0.06585   0.08273   0.02461   0.01828   0.02727   0.08916   0.15415   0.25883   0.09883   0.00850   0.01324   0.06599   0.03264   0.02663   0.01107   0.06062   0.04965   0.09125   0.07103   0.00881   0.02206   0.00000   0.00463   0.01332   0.01094   0.00317   0.00671   0.01033   0.00752   0.00803   0.01215   0.02964   0.01777   0.00461   0.00727   0.01076   0.00166   0.01180   0.02248   0.01472   0.01495   0.01202   0.02938   0.02317   0.03145   0.04701   0.11573   0.02827   0.02211   0.01139   0.04082   0.00343   0.00659   0.01701   0.02457   0.00356   0.02456   0.01302   0.00791   0.00117   2.08429   1.07753   1.17450   0.98375   0.21846   0.93000  
 17 2058.4273  13153.619459  x:  0.23835   0.07575   0.32675   0.15247   0.12773   0.06536   0.05321   0.06639   0.08342   0.02868   0.02157   0.02845   0.09013   0.15286   0.25907   0.09868   0.00983   0.01345   0.06603   0.03102   0.02502   0.01313   0.06035   0.05074   0.08985   0.07080   0.00693   0.02376   0.00000   0.00463   0.01491   0.01097   0.00319   0.00398   0.01244   0.00481   0.01025   0.01353   0.02751   0.01651   0.00465   0.00515   0.01195   0.00608   0.01001   0.02162   0.01387   0.01413   0.01347   0.02798   0.02273   0.02831   0.04395   0.11527   0.02849   0.02082   0.01314   0.03823   0.00343   0.00413   0.01745   0.02378   0.00355   0.02319   0.01395   0.00754   0.00118   2.10603   1.07458   1.17649   0.98488   0.21189   0.92987  
 18 1903.7223  13142.089461  x:  0.23988   0.06510   0.32855   0.14922   0.12875   0.06318   0.04801   0.06792   0.08469   0.03167   0.02404   0.02942   0.09190   0.15052   0.25968   0.09890   0.01265   0.01348   0.06683   0.03049   0.02236   0.01382   0.06081   0.05307   0.08775   0.07088   0.00238   0.02527   0.00000   0.00465   0.01552   0.00800   0.00318   0.00811   0.01299   0.00501   0.01240   0.01560   0.02384   0.01458   0.00505   0.00447   0.01196   0.00571   0.01174   0.02010   0.01294   0.01369   0.01564   0.02671   0.02291   0.02250   0.03778   0.11452   0.02849   0.01906   0.01486   0.03341   0.00338   0.00739   0.01286   0.02331   0.00353   0.02099   0.01581   0.00277   0.00120   2.14793   1.06865   1.17996   0.98747   0.20965   0.92961  
 19 2113.2575  13128.978541  x:  0.24231   0.05109   0.33130   0.14504   0.13024   0.06043   0.04138   0.07019   0.08631   0.03221   0.02468   0.03052   0.09414   0.14745   0.26078   0.09948   0.01599   0.01344   0.06827   0.03160   0.01932   0.01259   0.06186   0.05603   0.08526   0.07143   0.00923   0.02592   0.00000   0.00467   0.01481   0.00503   0.00310   0.00780   0.01146   0.00480   0.01340   0.01748   0.01912   0.01236   0.00499   0.00495   0.01121   0.00496   0.01503   0.01841   0.01202   0.01275   0.01771   0.02615   0.02379   0.01614   0.03014   0.11363   0.02824   0.01735   0.01585   0.02780   0.00328   0.00690   0.00660   0.02334   0.00344   0.01858   0.01785   0.00158   0.00121   2.20799   1.06006   1.18480   0.99133   0.21153   0.92925  
 20 5235.1238  13105.910420  x:  0.24724   0.02583   0.33677   0.13761   0.13307   0.05599   0.03076   0.07451   0.08908   0.02910   0.02260   0.03246   0.09799   0.14194   0.26315   0.10092   0.02157   0.01335   0.07124   0.03538   0.01501   0.00835   0.06420   0.06101   0.08121   0.07290   0.00771   0.02533   0.00000   0.00473   0.01198   0.00687   0.00281   0.00672   0.00653   0.00565   0.01260   0.01983   0.01173   0.00894   0.00479   0.00542   0.00796   0.00455   0.02115   0.01615   0.01069   0.00986   0.02041   0.02654   0.02590   0.00845   0.01839   0.11215   0.02743   0.01553   0.01617   0.01977   0.00303   0.00597   0.00829   0.02414   0.00308   0.01532   0.02097   0.01090   0.00121   2.32368   1.04340   1.19397   0.99894   0.22046   0.92856  
 21 8784.2092  13073.225032  x:  0.25406   0.00000   0.34346   0.12919   0.13653   0.05303   0.02536   0.07954   0.09178   0.02801   0.02083   0.03168   0.10201   0.13515   0.26590   0.10313   0.02475   0.01291   0.07471   0.03579   0.01037   0.00865   0.06735   0.06569   0.07744   0.07531   0.00989   0.02502   0.00000   0.00481   0.01108   0.00967   0.00259   0.00535   0.00848   0.00709   0.01175   0.01955   0.00489   0.00570   0.00460   0.00768   0.00959   0.00498   0.02055   0.01330   0.00903   0.00943   0.02046   0.02531   0.02555   0.01781   0.01638   0.11042   0.02583   0.01275   0.01589   0.01617   0.00276   0.00613   0.01907   0.02324   0.00276   0.01095   0.02131   0.00241   0.00119   2.46909   1.02198   1.20505   1.00906   0.23929   0.92773  
 22 6202.9302  13073.225032  x:  0.25406   0.00000   0.34346   0.12919   0.13653   0.05303   0.02536   0.07954   0.09178   0.02801   0.02083   0.03168   0.10201   0.13515   0.26590   0.10313   0.02475   0.01291   0.07471   0.03579   0.01037   0.00865   0.06735   0.06569   0.07744   0.07531   0.00989   0.02502   0.00000   0.00481   0.01108   0.00967   0.00259   0.00535   0.00848   0.00709   0.01175   0.01955   0.00489   0.00570   0.00460   0.00768   0.00959   0.00498   0.02055   0.01330   0.00903   0.00943   0.02046   0.02531   0.02555   0.01781   0.01638   0.11042   0.02583   0.01275   0.01589   0.01617   0.00276   0.00613   0.01907   0.02324   0.00276   0.01095   0.02131   0.00241   0.00119   2.46909   1.02198   1.20505   1.00906   0.23929   0.92773  
 23 6336.1791  13045.363139  x:  0.25426   0.00219   0.34278   0.12780   0.13639   0.05454   0.02953   0.07885   0.09155   0.02789   0.02098   0.02959   0.10194   0.13399   0.26459   0.10270   0.02173   0.01065   0.07389   0.03468   0.01005   0.00791   0.06605   0.06451   0.07651   0.07468   0.00874   0.02457   0.00000   0.00180   0.01068   0.00961   0.00014   0.00584   0.00714   0.00635   0.00858   0.01672   0.00683   0.00403   0.00456   0.00677   0.00877   0.00444   0.01909   0.01224   0.00627   0.00603   0.01763   0.02430   0.02402   0.01860   0.02016   0.10998   0.02380   0.01147   0.01424   0.01852   0.00024   0.00601   0.01925   0.02171   0.00043   0.01007   0.01839   0.00566   0.00377   2.46953   1.02162   1.20488   1.00939   0.24123   0.92773  
 24 2673.2397  13039.376726  x:  0.25430   0.00271   0.34261   0.12745   0.13636   0.05491   0.03054   0.07868   0.09149   0.02786   0.02102   0.02907   0.10193   0.13370   0.26425   0.10259   0.02098   0.01010   0.07368   0.03440   0.00998   0.00774   0.06573   0.06422   0.07628   0.07453   0.00847   0.02446   0.00000   0.00111   0.01058   0.00959   0.00065   0.00595   0.00682   0.00618   0.00781   0.01602   0.00725   0.00365   0.00455   0.00655   0.00857   0.00432   0.01873   0.01199   0.00561   0.00520   0.01693   0.02405   0.02364   0.01880   0.02106   0.10988   0.02330   0.01115   0.01383   0.01908   0.00023   0.00599   0.01929   0.02133   0.00000   0.00986   0.01767   0.00633   0.00426   2.46964   1.02153   1.20484   1.00948   0.24171   0.92774  
 25 18823.5492  13030.739375  x:  0.25440   0.00369   0.34227   0.12676   0.13629   0.05561   0.03244   0.07834   0.09138   0.02780   0.02109   0.02805   0.10190   0.13312   0.26360   0.10238   0.01951   0.00904   0.07328   0.03387   0.00985   0.00743   0.06510   0.06365   0.07582   0.07422   0.00797   0.02424   0.00000   0.00011   0.01041   0.00956   0.00053   0.00612   0.00626   0.00589   0.00633   0.01466   0.00793   0.00303   0.00455   0.00618   0.00822   0.00413   0.01805   0.01152   0.00439   0.00363   0.01557   0.02357   0.02291   0.01917   0.02270   0.10966   0.02233   0.01057   0.01304   0.02012   0.00163   0.00596   0.01940   0.02063   0.00040   0.00951   0.01626   0.00728   0.00485   2.46986   1.02135   1.20476   1.00964   0.24266   0.92774  
 26 19601.9567  13018.660543  x:  0.25458   0.00559   0.34159   0.12538   0.13615   0.05700   0.03615   0.07767   0.09116   0.02769   0.02123   0.02602   0.10184   0.13199   0.26229   0.10195   0.01658   0.00696   0.07248   0.03282   0.00959   0.00685   0.06385   0.06252   0.07491   0.07361   0.00702   0.02382   0.00000   0.00145   0.01008   0.00951   0.00048   0.00645   0.00519   0.00534   0.00346   0.01199   0.00919   0.00193   0.00456   0.00547   0.00755   0.00378   0.01670   0.01061   0.00207   0.00062   0.01289   0.02264   0.02148   0.01988   0.02587   0.10923   0.02041   0.00944   0.01149   0.02212   0.00362   0.00589   0.01960   0.01925   0.00108   0.00883   0.01349   0.00900   0.00584   2.47030   1.02099   1.20460   1.00997   0.24453   0.92774  
 27 29792.5820  13006.660716  x:  0.25484   0.00789   0.34056   0.12329   0.13593   0.05881   0.04078   0.07669   0.09084   0.02753   0.02141   0.02309   0.10176   0.13030   0.26031   0.10134   0.01234   0.00442   0.07133   0.03139   0.00937   0.00641   0.06205   0.06089   0.07356   0.07271   0.00619   0.02327   0.00000   0.00199   0.00977   0.00947   0.00068   0.00656   0.00453   0.00509   0.00077   0.00843   0.00985   0.00297   0.00464   0.00502   0.00698   0.00382   0.01493   0.00964   0.00166   0.00448   0.00927   0.02140   0.01957   0.02079   0.02942   0.10861   0.01782   0.00821   0.00948   0.02436   0.00401   0.00586   0.01984   0.01744   0.00244   0.00822   0.00972   0.00936   0.00524   2.47096   1.02045   1.20435   1.01047   0.24725   0.92774  
 28 4954.7015  12996.535536  x:  0.25513   0.01038   0.33929   0.12071   0.13567   0.06086   0.04590   0.07550   0.09048   0.02735   0.02162   0.01960   0.10167   0.12826   0.25787   0.10060   0.00732   0.00201   0.06995   0.02977   0.00918   0.00614   0.05993   0.05897   0.07193   0.07164   0.00559   0.02266   0.00000   0.00228   0.00950   0.00943   0.00084   0.00655   0.00432   0.00507   0.00442   0.00466   0.01014   0.00394   0.00475   0.00485   0.00656   0.00407   0.01301   0.00875   0.00279   0.00600   0.00534   0.02004   0.01745   0.02180   0.03313   0.10786   0.01491   0.00708   0.00733   0.02667   0.00402   0.00584   0.02008   0.01543   0.00355   0.00771   0.00558   0.00897   0.00381   2.47176   1.01980   1.20406   1.01108   0.25052   0.92774  
 29 7442.4372  12986.943210  x:  0.25542   0.01216   0.33780   0.11772   0.13535   0.06258   0.04986   0.07423   0.09013   0.02717   0.02179   0.01606   0.10160   0.12599   0.25503   0.09982   0.00270   0.00433   0.06852   0.02853   0.00931   0.00672   0.05783   0.05709   0.07012   0.07051   0.00645   0.02221   0.00000   0.00188   0.00962   0.00946   0.00081   0.00611   0.00583   0.00581   0.00343   0.00479   0.00892   0.00417   0.00480   0.00575   0.00710   0.00477   0.01187   0.00885   0.00412   0.00449   0.00444   0.01910   0.01597   0.02254   0.03525   0.10704   0.01285   0.00744   0.00651   0.02785   0.00297   0.00592   0.02017   0.01410   0.00360   0.00799   0.00439   0.00611   0.00047   2.47271   1.01903   1.20372   1.01177   0.25400   0.92773  
 30 2313.5035  12983.225089  x:  0.25563   0.01328   0.33657   0.11528   0.13510   0.06377   0.05248   0.07322   0.08987   0.02704   0.02191   0.01344   0.10157   0.12417   0.25270   0.09923   0.00000   0.00540   0.06739   0.02770   0.00944   0.00717   0.05623   0.05569   0.06868   0.06961   0.00710   0.02195   0.00000   0.00182   0.00977   0.00949   0.00092   0.00577   0.00666   0.00628   0.00326   0.00543   0.00766   0.00457   0.00482   0.00631   0.00755   0.00518   0.01131   0.00910   0.00486   0.00413   0.00482   0.01855   0.01513   0.02302   0.03635   0.10639   0.01171   0.00791   0.00636   0.02837   0.00270   0.00598   0.02021   0.01343   0.00407   0.00828   0.00471   0.00359   0.00255   2.47348   1.01840   1.20345   1.01234   0.25673   0.92773  
 31 3352.0252  12978.555084  x:  0.25595   0.01484   0.33469   0.11153   0.13471   0.06543   0.05613   0.07174   0.08951   0.02685   0.02208   0.00983   0.10152   0.12143   0.24911   0.09840   0.00243   0.00571   0.06568   0.02665   0.00960   0.00753   0.05392   0.05381   0.06653   0.06829   0.00759   0.02162   0.00000   0.00174   0.00992   0.00952   0.00099   0.00553   0.00699   0.00654   0.00330   0.00601   0.00623   0.00483   0.00481   0.00661   0.00792   0.00539   0.01082   0.00940   0.00491   0.00392   0.00566   0.01792   0.01420   0.02364   0.03775   0.10542   0.01060   0.00842   0.00645   0.02900   0.00231   0.00604   0.02024   0.01269   0.00446   0.00864   0.00563   0.00106   0.00330   2.47468   1.01744   1.20303   1.01321   0.26081   0.92773  
 32 2673.6239  12973.650461  x:  0.25642   0.01655   0.33159   0.10544   0.13410   0.06755   0.06052   0.06947   0.08903   0.02657   0.02230   0.00526   0.10152   0.11711   0.24325   0.09709   0.00354   0.00642   0.06309   0.02544   0.00989   0.00805   0.05052   0.05104   0.06317   0.06629   0.00837   0.02136   0.00000   0.00193   0.01025   0.00959   0.00122   0.00529   0.00737   0.00683   0.00394   0.00765   0.00427   0.00526   0.00476   0.00697   0.00852   0.00549   0.01100   0.01017   0.00507   0.00456   0.00773   0.01750   0.01375   0.02432   0.03843   0.10390   0.01041   0.00950   0.00744   0.02906   0.00241   0.00612   0.02019   0.01242   0.00546   0.00933   0.00784   0.00437   0.00331   2.47665   1.01586   1.20235   1.01462   0.26711   0.92772  
 33 3022.3412  12963.447914  x:  0.25747   0.01849   0.32367   0.09020   0.13267   0.07072   0.06660   0.06459   0.08837   0.02604   0.02268   0.00428   0.10182   0.10697   0.22829   0.09416   0.00164   0.00506   0.05760   0.02442   0.01015   0.00770   0.04372   0.04562   0.05549   0.06189   0.00807   0.02167   0.00000   0.00212   0.01066   0.00964   0.00102   0.00634   0.00553   0.00578   0.00510   0.00913   0.00960   0.00428   0.00451   0.00592   0.00846   0.00399   0.01408   0.01144   0.00309   0.00600   0.01025   0.01860   0.01627   0.02484   0.03593   0.10039   0.01513   0.01075   0.01039   0.02655   0.00292   0.00599   0.01975   0.01502   0.00476   0.00991   0.01046   0.00305   0.00152   2.48175   1.01178   1.20066   1.01822   0.28146   0.92769  
 34 1869.6695  12953.830455  x:  0.25866   0.01953   0.31375   0.07194   0.13108   0.07275   0.07022   0.05976   0.08803   0.02570   0.02286   0.01231   0.10242   0.09560   0.20959   0.09122   0.00330   0.00623   0.05249   0.02525   0.00988   0.00712   0.03845   0.04146   0.04757   0.05752   0.00717   0.02234   0.00000   0.00217   0.01043   0.00957   0.00081   0.00555   0.00655   0.00623   0.00369   0.00718   0.00749   0.00436   0.00515   0.00617   0.00792   0.00494   0.01578   0.01139   0.00712   0.00488   0.00796   0.02014   0.01868   0.02482   0.03091   0.09651   0.01765   0.00987   0.01025   0.02288   0.00356   0.00598   0.01935   0.01715   0.00367   0.00930   0.00791   0.00389   0.00296   2.48833   1.00657   1.19858   1.02276   0.29737   0.92764  
 35 2171.9506  12949.447328  x:  0.25920   0.01906   0.30846   0.06387   0.13047   0.07187   0.06811   0.05863   0.08804   0.02601   0.02251   0.01332   0.10268   0.09120   0.19963   0.09054   0.00258   0.00538   0.05222   0.02677   0.00972   0.00755   0.03976   0.04231   0.04605   0.05682   0.00747   0.02268   0.00000   0.00180   0.01008   0.00955   0.00099   0.00594   0.00590   0.00611   0.00418   0.00734   0.00426   0.00482   0.00418   0.00621   0.00816   0.00433   0.01478   0.01037   0.00293   0.00468   0.00731   0.02044   0.01845   0.02445   0.02785   0.09514   0.01629   0.00889   0.00877   0.02195   0.00241   0.00605   0.01947   0.01665   0.00446   0.00897   0.00750   0.00349   0.00244   2.49217   1.00356   1.19747   1.02528   0.30353   0.92760  
 36 1084.3915  12944.561880  x:  0.26009   0.01846   0.29971   0.05261   0.12967   0.06935   0.06257   0.05804   0.08814   0.02674   0.02180   0.01151   0.10302   0.08557   0.18315   0.09017   0.00292   0.00506   0.05354   0.02918   0.00967   0.00796   0.04440   0.04559   0.04593   0.05698   0.00798   0.02290   0.00000   0.00174   0.00980   0.00955   0.00114   0.00581   0.00597   0.00616   0.00391   0.00784   0.00824   0.00464   0.00506   0.00640   0.00860   0.00474   0.01202   0.00924   0.00359   0.00438   0.00739   0.02004   0.01661   0.02403   0.02487   0.09353   0.01224   0.00831   0.00682   0.02235   0.00211   0.00610   0.01986   0.01446   0.00507   0.00882   0.00775   0.00402   0.00273   2.49895   0.99828   1.19562   1.02962   0.31192   0.92752  
 37 1434.3393  12941.568622  x:  0.26080   0.01941   0.29317   0.04750   0.12935   0.06729   0.05829   0.05881   0.08831   0.02704   0.02162   0.00955   0.10324   0.08330   0.17099   0.09046   0.00244   0.00471   0.05529   0.02962   0.00973   0.00677   0.04768   0.04802   0.04766   0.05798   0.00669   0.02272   0.00000   0.00195   0.00996   0.00955   0.00063   0.00592   0.00571   0.00571   0.00356   0.00626   0.00666   0.00364   0.00439   0.00542   0.00778   0.00469   0.01229   0.01030   0.00493   0.00464   0.00746   0.01945   0.01587   0.02422   0.02683   0.09296   0.01290   0.00943   0.00962   0.02412   0.00336   0.00588   0.01995   0.01398   0.00288   0.00895   0.00741   0.00363   0.00256   2.50460   0.99390   1.19417   1.03313   0.31666   0.92745  
 38 985.7107  12939.243855  x:  0.26159   0.02213   0.28644   0.04611   0.12928   0.06576   0.05538   0.06048   0.08860   0.02689   0.02195   0.00980   0.10348   0.08291   0.15879   0.09108   0.00277   0.00546   0.05695   0.02859   0.00977   0.00694   0.04936   0.04936   0.05034   0.05931   0.00669   0.02228   0.00000   0.00180   0.01026   0.00953   0.00101   0.00561   0.00639   0.00636   0.00374   0.00657   0.00703   0.00568   0.00591   0.00667   0.00757   0.00475   0.01402   0.01105   0.00393   0.00417   0.00668   0.01900   0.01639   0.02470   0.03112   0.09289   0.01539   0.00958   0.01009   0.02592   0.00249   0.00603   0.01984   0.01517   0.00448   0.00933   0.00656   0.00370   0.00287   2.51117   0.98885   1.19257   1.03711   0.32032   0.92737  
 39 864.4683  12937.092409  x:  0.26238   0.02553   0.27964   0.04792   0.12942   0.06498   0.05413   0.06253   0.08891   0.02646   0.02242   0.01154   0.10369   0.08404   0.14694   0.09180   0.00271   0.00513   0.05804   0.02696   0.00973   0.00799   0.04919   0.04942   0.05307   0.06054   0.00806   0.02194   0.00000   0.00192   0.01024   0.00954   0.00103   0.00580   0.00610   0.00615   0.00389   0.00775   0.00682   0.00404   0.00406   0.00615   0.00842   0.00474   0.01456   0.01032   0.00484   0.00476   0.00740   0.01911   0.01727   0.02496   0.03413   0.09323   0.01580   0.00855   0.00751   0.02627   0.00263   0.00610   0.01960   0.01599   0.00466   0.00893   0.00784   0.00373   0.00267   2.51868   0.98307   1.19081   1.04156   0.32293   0.92727  
 40 862.4073  12935.238164  x:  0.26311   0.02826   0.27256   0.05245   0.12972   0.06492   0.05415   0.06449   0.08914   0.02606   0.02259   0.01216   0.10378   0.08657   0.13554   0.09252   0.00245   0.00549   0.05834   0.02606   0.00977   0.00722   0.04735   0.04830   0.05524   0.06143   0.00745   0.02219   0.00000   0.00205   0.00998   0.00959   0.00071   0.00573   0.00598   0.00584   0.00419   0.00723   0.00649   0.00443   0.00682   0.00569   0.00830   0.00476   0.01337   0.00965   0.00401   0.00512   0.00858   0.01990   0.01766   0.02460   0.03317   0.09401   0.01383   0.00904   0.00739   0.02421   0.00343   0.00583   0.01947   0.01563   0.00324   0.00877   0.00855   0.00371   0.00237   2.52791   0.97602   1.18874   1.04691   0.32422   0.92715  
 41 726.3043  12933.577193  x:  0.26368   0.02963   0.26624   0.05702   0.13002   0.06518   0.05462   0.06581   0.08924   0.02597   0.02245   0.01127   0.10376   0.08925   0.12633   0.09309   0.00269   0.00530   0.05820   0.02625   0.00982   0.00687   0.04549   0.04713   0.05660   0.06190   0.00666   0.02261   0.00000   0.00187   0.00996   0.00958   0.00095   0.00585   0.00613   0.00624   0.00388   0.00673   0.00716   0.00473   0.00453   0.00643   0.00788   0.00475   0.01253   0.01016   0.00408   0.00456   0.00782   0.02038   0.01739   0.02398   0.03038   0.09487   0.01281   0.00967   0.00933   0.02221   0.00269   0.00606   0.01955   0.01509   0.00428   0.00926   0.00760   0.00381   0.00261   2.53725   0.96889   1.18670   1.05226   0.32445   0.92703  
 42 1002.9789  12932.604462  x:  0.26393   0.02895   0.26233   0.05932   0.13017   0.06562   0.05541   0.06580   0.08918   0.02633   0.02210   0.00963   0.10361   0.09091   0.12244   0.09325   0.00284   0.00490   0.05771   0.02753   0.00973   0.00782   0.04500   0.04673   0.05649   0.06168   0.00766   0.02273   0.00000   0.00185   0.01021   0.00952   0.00090   0.00564   0.00593   0.00588   0.00365   0.00734   0.00683   0.00411   0.00543   0.00577   0.00810   0.00476   0.01331   0.01074   0.00444   0.00447   0.00629   0.01987   0.01652   0.02351   0.02798   0.09547   0.01446   0.00904   0.00913   0.02289   0.00274   0.00597   0.01977   0.01487   0.00405   0.00899   0.00667   0.00374   0.00283   2.54493   0.96302   1.18508   1.05656   0.32347   0.92693  
 43 511.1971  12931.210588  x:  0.26421   0.02668   0.25674   0.06128   0.13033   0.06650   0.05719   0.06476   0.08903   0.02704   0.02167   0.00919   0.10331   0.09290   0.11940   0.09322   0.00275   0.00556   0.05669   0.02961   0.00955   0.00700   0.04543   0.04669   0.05522   0.06083   0.00714   0.02255   0.00000   0.00191   0.01011   0.00951   0.00077   0.00586   0.00640   0.00637   0.00369   0.00597   0.00696   0.00522   0.00466   0.00645   0.00771   0.00488   0.01434   0.01043   0.00437   0.00436   0.00768   0.01868   0.01558   0.02330   0.02648   0.09624   0.01613   0.00816   0.00743   0.02573   0.00309   0.00598   0.02004   0.01485   0.00345   0.00859   0.00738   0.00370   0.00281   2.55870   0.95250   1.18224   1.06419   0.32096   0.92675  
 44 650.6108  12928.246537  x:  0.26475   0.02154   0.24539   0.06303   0.13055   0.06812   0.06067   0.06164   0.08876   0.02798   0.02139   0.01186   0.10269   0.09589   0.11697   0.09289   0.00245   0.00498   0.05462   0.03207   0.00985   0.00606   0.04760   0.04736   0.05173   0.05884   0.00569   0.02198   0.00000   0.00183   0.00970   0.00963   0.00113   0.00543   0.00599   0.00602   0.00399   0.00812   0.00663   0.00366   0.00544   0.00618   0.00768   0.00483   0.01394   0.00927   0.00461   0.00476   0.00822   0.01778   0.01604   0.02395   0.02805   0.09751   0.01499   0.01007   0.00878   0.02990   0.00223   0.00606   0.02014   0.01511   0.00512   0.00973   0.00780   0.00360   0.00248   2.59159   0.92733   1.17550   1.08232   0.31473   0.92634  
 45 1127.9803  12925.146715  x:  0.26537   0.01778   0.23417   0.06339   0.13071   0.06908   0.06272   0.05837   0.08845   0.02812   0.02157   0.01314   0.10206   0.09768   0.11715   0.09255   0.00266   0.00527   0.05317   0.03232   0.01010   0.00872   0.04986   0.04823   0.04861   0.05717   0.00874   0.02185   0.00000   0.00205   0.01018   0.00961   0.00076   0.00636   0.00601   0.00590   0.00418   0.00742   0.00730   0.00580   0.00460   0.00569   0.00886   0.00473   0.01299   0.01046   0.00386   0.00489   0.00755   0.01902   0.01780   0.02498   0.03079   0.09841   0.01299   0.01084   0.01071   0.03020   0.00340   0.00590   0.01970   0.01548   0.00342   0.00969   0.00783   0.00385   0.00261   2.62941   0.89834   1.16777   1.10310   0.30818   0.92585  
 46 2165.7836  12918.084622  x:  0.26680   0.01699   0.21478   0.06141   0.13095   0.06901   0.06252   0.05330   0.08791   0.02677   0.02236   0.00951   0.10101   0.09790   0.12311   0.09213   0.00246   0.00455   0.05260   0.02841   0.00934   0.00757   0.05277   0.04961   0.04526   0.05542   0.00849   0.02274   0.00000   0.00188   0.01088   0.00940   0.00098   0.00450   0.00626   0.00691   0.00373   0.00537   0.00666   0.00325   0.00582   0.00791   0.00767   0.00380   0.01303   0.01276   0.00455   0.00473   0.00766   0.02268   0.01972   0.02655   0.03383   0.09907   0.01363   0.00754   0.00886   0.02284   0.00261   0.00616   0.01877   0.01606   0.00444   0.00807   0.00833   0.00359   0.00249   2.71118   0.83548   1.15106   1.14791   0.29651   0.92480  
 47 2421.7960  12913.406495  x:  0.26787   0.01973   0.20355   0.05944   0.13118   0.06855   0.06161   0.05143   0.08777   0.02579   0.02273   0.00795   0.10057   0.09674   0.12886   0.09202   0.00272   0.00537   0.05309   0.02571   0.00938   0.00593   0.05312   0.04984   0.04456   0.05509   0.00621   0.02306   0.00000   0.00191   0.01038   0.00950   0.00088   0.00741   0.00602   0.00572   0.00368   0.00836   0.00656   0.00538   0.00497   0.00578   0.00702   0.00568   0.01355   0.01171   0.00516   0.00431   0.00700   0.02292   0.01864   0.02700   0.03413   0.09898   0.01498   0.00794   0.00659   0.01901   0.00292   0.00590   0.01892   0.01559   0.00395   0.00824   0.00692   0.00360   0.00272   2.77088   0.78951   1.13887   1.18055   0.28999   0.92402  
 48 4665.0565  12904.724924  x:  0.26971   0.02883   0.19042   0.05578   0.13175   0.06727   0.05901   0.05246   0.08812   0.02477   0.02286   0.01000   0.10056   0.09260   0.14060   0.09227   0.00297   0.00607   0.05528   0.02332   0.01032   0.00869   0.04963   0.04832   0.04671   0.05643   0.00651   0.02295   0.00000   0.00198   0.00900   0.00978   0.00079   0.00438   0.00675   0.00637   0.00399   0.00656   0.00735   0.00476   0.00440   0.00507   0.00916   0.00475   0.01450   0.00700   0.00387   0.00481   0.00757   0.01928   0.01369   0.02612   0.03053   0.09778   0.01666   0.01103   0.00831   0.01989   0.00321   0.00605   0.02043   0.01415   0.00352   0.01018   0.00669   0.00380   0.00290   2.87730   0.70747   1.11718   1.23852   0.28318   0.92262  
 49 4290.4817  12898.749949  x:  0.27091   0.03504   0.18556   0.05378   0.13232   0.06648   0.05729   0.05567   0.08871   0.02517   0.02260   0.01225   0.10101   0.08896   0.14897   0.09261   0.00270   0.00434   0.05708   0.02465   0.01002   0.00780   0.04544   0.04656   0.04961   0.05822   0.00821   0.02264   0.00000   0.00188   0.00963   0.00959   0.00094   0.00862   0.00547   0.00597   0.00376   0.00628   0.00683   0.00412   0.00584   0.00800   0.00920   0.00528   0.01367   0.01107   0.00445   0.00459   0.00768   0.01682   0.01389   0.02456   0.02727   0.09645   0.01473   0.01028   0.00983   0.02460   0.00270   0.00597   0.02104   0.01418   0.00422   0.00975   0.00844   0.00373   0.00251   2.96012   0.64372   1.10041   1.28341   0.28128   0.92151  
 50 5281.7787  12893.728976  x:  0.27144   0.03666   0.18759   0.05356   0.13279   0.06637   0.05676   0.05950   0.08926   0.02657   0.02213   0.01153   0.10169   0.08658   0.15349   0.09290   0.00285   0.00591   0.05794   0.02816   0.00937   0.00628   0.04267   0.04548   0.05197   0.05979   0.00777   0.02235   0.00000   0.00200   0.01078   0.00940   0.00086   0.00514   0.00645   0.00588   0.00424   0.00838   0.00721   0.00508   0.00467   0.00543   0.00724   0.00384   0.01263   0.01304   0.00391   0.00498   0.00728   0.01808   0.01797   0.02315   0.02645   0.09535   0.01244   0.00815   0.00992   0.02837   0.00308   0.00593   0.02036   0.01539   0.00390   0.00828   0.00781   0.00375   0.00265   3.02374   0.59510   1.08771   1.31757   0.28304   0.92066  
 51 3855.6640  12887.688536  x:  0.27136   0.03224   0.19920   0.05548   0.13334   0.06694   0.05707   0.06503   0.08998   0.02861   0.02152   0.00858   0.10299   0.08526   0.15536   0.09310   0.00272   0.00470   0.05759   0.03270   0.01010   0.00955   0.04202   0.04539   0.05394   0.06150   0.00602   0.02212   0.00000   0.00187   0.01057   0.00977   0.00093   0.00597   0.00558   0.00661   0.00369   0.00644   0.00659   0.00456   0.00512   0.00599   0.00748   0.00719   0.01271   0.00979   0.00455   0.00442   0.00835   0.02268   0.02164   0.02222   0.02818   0.09419   0.01334   0.01052   0.00807   0.02806   0.00271   0.00606   0.01848   0.01649   0.00416   0.00972   0.00654   0.00356   0.00265   3.10634   0.53308   1.07169   1.36121   0.28950   0.91956  
 52 2917.1488  12882.850900  x:  0.27088   0.02657   0.21237   0.05766   0.13358   0.06775   0.05827   0.06820   0.09039   0.02863   0.02163   0.00907   0.10409   0.08579   0.15445   0.09311   0.00287   0.00520   0.05662   0.03278   0.00984   0.00614   0.04383   0.04608   0.05438   0.06217   0.00816   0.02237   0.00000   0.00195   0.00914   0.00959   0.00087   0.00709   0.00692   0.00530   0.00377   0.00666   0.00677   0.00455   0.00508   0.00727   0.00911   0.00456   0.01338   0.00807   0.00471   0.00463   0.00619   0.02272   0.01849   0.02282   0.03054   0.09370   0.01469   0.01023   0.00870   0.02477   0.00298   0.00585   0.01870   0.01486   0.00397   0.00968   0.00806   0.00366   0.00283   3.17001   0.48664   1.05982   1.39425   0.29573   0.91870  
 53 3222.9764  12880.440906  x:  0.27045   0.02352   0.22090   0.05877   0.13353   0.06808   0.05895   0.06874   0.09044   0.02759   0.02201   0.01093   0.10459   0.08690   0.15293   0.09306   0.00273   0.00499   0.05602   0.03050   0.00972   0.00707   0.04559   0.04670   0.05401   0.06199   0.00749   0.02269   0.00000   0.00192   0.00944   0.00949   0.00088   0.00612   0.00566   0.00674   0.00389   0.00733   0.00704   0.00486   0.00506   0.00600   0.00856   0.00530   0.01365   0.01096   0.00430   0.00460   0.00771   0.02046   0.01494   0.02362   0.03120   0.09376   0.01475   0.00910   0.00899   0.02281   0.00290   0.00605   0.01973   0.01401   0.00400   0.00904   0.00758   0.00372   0.00258   3.20398   0.46317   1.05386   1.41142   0.29884   0.91824  
 54 2625.8803  12879.588233  x:  0.27014   0.02339   0.22515   0.05881   0.13326   0.06783   0.05864   0.06724   0.09012   0.02647   0.02229   0.01081   0.10451   0.08806   0.15146   0.09304   0.00281   0.00531   0.05605   0.02782   0.00986   0.00810   0.04651   0.04709   0.05330   0.06131   0.00684   0.02283   0.00000   0.00191   0.01043   0.00965   0.00090   0.00630   0.00654   0.00503   0.00389   0.00697   0.00702   0.00461   0.00502   0.00627   0.00761   0.00489   0.01350   0.01103   0.00423   0.00464   0.00770   0.01867   0.01568   0.02390   0.02998   0.09420   0.01423   0.00934   0.00870   0.02335   0.00284   0.00584   0.02022   0.01526   0.00406   0.00907   0.00740   0.00376   0.00268   3.21679   0.45638   1.05215   1.41725   0.29902   0.91806  
 55 699.6964  12878.933280  x:  0.26979   0.02419   0.22930   0.05851   0.13288   0.06738   0.05805   0.06498   0.08967   0.02554   0.02250   0.01037   0.10425   0.08936   0.14972   0.09303   0.00285   0.00511   0.05630   0.02543   0.00985   0.00736   0.04711   0.04739   0.05246   0.06049   0.00729   0.02274   0.00000   0.00190   0.01062   0.00966   0.00085   0.00639   0.00590   0.00669   0.00377   0.00703   0.00692   0.00472   0.00505   0.00612   0.00774   0.00487   0.01336   0.01028   0.00438   0.00451   0.00712   0.01784   0.01711   0.02407   0.02860   0.09480   0.01395   0.00968   0.00870   0.02445   0.00293   0.00600   0.02033   0.01612   0.00377   0.00920   0.00740   0.00375   0.00271   3.22807   0.45196   1.05106   1.42193   0.29840   0.91789  
 56 765.5899  12878.242006  x:  0.26929   0.02658   0.23432   0.05755   0.13230   0.06671   0.05724   0.06141   0.08902   0.02545   0.02260   0.01051   0.10371   0.09096   0.14724   0.09310   0.00281   0.00512   0.05691   0.02494   0.00968   0.00685   0.04690   0.04746   0.05143   0.05946   0.00764   0.02233   0.00000   0.00186   0.00940   0.00941   0.00091   0.00574   0.00561   0.00555   0.00377   0.00690   0.00694   0.00494   0.00495   0.00614   0.00873   0.00602   0.01332   0.01050   0.00431   0.00441   0.00766   0.01929   0.01741   0.02411   0.02808   0.09569   0.01421   0.00914   0.00923   0.02560   0.00274   0.00603   0.01985   0.01516   0.00408   0.00912   0.00714   0.00371   0.00267   3.24142   0.44951   1.05045   1.42667   0.29639   0.91768  
 57 461.1009  12877.598791  x:  0.26877   0.02920   0.23911   0.05630   0.13174   0.06615   0.05658   0.05804   0.08843   0.02598   0.02253   0.01089   0.10310   0.09226   0.14472   0.09321   0.00284   0.00526   0.05753   0.02604   0.00974   0.00774   0.04620   0.04733   0.05066   0.05864   0.00689   0.02225   0.00000   0.00192   0.00931   0.00951   0.00089   0.00666   0.00647   0.00636   0.00391   0.00724   0.00699   0.00460   0.00511   0.00609   0.00833   0.00493   0.01331   0.01083   0.00424   0.00468   0.00752   0.02067   0.01678   0.02399   0.02845   0.09653   0.01431   0.00909   0.00923   0.02590   0.00289   0.00590   0.01941   0.01422   0.00403   0.00905   0.00743   0.00372   0.00271   3.25502   0.44856   1.05021   1.43107   0.29386   0.91746  
 58 727.3705  12877.091810  x:  0.26831   0.03080   0.24251   0.05505   0.13141   0.06595   0.05632   0.05628   0.08815   0.02676   0.02227   0.01105   0.10261   0.09270   0.14281   0.09333   0.00276   0.00515   0.05781   0.02784   0.00993   0.00747   0.04540   0.04707   0.05054   0.05847   0.00744   0.02260   0.00000   0.00192   0.01080   0.00975   0.00088   0.00607   0.00543   0.00598   0.00385   0.00718   0.00692   0.00502   0.00502   0.00637   0.00773   0.00469   0.01338   0.01080   0.00448   0.00454   0.00734   0.02026   0.01606   0.02382   0.02928   0.09701   0.01407   0.00990   0.00870   0.02494   0.00290   0.00606   0.01957   0.01489   0.00396   0.00932   0.00784   0.00372   0.00261   3.26696   0.44944   1.05041   1.43447   0.29140   0.91726  
 59 515.1807  12876.598511  x:  0.26785   0.03143   0.24526   0.05373   0.13125   0.06612   0.05650   0.05596   0.08812   0.02732   0.02195   0.01089   0.10221   0.09238   0.14117   0.09344   0.00279   0.00488   0.05768   0.02914   0.00983   0.00697   0.04477   0.04674   0.05089   0.05885   0.00803   0.02285   0.00000   0.00193   0.01083   0.00957   0.00089   0.00624   0.00663   0.00627   0.00395   0.00700   0.00705   0.00444   0.00504   0.00597   0.00802   0.00576   0.01342   0.01066   0.00397   0.00476   0.00768   0.01871   0.01625   0.02378   0.02996   0.09720   0.01381   0.00974   0.00892   0.02373   0.00291   0.00590   0.02006   0.01598   0.00397   0.00925   0.00749   0.00374   0.00261   3.28006   0.45200   1.05101   1.43778   0.28886   0.91704  
 60 525.8549  12875.652736  x:  0.26705   0.03134   0.24931   0.05152   0.13120   0.06685   0.05738   0.05732   0.08841   0.02755   0.02163   0.01042   0.10171   0.09085   0.13874   0.09357   0.00276   0.00534   0.05698   0.02965   0.00960   0.00788   0.04421   0.04619   0.05196   0.06003   0.00731   0.02290   0.00000   0.00193   0.00877   0.00925   0.00089   0.00644   0.00558   0.00612   0.00388   0.00715   0.00689   0.00488   0.00522   0.00629   0.00865   0.00483   0.01327   0.01021   0.00460   0.00461   0.00801   0.01678   0.01734   0.02383   0.03035   0.09710   0.01370   0.00861   0.00956   0.02260   0.00291   0.00602   0.02072   0.01657   0.00397   0.00878   0.00734   0.00369   0.00259   3.30581   0.45878   1.05263   1.44384   0.28463   0.91659  
 61 796.7729  12873.100681  x:  0.26517   0.02948   0.25835   0.04695   0.13149   0.06915   0.06028   0.06357   0.08968   0.02622   0.02198   0.01092   0.10107   0.08567   0.13377   0.09362   0.00278   0.00484   0.05460   0.02654   0.00997   0.00768   0.04413   0.04514   0.05474   0.06293   0.00656   0.02255   0.00000   0.00194   0.00984   0.01016   0.00083   0.00562   0.00628   0.00610   0.00391   0.00727   0.00696   0.00504   0.00497   0.00640   0.00906   0.00532   0.01317   0.01154   0.00417   0.00461   0.00678   0.01854   0.01784   0.02400   0.02898   0.09603   0.01468   0.00996   0.00842   0.02339   0.00303   0.00599   0.02076   0.01412   0.00371   0.00913   0.00875   0.00369   0.00255   3.37946   0.48085   1.05799   1.46042   0.27558   0.91529  
 62 1295.0225  12871.976335  x:  0.26464   0.02901   0.26134   0.04637   0.13166   0.06969   0.06103   0.06569   0.09012   0.02566   0.02248   0.01102   0.10117   0.08389   0.13274   0.09345   0.00294   0.00604   0.05417   0.02538   0.00988   0.00718   0.04447   0.04515   0.05508   0.06324   0.00811   0.02252   0.00000   0.00192   0.01084   0.00953   0.00098   0.00673   0.00571   0.00613   0.00405   0.00693   0.00693   0.00442   0.00517   0.00580   0.00781   0.00459   0.01348   0.01083   0.00428   0.00482   0.00831   0.02019   0.01668   0.02385   0.02842   0.09542   0.01452   0.00970   0.00881   0.02410   0.00271   0.00596   0.02005   0.01443   0.00444   0.00945   0.00700   0.00372   0.00276   3.41296   0.49163   1.06068   1.46774   0.27402   0.91470  
 63 1629.8873  12869.750036  x:  0.26439   0.02926   0.26481   0.04866   0.13195   0.06931   0.06076   0.06732   0.09050   0.02521   0.02357   0.01094   0.10226   0.08244   0.13360   0.09269   0.00269   0.00407   0.05500   0.02490   0.00951   0.00768   0.04547   0.04620   0.05351   0.06152   0.00826   0.02256   0.00000   0.00197   0.01041   0.00857   0.00076   0.00625   0.00642   0.00618   0.00384   0.00840   0.00681   0.00526   0.00509   0.00711   0.00594   0.00552   0.01418   0.00928   0.00456   0.00455   0.00814   0.02149   0.01405   0.02333   0.02813   0.09417   0.01351   0.00829   0.01025   0.02475   0.00319   0.00601   0.01842   0.01711   0.00342   0.00888   0.00751   0.00367   0.00241   3.47934   0.51438   1.06663   1.48178   0.27718   0.91352  
 64 1451.9355  12864.745329  x:  0.26440   0.03035   0.27130   0.05596   0.13255   0.06734   0.05876   0.06861   0.09090   0.02501   0.02498   0.01062   0.10531   0.08144   0.13789   0.09093   0.00286   0.00683   0.05807   0.02609   0.00957   0.00741   0.04782   0.04901   0.04890   0.05643   0.00624   0.02285   0.00000   0.00197   0.00957   0.01028   0.00092   0.00657   0.00529   0.00624   0.00421   0.00681   0.00717   0.00422   0.00502   0.00584   0.00934   0.00598   0.01429   0.01127   0.00390   0.00505   0.00596   0.02078   0.01255   0.02251   0.02835   0.09161   0.01265   0.00887   0.00973   0.02477   0.00290   0.00579   0.01739   0.01996   0.00412   0.00826   0.00892   0.00378   0.00272   3.63735   0.56937   1.08134   1.51481   0.28958   0.91072  
 65 4207.5731  12861.248679  x:  0.26467   0.03056   0.27494   0.06038   0.13281   0.06580   0.05696   0.06794   0.09084   0.02530   0.02444   0.01094   0.10722   0.08262   0.14166   0.09023   0.00275   0.00424   0.05990   0.02699   0.01002   0.00695   0.04876   0.05033   0.04694   0.05400   0.00720   0.02317   0.00000   0.00187   0.00957   0.01024   0.00092   0.00620   0.00652   0.00605   0.00366   0.00701   0.00690   0.00525   0.00512   0.00554   0.00973   0.00371   0.01323   0.01238   0.00470   0.00429   0.00815   0.01872   0.01526   0.02299   0.02883   0.09063   0.01413   0.01027   0.00843   0.02404   0.00276   0.00620   0.01954   0.01655   0.00405   0.00927   0.00700   0.00376   0.00257   3.74304   0.60629   1.09160   1.53667   0.29970   0.90883  
 66 5178.2828  12859.808395  x:  0.26495   0.02985   0.27608   0.06131   0.13277   0.06526   0.05611   0.06647   0.09055   0.02564   0.02320   0.01126   0.10770   0.08454   0.14373   0.09050   0.00288   0.00551   0.06012   0.02706   0.00990   0.00728   0.04851   0.05010   0.04753   0.05446   0.00763   0.02315   0.00000   0.00199   0.01034   0.00929   0.00081   0.00616   0.00572   0.00617   0.00405   0.00737   0.00713   0.00441   0.00492   0.00672   0.00773   0.00506   0.01300   0.01142   0.00400   0.00492   0.00758   0.01769   0.01688   0.02405   0.02925   0.09100   0.01487   0.00971   0.00885   0.02378   0.00314   0.00583   0.02105   0.01349   0.00365   0.00939   0.00715   0.00380   0.00276   3.78727   0.62169   1.09627   1.54562   0.30487   0.90803  
 67 2713.7282  12858.746057  x:  0.26537   0.02797   0.27643   0.06042   0.13252   0.06508   0.05521   0.06389   0.08994   0.02606   0.02158   0.01138   0.10744   0.08790   0.14584   0.09157   0.00272   0.00524   0.05941   0.02638   0.00967   0.00750   0.04747   0.04887   0.05016   0.05718   0.00759   0.02269   0.00000   0.00181   0.01092   0.00955   0.00103   0.00653   0.00594   0.00604   0.00377   0.00656   0.00698   0.00501   0.00519   0.00506   0.00741   0.00526   0.01352   0.01064   0.00447   0.00430   0.00731   0.01804   0.01669   0.02530   0.02918   0.09252   0.01459   0.00890   0.00943   0.02395   0.00242   0.00613   0.02159   0.01331   0.00457   0.00908   0.00844   0.00373   0.00260   3.81970   0.63281   1.10037   1.55185   0.30964   0.90742  
 68 1241.6365  12857.879736  x:  0.26586   0.02597   0.27656   0.05895   0.13221   0.06515   0.05454   0.06126   0.08927   0.02636   0.02071   0.01137   0.10682   0.09152   0.14782   0.09285   0.00289   0.00519   0.05845   0.02564   0.00975   0.00718   0.04639   0.04752   0.05321   0.06033   0.00717   0.02224   0.00000   0.00189   0.01069   0.01003   0.00088   0.00639   0.00586   0.00609   0.00384   0.00717   0.00705   0.00471   0.00500   0.00616   0.00845   0.00481   0.01370   0.01113   0.00418   0.00455   0.00755   0.01867   0.01577   0.02593   0.02902   0.09441   0.01403   0.00930   0.00884   0.02432   0.00285   0.00594   0.02135   0.01447   0.00389   0.00884   0.00714   0.00382   0.00272   3.84682   0.64194   1.10426   1.55684   0.31403   0.90689  
 69 1544.0451  12857.699160  x:  0.26611   0.02565   0.27654   0.05827   0.13212   0.06544   0.05467   0.06083   0.08906   0.02619   0.02192   0.01139   0.10628   0.09262   0.14831   0.09332   0.00289   0.00528   0.05817   0.02570   0.00990   0.00717   0.04640   0.04738   0.05399   0.06101   0.00742   0.02254   0.00000   0.00189   0.00990   0.00932   0.00088   0.00629   0.00587   0.00608   0.00386   0.00700   0.00707   0.00465   0.00499   0.00595   0.00795   0.00481   0.01320   0.01155   0.00412   0.00457   0.00736   0.01844   0.01570   0.02499   0.02900   0.09524   0.01427   0.00965   0.00846   0.02429   0.00284   0.00599   0.02062   0.01464   0.00391   0.00941   0.00735   0.00383   0.00273   3.85250   0.64358   1.10569   1.55759   0.31508   0.90675  
 70 280.4258  12857.603804  x:  0.26640   0.02574   0.27651   0.05770   0.13205   0.06582   0.05501   0.06090   0.08892   0.02584   0.02296   0.01142   0.10561   0.09339   0.14861   0.09368   0.00287   0.00523   0.05803   0.02589   0.00981   0.00719   0.04667   0.04755   0.05433   0.06121   0.00734   0.02288   0.00000   0.00189   0.01033   0.00984   0.00089   0.00634   0.00587   0.00608   0.00385   0.00708   0.00706   0.00471   0.00500   0.00601   0.00817   0.00487   0.01310   0.01127   0.00417   0.00455   0.00750   0.01821   0.01587   0.02383   0.02905   0.09601   0.01443   0.00943   0.00875   0.02419   0.00282   0.00589   0.02023   0.01433   0.00395   0.00909   0.00729   0.00382   0.00272   3.85563   0.64417   1.10719   1.55767   0.31573   0.90665  
 71 150.8296  12857.524009  x:  0.26692   0.02623   0.27650   0.05713   0.13201   0.06632   0.05549   0.06159   0.08881   0.02544   0.02269   0.01145   0.10449   0.09405   0.14884   0.09405   0.00285   0.00525   0.05802   0.02610   0.00984   0.00721   0.04716   0.04800   0.05425   0.06096   0.00725   0.02282   0.00000   0.00190   0.01041   0.00941   0.00088   0.00637   0.00590   0.00606   0.00387   0.00709   0.00705   0.00468   0.00502   0.00604   0.00832   0.00487   0.01373   0.01132   0.00416   0.00459   0.00748   0.01849   0.01597   0.02326   0.02895   0.09698   0.01414   0.00950   0.00876   0.02404   0.00287   0.00639   0.02078   0.01437   0.00390   0.00907   0.00731   0.00382   0.00271   3.85847   0.64406   1.10994   1.55707   0.31626   0.90652  
 72 80.4725  12857.451892  x:  0.26743   0.02664   0.27649   0.05669   0.13196   0.06668   0.05580   0.06230   0.08873   0.02534   0.02227   0.01148   0.10346   0.09453   0.14899   0.09435   0.00282   0.00522   0.05804   0.02619   0.00985   0.00722   0.04749   0.04835   0.05405   0.06067   0.00735   0.02271   0.00000   0.00189   0.01022   0.00951   0.00089   0.00631   0.00585   0.00612   0.00386   0.00706   0.00704   0.00472   0.00500   0.00603   0.00818   0.00485   0.01381   0.01139   0.00421   0.00457   0.00749   0.01869   0.01599   0.02323   0.02882   0.09779   0.01412   0.00955   0.00876   0.02394   0.00283   0.00562   0.02108   0.01455   0.00396   0.00919   0.00739   0.00381   0.00270   3.86103   0.64375   1.11290   1.55630   0.31667   0.90639  
 73 210.4286  12857.328727  x:  0.26839   0.02706   0.27648   0.05614   0.13188   0.06701   0.05592   0.06348   0.08864   0.02576   0.02180   0.01156   0.10183   0.09506   0.14916   0.09473   0.00282   0.00530   0.05810   0.02616   0.00981   0.00722   0.04767   0.04866   0.05356   0.06017   0.00754   0.02261   0.00000   0.00191   0.01002   0.01022   0.00088   0.00635   0.00589   0.00610   0.00390   0.00711   0.00704   0.00466   0.00502   0.00604   0.00786   0.00491   0.01299   0.01142   0.00417   0.00463   0.00751   0.01872   0.01590   0.02402   0.02862   0.09893   0.01458   0.00948   0.00884   0.02385   0.00288   0.00614   0.02080   0.01484   0.00390   0.00925   0.00741   0.00382   0.00270   3.86569   0.64282   1.11907   1.55452   0.31720   0.90612  
 74 225.0404  12857.126174  x:  0.26988   0.02703   0.27645   0.05573   0.13174   0.06693   0.05542   0.06477   0.08858   0.02665   0.02205   0.01158   0.09998   0.09536   0.14922   0.09507   0.00282   0.00524   0.05819   0.02597   0.00984   0.00722   0.04728   0.04852   0.05277   0.05962   0.00719   0.02272   0.00000   0.00189   0.01070   0.00911   0.00088   0.00635   0.00588   0.00610   0.00387   0.00711   0.00705   0.00474   0.00501   0.00602   0.00847   0.00479   0.01274   0.01130   0.00419   0.00457   0.00753   0.01837   0.01587   0.02535   0.02849   0.09999   0.01472   0.00948   0.00885   0.02385   0.00284   0.00593   0.01980   0.01469   0.00395   0.00897   0.00739   0.00382   0.00270   3.87335   0.64086   1.13014   1.55114   0.31772   0.90565  
 75 302.9747  12856.665568  x:  0.27304   0.02593   0.27635   0.05563   0.13140   0.06598   0.05372   0.06599   0.08852   0.02707   0.02340   0.01133   0.09781   0.09501   0.14903   0.09531   0.00286   0.00517   0.05831   0.02574   0.00985   0.00716   0.04580   0.04738   0.05151   0.05908   0.00743   0.02306   0.00000   0.00188   0.01007   0.01006   0.00087   0.00633   0.00585   0.00606   0.00382   0.00701   0.00710   0.00464   0.00499   0.00600   0.00797   0.00479   0.01484   0.01135   0.00410   0.00453   0.00743   0.01793   0.01601   0.02618   0.02882   0.10075   0.01343   0.00950   0.00852   0.02405   0.00283   0.00600   0.01951   0.01389   0.00389   0.00938   0.00716   0.00383   0.00273   3.89149   0.63558   1.15773   1.54242   0.31844   0.90447  
 76 474.8837  12855.424691  x:  0.28051   0.02362   0.27602   0.05634   0.13065   0.06381   0.05146   0.06588   0.08851   0.02446   0.02379   0.01095   0.09642   0.09290   0.14828   0.09515   0.00293   0.00525   0.05848   0.02576   0.00973   0.00717   0.04347   0.04498   0.05040   0.05919   0.00724   0.02280   0.00000   0.00185   0.01014   0.00960   0.00090   0.00642   0.00582   0.00608   0.00379   0.00703   0.00709   0.00466   0.00498   0.00598   0.00813   0.00494   0.01254   0.01094   0.00411   0.00446   0.00731   0.01893   0.01519   0.02400   0.03037   0.09994   0.01428   0.00946   0.00847   0.02492   0.00274   0.00598   0.02282   0.01459   0.00394   0.00862   0.00721   0.00383   0.00274   3.94014   0.62066   1.23324   1.51820   0.32010   0.90123  
 77 976.3424  12853.590714  x:  0.28909   0.02470   0.27537   0.05766   0.13020   0.06398   0.05465   0.06233   0.08881   0.02454   0.02058   0.01143   0.10044   0.08967   0.14740   0.09432   0.00285   0.00523   0.05853   0.02588   0.01012   0.00713   0.04588   0.04617   0.05326   0.06147   0.00698   0.02201   0.00000   0.00191   0.01084   0.00967   0.00082   0.00636   0.00587   0.00606   0.00384   0.00711   0.00705   0.00472   0.00504   0.00602   0.00861   0.00481   0.01293   0.01125   0.00412   0.00456   0.00739   0.01811   0.01577   0.02212   0.02960   0.09598   0.01434   0.00810   0.00878   0.02416   0.00299   0.00601   0.01951   0.01439   0.00359   0.01134   0.00730   0.00384   0.00274   4.01316   0.59766   1.34758   1.48113   0.32310   0.89630  
 78 1380.7407  12852.870925  x:  0.29126   0.02568   0.27504   0.05788   0.13026   0.06467   0.05633   0.06095   0.08901   0.02565   0.02077   0.01157   0.10289   0.08886   0.14714   0.09391   0.00284   0.00525   0.05848   0.02601   0.00959   0.00726   0.04717   0.04729   0.05483   0.06235   0.00746   0.02226   0.00000   0.00189   0.01014   0.00961   0.00090   0.00632   0.00589   0.00609   0.00388   0.00708   0.00706   0.00468   0.00499   0.00602   0.00795   0.00488   0.01347   0.01130   0.00416   0.00457   0.00750   0.01817   0.01609   0.02264   0.02878   0.09437   0.01440   0.00996   0.00879   0.02390   0.00280   0.00601   0.01923   0.01440   0.00401   0.00861   0.00736   0.00382   0.00271   4.04098   0.58881   1.39122   1.46688   0.32436   0.89441  
 79 2315.4937  12852.556598  x:  0.29014   0.02642   0.27469   0.05740   0.13069   0.06562   0.05690   0.06079   0.08925   0.02677   0.02277   0.01148   0.10501   0.08934   0.14712   0.09360   0.00281   0.00529   0.05832   0.02629   0.01015   0.00724   0.04752   0.04819   0.05573   0.06231   0.00728   0.02300   0.00000   0.00190   0.01028   0.00968   0.00088   0.00636   0.00588   0.00612   0.00388   0.00712   0.00701   0.00469   0.00502   0.00607   0.00821   0.00493   0.01341   0.01123   0.00421   0.00459   0.00748   0.01893   0.01615   0.02414   0.02820   0.09386   0.01440   0.00941   0.00897   0.02400   0.00286   0.00600   0.02101   0.01487   0.00387   0.00918   0.00743   0.00381   0.00271   4.05373   0.58467   1.41122   1.46019   0.32504   0.89352  
 80 642.8080  12852.204600  x:  0.28448   0.02678   0.27391   0.05597   0.13185   0.06688   0.05596   0.06189   0.08968   0.02594   0.02276   0.01127   0.10806   0.09116   0.14719   0.09306   0.00280   0.00527   0.05800   0.02657   0.00857   0.00734   0.04667   0.04856   0.05587   0.06103   0.00723   0.02285   0.00000   0.00190   0.01035   0.00963   0.00087   0.00635   0.00588   0.00611   0.00388   0.00711   0.00702   0.00469   0.00502   0.00607   0.00829   0.00489   0.01336   0.01121   0.00419   0.00459   0.00747   0.01888   0.01608   0.02451   0.02836   0.09413   0.01433   0.00955   0.00886   0.02401   0.00288   0.00600   0.02071   0.01486   0.00382   0.00955   0.00741   0.00381   0.00271   4.06607   0.58053   1.43054   1.45339   0.32580   0.89261  
 81 291.0542  12851.942396  x:  0.27862   0.02704   0.27315   0.05479   0.13290   0.06780   0.05505   0.06292   0.09002   0.02534   0.02229   0.01108   0.11045   0.09267   0.14726   0.09262   0.00281   0.00527   0.05778   0.02663   0.01026   0.00723   0.04598   0.04860   0.05577   0.05997   0.00734   0.02262   0.00000   0.00189   0.01024   0.00966   0.00088   0.00636   0.00587   0.00611   0.00387   0.00709   0.00703   0.00467   0.00502   0.00605   0.00815   0.00491   0.01337   0.01117   0.00417   0.00457   0.00746   0.01870   0.01605   0.02435   0.02860   0.09450   0.01426   0.00946   0.00887   0.02400   0.00283   0.00600   0.02014   0.01475   0.00390   0.00898   0.00737   0.00381   0.00271   4.07686   0.57688   1.44736   1.44737   0.32652   0.89180  
 82 985.9187  12851.714351  x:  0.27062   0.02741   0.27226   0.05497   0.13354   0.06718   0.05521   0.06309   0.08982   0.02750   0.02185   0.01116   0.10984   0.09226   0.14732   0.09270   0.00284   0.00528   0.05813   0.02561   0.01007   0.00726   0.04685   0.04734   0.05492   0.06071   0.00732   0.02288   0.00000   0.00189   0.01022   0.00964   0.00088   0.00636   0.00588   0.00611   0.00387   0.00709   0.00702   0.00467   0.00502   0.00606   0.00815   0.00493   0.01334   0.01120   0.00418   0.00457   0.00744   0.01883   0.01604   0.02282   0.02876   0.09510   0.01429   0.00944   0.00889   0.02402   0.00284   0.00600   0.02052   0.01479   0.00389   0.00904   0.00741   0.00381   0.00271   4.08613   0.57366   1.46155   1.44192   0.32766   0.89104  
 83 197.9770  12851.562113  x:  0.26419   0.02779   0.27158   0.05584   0.13353   0.06623   0.05592   0.06252   0.08943   0.02613   0.02226   0.01123   0.10785   0.09098   0.14738   0.09314   0.00283   0.00525   0.05844   0.02647   0.01008   0.00726   0.04737   0.04720   0.05477   0.06199   0.00733   0.02274   0.00000   0.00190   0.01027   0.00965   0.00088   0.00635   0.00589   0.00612   0.00388   0.00710   0.00701   0.00468   0.00502   0.00607   0.00815   0.00492   0.01339   0.01120   0.00420   0.00458   0.00747   0.01881   0.01615   0.02383   0.02851   0.09534   0.01432   0.00948   0.00891   0.02401   0.00285   0.00600   0.02034   0.01481   0.00389   0.00906   0.00741   0.00381   0.00271   4.09238   0.57145   1.47085   1.43804   0.32867   0.89048  
 84 182.5728  12851.542500  x:  0.26322   0.02763   0.27146   0.05609   0.13314   0.06627   0.05588   0.06224   0.08943   0.02627   0.02221   0.01126   0.10711   0.09066   0.14738   0.09332   0.00281   0.00526   0.05816   0.02629   0.01007   0.00726   0.04674   0.04816   0.05528   0.06161   0.00732   0.02273   0.00000   0.00190   0.01025   0.00965   0.00088   0.00635   0.00589   0.00611   0.00388   0.00710   0.00702   0.00468   0.00502   0.00607   0.00816   0.00492   0.01338   0.01119   0.00419   0.00458   0.00747   0.01880   0.01613   0.02367   0.02855   0.09501   0.01432   0.00948   0.00891   0.02403   0.00284   0.00600   0.02038   0.01480   0.00389   0.00906   0.00740   0.00381   0.00271   4.09329   0.57113   1.47190   1.43728   0.32881   0.89035  
 85 30.7698  12851.537313  x:  0.26302   0.02763   0.27141   0.05613   0.13260   0.06658   0.05573   0.06222   0.08956   0.02624   0.02218   0.01127   0.10682   0.09073   0.14740   0.09335   0.00281   0.00526   0.05818   0.02633   0.01007   0.00725   0.04696   0.04784   0.05560   0.06126   0.00732   0.02284   0.00000   0.00190   0.01024   0.00965   0.00088   0.00635   0.00588   0.00611   0.00387   0.00710   0.00702   0.00468   0.00502   0.00606   0.00817   0.00493   0.01338   0.01119   0.00419   0.00458   0.00746   0.01881   0.01614   0.02371   0.02856   0.09459   0.01432   0.00948   0.00891   0.02405   0.00284   0.00600   0.02037   0.01480   0.00389   0.00906   0.00740   0.00381   0.00271   4.09372   0.57096   1.47183   1.43655   0.32883   0.89021  
 86  8.1229  12851.532136  x:  0.26296   0.02765   0.27135   0.05611   0.13208   0.06669   0.05570   0.06229   0.08964   0.02631   0.02230   0.01127   0.10677   0.09088   0.14740   0.09326   0.00282   0.00525   0.05822   0.02635   0.01007   0.00725   0.04698   0.04783   0.05551   0.06136   0.00732   0.02240   0.00000   0.00189   0.01028   0.00965   0.00088   0.00635   0.00588   0.00611   0.00387   0.00709   0.00702   0.00467   0.00502   0.00607   0.00814   0.00492   0.01338   0.01119   0.00419   0.00457   0.00746   0.01879   0.01614   0.02368   0.02854   0.09439   0.01432   0.00948   0.00891   0.02398   0.00284   0.00600   0.02039   0.01480   0.00388   0.00905   0.00740   0.00381   0.00271   4.09434   0.57072   1.47140   1.43528   0.32884   0.88996  
 87  9.8152  12851.509562  x:  0.26287   0.02774   0.27111   0.05602   0.13031   0.06671   0.05575   0.06267   0.08982   0.02625   0.02217   0.01124   0.10688   0.09136   0.14741   0.09286   0.00281   0.00526   0.05833   0.02632   0.01007   0.00725   0.04677   0.04816   0.05486   0.06214   0.00732   0.02285   0.00000   0.00189   0.01025   0.00965   0.00088   0.00635   0.00589   0.00612   0.00387   0.00710   0.00701   0.00468   0.00502   0.00607   0.00815   0.00492   0.01338   0.01119   0.00419   0.00458   0.00746   0.01882   0.01614   0.02365   0.02857   0.09404   0.01433   0.00948   0.00890   0.02406   0.00284   0.00600   0.02035   0.01480   0.00388   0.00907   0.00740   0.00381   0.00271   4.09727   0.56959   1.46917   1.42914   0.32884   0.88872  
 88 39.2988  12851.292658  x:  0.26345   0.02764   0.26912   0.05596   0.12661   0.06394   0.05690   0.06356   0.08883   0.02638   0.02221   0.01117   0.10872   0.09022   0.14733   0.09324   0.00280   0.00527   0.05743   0.02649   0.01005   0.00726   0.04692   0.04775   0.05598   0.06044   0.00731   0.02274   0.00000   0.00189   0.01023   0.00965   0.00088   0.00634   0.00589   0.00612   0.00387   0.00709   0.00700   0.00467   0.00501   0.00607   0.00819   0.00494   0.01339   0.01113   0.00419   0.00455   0.00746   0.01890   0.01618   0.02378   0.02861   0.09706   0.01430   0.00946   0.00890   0.02402   0.00283   0.00600   0.02031   0.01486   0.00387   0.00907   0.00741   0.00380   0.00270   4.12637   0.55836   1.44557   1.36728   0.32897   0.87620  
 89 63.8576  12850.747334  x:  0.26564   0.02725   0.26465   0.05626   0.13036   0.06770   0.05563   0.06278   0.08890   0.02643   0.02219   0.01115   0.10727   0.08867   0.14653   0.09405   0.00281   0.00524   0.05965   0.02645   0.01001   0.00726   0.04618   0.04791   0.05519   0.06125   0.00727   0.02268   0.00000   0.00186   0.01022   0.00963   0.00087   0.00631   0.00588   0.00612   0.00382   0.00707   0.00699   0.00463   0.00499   0.00607   0.00821   0.00495   0.01337   0.01100   0.00416   0.00446   0.00742   0.01902   0.01629   0.02373   0.02884   0.09732   0.01430   0.00940   0.00881   0.02418   0.00278   0.00598   0.02023   0.01487   0.00381   0.00913   0.00738   0.00381   0.00270   4.19783   0.53077   1.38727   1.21516   0.32963   0.84529  
 90 419.3451  12850.670835  x:  0.26601   0.02790   0.26407   0.05597   0.13191   0.06635   0.05557   0.06308   0.08949   0.02645   0.02221   0.01105   0.10632   0.08972   0.14650   0.09368   0.00279   0.00525   0.05759   0.02666   0.01000   0.00727   0.04658   0.04788   0.05500   0.06140   0.00727   0.02268   0.00000   0.00186   0.01022   0.00963   0.00087   0.00630   0.00588   0.00612   0.00382   0.00706   0.00698   0.00462   0.00499   0.00607   0.00821   0.00495   0.01335   0.01100   0.00416   0.00446   0.00741   0.01905   0.01630   0.02371   0.02889   0.09566   0.01426   0.00940   0.00882   0.02423   0.00278   0.00597   0.02020   0.01489   0.00380   0.00913   0.00737   0.00380   0.00269   4.20810   0.52682   1.37892   1.19340   0.32973   0.84078  
 91 233.8423  12850.665521  x:  0.26602   0.02774   0.26402   0.05574   0.13211   0.06593   0.05597   0.06316   0.08957   0.02644   0.02222   0.01105   0.10616   0.09003   0.14649   0.09349   0.00280   0.00525   0.05809   0.02663   0.01000   0.00727   0.04646   0.04787   0.05514   0.06124   0.00727   0.02269   0.00000   0.00186   0.01022   0.00963   0.00087   0.00630   0.00588   0.00612   0.00382   0.00707   0.00698   0.00462   0.00499   0.00608   0.00821   0.00496   0.01336   0.01099   0.00416   0.00446   0.00741   0.01907   0.01630   0.02371   0.02885   0.09534   0.01427   0.00940   0.00882   0.02420   0.00278   0.00597   0.02019   0.01491   0.00380   0.00913   0.00738   0.00380   0.00269   4.20877   0.52657   1.37841   1.19204   0.32971   0.84040  
 92 18.6670  12850.637295  x:  0.26605   0.02772   0.26408   0.05590   0.13226   0.06614   0.05577   0.06322   0.08861   0.02646   0.02221   0.01110   0.10570   0.09002   0.14651   0.09103   0.00282   0.00525   0.05802   0.02667   0.01000   0.00727   0.04655   0.04788   0.05573   0.06127   0.00726   0.02269   0.00000   0.00185   0.01021   0.00963   0.00087   0.00630   0.00588   0.00612   0.00382   0.00706   0.00698   0.00461   0.00498   0.00607   0.00821   0.00496   0.01335   0.01098   0.00415   0.00445   0.00741   0.01908   0.01631   0.02371   0.02888   0.09573   0.01426   0.00940   0.00881   0.02421   0.00277   0.00597   0.02019   0.01490   0.00379   0.00913   0.00737   0.00380   0.00269   4.21041   0.52638   1.37872   1.19266   0.32966   0.83622  
 93  1.2335  12847.420547  x:  0.26797   0.02476   0.27176   0.06104   0.13390   0.06563   0.05537   0.06503   0.09641   0.02702   0.02210   0.01081   0.10413   0.09377   0.14967   0.09151   0.00295   0.00510   0.05933   0.02827   0.00978   0.00723   0.04830   0.04915   0.05701   0.06150   0.00692   0.02267   0.00000   0.00147   0.00984   0.00956   0.00076   0.00599   0.00586   0.00607   0.00332   0.00694   0.00687   0.00412   0.00467   0.00603   0.00821   0.00485   0.01313   0.01022   0.00369   0.00324   0.00710   0.01974   0.01672   0.02476   0.03058   0.09948   0.01397   0.00897   0.00836   0.02494   0.00207   0.00599   0.01980   0.01502   0.00300   0.00890   0.00701   0.00383   0.00247   4.36799   0.51149   1.42079   1.27969   0.32175   0.41010  
 94 31.9121  12847.205188  x:  0.26810   0.02448   0.27228   0.06114   0.13405   0.06580   0.05522   0.06633   0.09019   0.02711   0.02209   0.01094   0.10449   0.09476   0.14987   0.09383   0.00294   0.00508   0.05939   0.02839   0.00977   0.00722   0.04842   0.04927   0.05655   0.06153   0.00689   0.02267   0.00000   0.00144   0.00982   0.00955   0.00075   0.00597   0.00585   0.00606   0.00328   0.00693   0.00687   0.00408   0.00464   0.00602   0.00820   0.00484   0.01312   0.01015   0.00364   0.00315   0.00708   0.01980   0.01675   0.02485   0.03072   0.09724   0.01395   0.00894   0.00832   0.02496   0.00201   0.00599   0.01975   0.01504   0.00293   0.00888   0.00699   0.00384   0.00245   4.37991   0.51038   1.42399   1.28627   0.32091   0.37858  
 95 244.6213  12845.822780  x:  0.26884   0.02289   0.27697   0.06391   0.13510   0.06581   0.05479   0.06885   0.08663   0.02747   0.02205   0.01099   0.10414   0.09786   0.15158   0.09704   0.00299   0.00501   0.06024   0.02930   0.00964   0.00720   0.04943   0.05017   0.05717   0.06270   0.00688   0.02265   0.00000   0.00119   0.00964   0.00951   0.00068   0.00579   0.00584   0.00602   0.00297   0.00686   0.00682   0.00375   0.00447   0.00599   0.00797   0.00475   0.01298   0.00969   0.00334   0.00236   0.00690   0.02019   0.01702   0.02398   0.03179   0.09642   0.01378   0.00872   0.00820   0.02535   0.00155   0.00599   0.01951   0.01512   0.00238   0.00875   0.00681   0.00387   0.00229   4.49190   0.49841   1.45294   1.33310   0.31529   0.70410  
 96  3.3565  12845.159655  x:  0.26872   0.02433   0.27935   0.06317   0.13404   0.06587   0.05545   0.06700   0.09124   0.02687   0.02206   0.01150   0.10408   0.09722   0.14962   0.09571   0.00317   0.00562   0.05977   0.02831   0.00960   0.00718   0.04926   0.04970   0.05722   0.06241   0.00707   0.02270   0.00000   0.00112   0.00980   0.00954   0.00057   0.00586   0.00603   0.00589   0.00316   0.00719   0.00700   0.00343   0.00484   0.00600   0.00804   0.00464   0.01316   0.00998   0.00345   0.00223   0.00726   0.01986   0.01669   0.02427   0.03190   0.09861   0.01386   0.00886   0.00839   0.02504   0.00153   0.00600   0.01977   0.01523   0.00122   0.00897   0.00741   0.00395   0.00201   4.62030   0.49103   1.49295   1.35967   0.31779   0.70206  
 97  0.1250  12845.029630  x:  0.26870   0.02471   0.27927   0.06260   0.13371   0.06587   0.05571   0.06638   0.09146   0.02675   0.02205   0.01160   0.10423   0.09678   0.14914   0.09537   0.00327   0.00578   0.05960   0.02802   0.00962   0.00718   0.04908   0.04952   0.05704   0.06224   0.00712   0.02270   0.00000   0.00107   0.00986   0.00954   0.00073   0.00592   0.00604   0.00588   0.00329   0.00727   0.00712   0.00343   0.00482   0.00601   0.00805   0.00465   0.01322   0.01007   0.00351   0.00224   0.00738   0.01973   0.01661   0.02427   0.03187   0.09877   0.01393   0.00891   0.00848   0.02502   0.00115   0.00601   0.01984   0.01524   0.00166   0.00896   0.00751   0.00400   0.00197   4.64985   0.49219   1.50576   1.36890   0.31882   0.70603  
 98  0.0712  12844.908917  x:  0.26884   0.02481   0.27801   0.06176   0.13348   0.06583   0.05579   0.06589   0.08981   0.02680   0.02205   0.01161   0.10455   0.09614   0.14910   0.09531   0.00352   0.00588   0.05946   0.02783   0.00969   0.00722   0.04872   0.04934   0.05668   0.06199   0.00714   0.02268   0.00000   0.00117   0.00987   0.00955   0.00081   0.00599   0.00598   0.00595   0.00359   0.00734   0.00724   0.00370   0.00470   0.00597   0.00810   0.00473   0.01323   0.01019   0.00361   0.00256   0.00743   0.01964   0.01665   0.02411   0.03173   0.09817   0.01404   0.00906   0.00861   0.02508   0.00130   0.00601   0.01983   0.01525   0.00134   0.00902   0.00736   0.00414   0.00197   4.67658   0.49712   1.52339   1.38389   0.31969   0.72376  
 99  0.0391  12844.850683  x:  0.26921   0.02452   0.27656   0.06183   0.13373   0.06586   0.05558   0.06617   0.08978   0.02692   0.02207   0.01140   0.10440   0.09600   0.14946   0.09535   0.00367   0.00564   0.05953   0.02799   0.00969   0.00721   0.04871   0.04939   0.05664   0.06199   0.00709   0.02267   0.00000   0.00114   0.00982   0.00955   0.00090   0.00597   0.00594   0.00598   0.00358   0.00717   0.00714   0.00370   0.00468   0.00601   0.00811   0.00475   0.01312   0.01010   0.00361   0.00236   0.00726   0.01972   0.01670   0.02407   0.03167   0.09809   0.01393   0.00899   0.00850   0.02502   0.00113   0.00601   0.01978   0.01517   0.00111   0.00900   0.00720   0.00419   0.00191   4.68753   0.49606   1.53217   1.39026   0.31887   0.72510  
100  0.0118  12844.821546  x:  0.26930   0.02455   0.27585   0.06211   0.13394   0.06589   0.05565   0.06659   0.09003   0.02694   0.02209   0.01130   0.10419   0.09621   0.14958   0.09560   0.00372   0.00553   0.05962   0.02813   0.00965   0.00719   0.04883   0.04946   0.05670   0.06210   0.00707   0.02268   0.00000   0.00120   0.00982   0.00955   0.00101   0.00593   0.00597   0.00597   0.00364   0.00711   0.00709   0.00349   0.00476   0.00602   0.00805   0.00470   0.01313   0.01003   0.00362   0.00246   0.00719   0.01978   0.01669   0.02412   0.03179   0.09810   0.01389   0.00889   0.00842   0.02503   0.00117   0.00600   0.01974   0.01519   0.00122   0.00893   0.00724   0.00419   0.00191   4.66835   0.49622   1.53012   1.39033   0.31814   0.72598  
101  0.0146  12844.802853  x:  0.26915   0.02466   0.27620   0.06215   0.13382   0.06591   0.05579   0.06649   0.09022   0.02685   0.02206   0.01139   0.10419   0.09636   0.14930   0.09558   0.00374   0.00553   0.05958   0.02805   0.00964   0.00719   0.04886   0.04940   0.05675   0.06211   0.00707   0.02268   0.00000   0.00125   0.00983   0.00954   0.00111   0.00591   0.00599   0.00592   0.00363   0.00712   0.00709   0.00370   0.00474   0.00600   0.00805   0.00470   0.01319   0.01006   0.00362   0.00234   0.00724   0.01975   0.01660   0.02417   0.03185   0.09827   0.01394   0.00891   0.00849   0.02508   0.00120   0.00601   0.01976   0.01524   0.00118   0.00897   0.00730   0.00415   0.00186   4.65601   0.49802   1.52678   1.38982   0.31845   0.72313  
102  0.0083  12844.795718  x:  0.26905   0.02467   0.27674   0.06208   0.13373   0.06589   0.05574   0.06635   0.09009   0.02685   0.02206   0.01144   0.10432   0.09628   0.14921   0.09546   0.00374   0.00562   0.05956   0.02799   0.00966   0.00720   0.04879   0.04936   0.05678   0.06209   0.00708   0.02268   0.00000   0.00127   0.00984   0.00954   0.00117   0.00595   0.00597   0.00594   0.00364   0.00717   0.00712   0.00357   0.00471   0.00598   0.00806   0.00471   0.01317   0.01007   0.00356   0.00235   0.00728   0.01973   0.01663   0.02413   0.03181   0.09824   0.01395   0.00895   0.00850   0.02506   0.00119   0.00601   0.01977   0.01524   0.00112   0.00899   0.00726   0.00412   0.00186   4.65716   0.49730   1.52364   1.38652   0.31881   0.72180  
103  0.0041  12844.794248  x:  0.26903   0.02462   0.27696   0.06210   0.13377   0.06589   0.05571   0.06637   0.09002   0.02689   0.02207   0.01142   0.10434   0.09626   0.14939   0.09547   0.00373   0.00564   0.05958   0.02802   0.00966   0.00720   0.04879   0.04940   0.05677   0.06209   0.00708   0.02268   0.00000   0.00128   0.00982   0.00954   0.00119   0.00595   0.00597   0.00595   0.00360   0.00718   0.00713   0.00358   0.00473   0.00600   0.00807   0.00471   0.01315   0.01007   0.00359   0.00234   0.00727   0.01974   0.01667   0.02413   0.03180   0.09816   0.01393   0.00895   0.00849   0.02506   0.00118   0.00600   0.01977   0.01521   0.00115   0.00897   0.00727   0.00411   0.00189   4.65682   0.49630   1.52051   1.38268   0.31873   0.72073  
104  0.0040  12844.793747  x:  0.26903   0.02461   0.27700   0.06209   0.13379   0.06588   0.05572   0.06637   0.09006   0.02688   0.02207   0.01142   0.10431   0.09630   0.14943   0.09550   0.00370   0.00562   0.05960   0.02803   0.00966   0.00720   0.04883   0.04942   0.05675   0.06208   0.00708   0.02268   0.00000   0.00129   0.00983   0.00955   0.00119   0.00594   0.00597   0.00594   0.00359   0.00717   0.00713   0.00360   0.00473   0.00600   0.00807   0.00470   0.01316   0.01008   0.00357   0.00236   0.00726   0.01973   0.01667   0.02415   0.03180   0.09816   0.01393   0.00894   0.00848   0.02506   0.00118   0.00600   0.01977   0.01520   0.00114   0.00898   0.00728   0.00411   0.00190   4.65835   0.49630   1.52002   1.38179   0.31870   0.72038  
105  0.0010  12844.793580  x:  0.26904   0.02463   0.27695   0.06208   0.13378   0.06589   0.05574   0.06637   0.09006   0.02688   0.02207   0.01142   0.10432   0.09629   0.14938   0.09549   0.00368   0.00562   0.05958   0.02803   0.00966   0.00720   0.04882   0.04941   0.05675   0.06208   0.00708   0.02268   0.00000   0.00130   0.00983   0.00955   0.00119   0.00595   0.00597   0.00594   0.00357   0.00717   0.00712   0.00359   0.00472   0.00599   0.00807   0.00471   0.01316   0.01007   0.00359   0.00237   0.00727   0.01973   0.01666   0.02414   0.03181   0.09817   0.01393   0.00894   0.00848   0.02506   0.00118   0.00601   0.01977   0.01521   0.00114   0.00898   0.00727   0.00411   0.00190   4.65898   0.49637   1.52082   1.38242   0.31873   0.72030  
106  0.0008  12844.793537  x:  0.26905   0.02463   0.27690   0.06209   0.13378   0.06589   0.05573   0.06637   0.09005   0.02688   0.02207   0.01142   0.10432   0.09628   0.14936   0.09548   0.00367   0.00562   0.05958   0.02802   0.00966   0.00720   0.04881   0.04941   0.05676   0.06209   0.00708   0.02268   0.00000   0.00130   0.00983   0.00954   0.00119   0.00595   0.00597   0.00594   0.00357   0.00717   0.00713   0.00359   0.00473   0.00599   0.00807   0.00471   0.01316   0.01007   0.00358   0.00236   0.00727   0.01974   0.01666   0.02413   0.03181   0.09817   0.01393   0.00895   0.00848   0.02506   0.00118   0.00600   0.01977   0.01522   0.00114   0.00898   0.00727   0.00412   0.00190   4.65870   0.49642   1.52137   1.38313   0.31873   0.72032  
107  0.0007  12844.793522  x:  0.26905   0.02463   0.27689   0.06210   0.13378   0.06588   0.05573   0.06637   0.09005   0.02688   0.02207   0.01142   0.10432   0.09628   0.14938   0.09549   0.00367   0.00563   0.05958   0.02803   0.00966   0.00720   0.04881   0.04941   0.05676   0.06209   0.00708   0.02268   0.00000   0.00130   0.00983   0.00954   0.00119   0.00594   0.00597   0.00594   0.00357   0.00717   0.00713   0.00359   0.00472   0.00600   0.00807   0.00471   0.01316   0.01007   0.00358   0.00236   0.00726   0.01974   0.01666   0.02414   0.03181   0.09817   0.01394   0.00894   0.00848   0.02506   0.00118   0.00600   0.01977   0.01521   0.00114   0.00898   0.00727   0.00412   0.00190   4.65855   0.49651   1.52154   1.38354   0.31871   0.72044  
108  0.0003  12844.793510  x:  0.26904   0.02463   0.27690   0.06208   0.13378   0.06589   0.05573   0.06637   0.09005   0.02688   0.02207   0.01142   0.10432   0.09628   0.14938   0.09549   0.00367   0.00563   0.05958   0.02803   0.00966   0.00720   0.04882   0.04941   0.05675   0.06208   0.00708   0.02268   0.00000   0.00130   0.00983   0.00955   0.00119   0.00595   0.00597   0.00594   0.00357   0.00717   0.00713   0.00359   0.00472   0.00599   0.00807   0.00471   0.01316   0.01007   0.00358   0.00236   0.00727   0.01974   0.01666   0.02414   0.03181   0.09817   0.01393   0.00894   0.00848   0.02506   0.00118   0.00600   0.01977   0.01521   0.00114   0.00898   0.00727   0.00413   0.00190   4.65877   0.49645   1.52137   1.38329   0.31872   0.72054  
109  0.0001  12844.793504  x:  0.26904   0.02463   0.27691   0.06209   0.13378   0.06588   0.05573   0.06637   0.09005   0.02688   0.02207   0.01142   0.10432   0.09628   0.14938   0.09548   0.00367   0.00562   0.05958   0.02803   0.00966   0.00720   0.04881   0.04941   0.05676   0.06208   0.00708   0.02268   0.00000   0.00130   0.00983   0.00954   0.00119   0.00595   0.00597   0.00594   0.00357   0.00717   0.00713   0.00359   0.00473   0.00600   0.00807   0.00471   0.01316   0.01007   0.00358   0.00236   0.00727   0.01974   0.01666   0.02414   0.03181   0.09817   0.01394   0.00895   0.00848   0.02506   0.00118   0.00600   0.01977   0.01521   0.00114   0.00898   0.00727   0.00413   0.00190   4.65877   0.49645   1.52127   1.38314   0.31871   0.72056  
110  0.0001  12844.793502  x:  0.26905   0.02463   0.27691   0.06209   0.13378   0.06588   0.05573   0.06637   0.09005   0.02688   0.02207   0.01142   0.10432   0.09628   0.14938   0.09548   0.00367   0.00562   0.05958   0.02803   0.00966   0.00720   0.04881   0.04941   0.05676   0.06209   0.00708   0.02268   0.00000   0.00130   0.00983   0.00954   0.00119   0.00595   0.00597   0.00594   0.00357   0.00717   0.00713   0.00359   0.00472   0.00600   0.00807   0.00471   0.01316   0.01007   0.00358   0.00236   0.00727   0.01974   0.01666   0.02414   0.03181   0.09817   0.01393   0.00894   0.00848   0.02506   0.00117   0.00600   0.01977   0.01522   0.00114   0.00898   0.00727   0.00412   0.00190   4.65861   0.49645   1.52130   1.38317   0.31871   0.72049  
111  0.0001  12844.793502  x:  0.26905   0.02463   0.27691   0.06209   0.13378   0.06588   0.05573   0.06637   0.09005   0.02688   0.02207   0.01142   0.10432   0.09628   0.14938   0.09549   0.00367   0.00563   0.05958   0.02803   0.00966   0.00720   0.04881   0.04941   0.05676   0.06209   0.00708   0.02268   0.00000   0.00131   0.00983   0.00954   0.00119   0.00595   0.00597   0.00594   0.00357   0.00717   0.00713   0.00359   0.00472   0.00600   0.00807   0.00471   0.01316   0.01007   0.00358   0.00236   0.00727   0.01974   0.01666   0.02414   0.03181   0.09817   0.01393   0.00894   0.00848   0.02506   0.00117   0.00600   0.01977   0.01521   0.00114   0.00898   0.00727   0.00412   0.00190   4.65861   0.49646   1.52135   1.38322   0.31872   0.72047  
112  0.0000  12844.793501  x:  0.26905   0.02463   0.27691   0.06209   0.13378   0.06588   0.05573   0.06637   0.09005   0.02688   0.02207   0.01142   0.10432   0.09628   0.14938   0.09549   0.00367   0.00563   0.05958   0.02803   0.00966   0.00720   0.04881   0.04941   0.05676   0.06209   0.00708   0.02268   0.00000   0.00131   0.00983   0.00954   0.00119   0.00595   0.00597   0.00594   0.00357   0.00717   0.00713   0.00359   0.00472   0.00600   0.00807   0.00471   0.01316   0.01007   0.00358   0.00236   0.00727   0.01974   0.01666   0.02414   0.03181   0.09817   0.01393   0.00894   0.00848   0.02506   0.00117   0.00600   0.01977   0.01521   0.00114   0.00898   0.00727   0.00412   0.00190   4.65867   0.49646   1.52135   1.38323   0.31871   0.72047  
113  0.0000  12844.793501  x:  0.26905   0.02463   0.27691   0.06209   0.13378   0.06588   0.05573   0.06637   0.09005   0.02688   0.02207   0.01142   0.10432   0.09628   0.14938   0.09549   0.00367   0.00563   0.05958   0.02803   0.00966   0.00720   0.04881   0.04941   0.05676   0.06209   0.00708   0.02268   0.00000   0.00131   0.00983   0.00954   0.00119   0.00595   0.00597   0.00594   0.00357   0.00717   0.00713   0.00359   0.00472   0.00600   0.00807   0.00471   0.01316   0.01007   0.00358   0.00236   0.00727   0.01974   0.01666   0.02414   0.03181   0.09817   0.01393   0.00894   0.00848   0.02506   0.00117   0.00600   0.01977   0.01521   0.00114   0.00898   0.00727   0.00412   0.00190   4.65868   0.49646   1.52134   1.38322   0.31871   0.72047  
114  0.0000  12844.793501  x:  0.26905   0.02463   0.27691   0.06209   0.13378   0.06588   0.05573   0.06637   0.09005   0.02688   0.02207   0.01142   0.10432   0.09628   0.14938   0.09549   0.00367   0.00563   0.05958   0.02803   0.00966   0.00720   0.04881   0.04941   0.05676   0.06209   0.00708   0.02268   0.00000   0.00131   0.00983   0.00954   0.00119   0.00595   0.00597   0.00594   0.00357   0.00717   0.00713   0.00359   0.00472   0.00600   0.00807   0.00471   0.01316   0.01007   0.00358   0.00236   0.00727   0.01974   0.01666   0.02414   0.03181   0.09817   0.01393   0.00894   0.00848   0.02506   0.00117   0.00600   0.01977   0.01521   0.00114   0.00898   0.00727   0.00412   0.00190   4.65867   0.49646   1.52134   1.38323   0.31871   0.72047  
115  0.0000  12844.793501  x:  0.26905   0.02463   0.27691   0.06209   0.13378   0.06588   0.05573   0.06637   0.09005   0.02688   0.02207   0.01142   0.10432   0.09628   0.14938   0.09549   0.00367   0.00563   0.05958   0.02803   0.00966   0.00720   0.04881   0.04941   0.05676   0.06209   0.00708   0.02268   0.00000   0.00131   0.00983   0.00954   0.00119   0.00595   0.00597   0.00594   0.00357   0.00717   0.00713   0.00359   0.00472   0.00600   0.00807   0.00471   0.01316   0.01007   0.00358   0.00236   0.00727   0.01974   0.01666   0.02414   0.03181   0.09817   0.01393   0.00894   0.00848   0.02506   0.00117   0.00600   0.01977   0.01521   0.00114   0.00898   0.00727   0.00412   0.00190   4.65867   0.49646   1.52134   1.38322   0.31871   0.72047  