Supplemental results for CODEML (seqf: ../TAS1R1_DNA_alignment.fa  treef: TAS1R1_ML.raxml.bestTree)

I	J	ij	2Ns_IJ	pMut_IJ	pSub_IJ	2Ns_JI	pMut_JI	pSub_JI

TTC	TTT	CT	0.33062	0.08808	0.10344	-0.33062	0.12259	0.10344	0.10344	0.10344
TTA	TTT	AT	4.49417	0.00029	0.00134	-4.49417	0.02636	0.00134	0.00134	0.00134
TTA	TTC	AC	4.16354	0.00088	0.00374	-4.16354	0.05687	0.00374	0.00374	0.00374
TTG	TTT	GT	1.56146	0.00381	0.00753	-1.56146	0.01817	0.00753	0.00753	0.00753
TTG	TTC	GC	1.23084	0.01145	0.01990	-1.23084	0.03920	0.01990	0.01990	0.01990
TTG	TTA	GA	-2.93270	0.05071	0.00836	2.93270	0.00270	0.00836	0.00836	0.00836
TCT	TTT	CT	1.33292	0.03233	0.05852	-1.33292	0.12259	0.05852	0.05852	0.05852
TCC	TTC	CT	1.53590	0.05694	0.11144	-1.53590	0.26449	0.11144	0.11144	0.11144
TCC	TCT	CT	0.53360	0.05694	0.07347	-0.53360	0.09708	0.07347	0.07347	0.07347
TCA	TTA	CT	-1.03699	0.01132	0.00645	1.03699	0.00401	0.00645	0.00645	0.00645
TCA	TCT	AT	2.12425	0.00250	0.00602	-2.12425	0.02087	0.00602	0.00602	0.00602
TCA	TCC	AC	1.59065	0.00749	0.01497	-1.59065	0.03677	0.01497	0.01497	0.01497
TCG	TTG	CT	2.64309	0.00370	0.01052	-2.64309	0.05195	0.01052	0.01052	0.01052
TCG	TCT	GT	2.87163	0.00081	0.00248	-2.87163	0.01439	0.00248	0.00248	0.00248
TCG	TCC	GC	2.33803	0.00245	0.00633	-2.33803	0.02534	0.00633	0.00633	0.00633
TCG	TCA	GA	0.74738	0.01083	0.01538	-0.74738	0.02287	0.01538	0.01538	0.01538
TAT	TTT	AT	1.36104	0.00676	0.01237	-1.36104	0.02636	0.01237	0.01237	0.01237
TAT	TCT	AC	0.02812	0.02030	0.02058	-0.02812	0.02087	0.02058	0.02058	0.02058
TAC	TTC	AT	1.72305	0.01015	0.02130	-1.72305	0.05687	0.02130	0.02130	0.02130
TAC	TCC	AC	0.18714	0.03049	0.03343	-0.18714	0.03677	0.03343	0.03343	0.03343
TAC	TAT	CT	0.69263	0.04608	0.06387	-0.69263	0.09212	0.06387	0.06387	0.06387
TGT	TTT	GT	0.89111	0.00745	0.01126	-0.89111	0.01817	0.01126	0.01126	0.01126
TGT	TCT	GC	-0.44181	0.02238	0.01780	0.44181	0.01439	0.01780	0.01780	0.01780
TGT	TAT	GA	-0.46993	0.09913	0.07765	0.46993	0.06196	0.07765	0.07765	0.07765
TGC	TTC	GT	1.13652	0.01258	0.02105	-1.13652	0.03920	0.02105	0.02105	0.02105
TGC	TCC	GC	-0.39938	0.03777	0.03073	0.39938	0.02534	0.03073	0.03073	0.03073
TGC	TAC	GA	-0.58652	0.16733	0.12303	0.58652	0.09308	0.12303	0.12303	0.12303
TGC	TGT	CT	0.57604	0.05709	0.07511	-0.57604	0.10157	0.07511	0.07511	0.07511
TGG	TTG	GT	-0.40617	0.01156	0.00937	0.40617	0.00770	0.00937	0.00937	0.00937
TGG	TCG	GC	-3.04926	0.03470	0.00526	3.04926	0.00164	0.00526	0.00526	0.00526
TGG	TGT	GT	0.26418	0.01156	0.01315	-0.26418	0.01505	0.01315	0.01315	0.01315
TGG	TGC	GC	-0.31186	0.03470	0.02957	0.31186	0.02541	0.02957	0.02957	0.02957
CTT	TTT	CT	1.32807	0.03248	0.05870	-1.32807	0.12259	0.05870	0.05870	0.05870
CTC	TTC	CT	1.39566	0.06551	0.12152	-1.39566	0.26449	0.12152	0.12152	0.12152
CTC	CTT	CT	0.39822	0.06551	0.07941	-0.39822	0.09755	0.07941	0.07941	0.07941
CTA	TTA	CT	-1.44246	0.01699	0.00758	1.44246	0.00401	0.00758	0.00758	0.00758
CTA	CTT	AT	1.72364	0.00374	0.00785	-1.72364	0.02098	0.00785	0.00785	0.00785
CTA	CTC	AC	1.32543	0.01124	0.02029	-1.32543	0.04230	0.02029	0.02029	0.02029
CTG	TTG	CT	-1.03992	0.14698	0.08357	1.03992	0.05195	0.08357	0.08357	0.08357
CTG	CTT	GT	-0.80653	0.03238	0.02106	0.80653	0.01446	0.02106	0.02106	0.02106
CTG	CTC	GC	-1.20474	0.09725	0.05015	1.20474	0.02915	0.05015	0.05015	0.05015
CTG	CTA	GA	-2.53017	0.43077	0.09432	2.53017	0.03431	0.09432	0.09432	0.09432
CCT	TCT	CT	0.93405	0.03815	0.05870	-0.93405	0.09708	0.05870	0.05870	0.05870
CCT	CTT	CT	0.93891	0.03815	0.05882	-0.93891	0.09755	0.05882	0.05882	0.05882
CCC	TCC	CT	1.27752	0.04766	0.08441	-1.27752	0.17098	0.08441	0.08441	0.08441
CCC	CTC	CT	1.41776	0.04766	0.08917	-1.41776	0.19672	0.08917	0.08917	0.08917
CCC	CCT	CT	0.87707	0.04766	0.07157	-0.87707	0.11456	0.07157	0.07157	0.07157
CCA	TCA	CT	0.66674	0.01746	0.02392	-0.66674	0.03401	0.02392	0.02392	0.02392
CCA	CTA	CT	1.07221	0.01746	0.02846	-1.07221	0.05101	0.02846	0.02846	0.02846
CCA	CCT	AT	1.85695	0.00385	0.00846	-1.85695	0.02463	0.00846	0.00846	0.00846
CCA	CCC	AC	0.97987	0.01155	0.01812	-0.97987	0.03077	0.01812	0.01812	0.01812
CCG	TCG	CT	1.07856	0.00377	0.00617	-1.07856	0.01110	0.00617	0.00617	0.00617
CCG	CTG	CT	4.76157	0.00377	0.01813	-4.76157	0.44138	0.01813	0.01813	0.01813
CCG	CCT	GT	3.01613	0.00083	0.00264	-3.01613	0.01698	0.00264	0.00264	0.00264
CCG	CCC	GC	2.13906	0.00250	0.00606	-2.13906	0.02121	0.00606	0.00606	0.00606
CCG	CCA	GA	1.15919	0.01106	0.01869	-1.15919	0.03526	0.01869	0.01869	0.01869
CAT	TAT	CT	1.57269	0.01911	0.03793	-1.57269	0.09212	0.03793	0.03793	0.03793
CAT	CTT	AT	1.60567	0.00421	0.00846	-1.60567	0.02098	0.00846	0.00846	0.00846
CAT	CCT	AC	0.66676	0.01265	0.01733	-0.66676	0.02463	0.01733	0.01733	0.01733
CAC	TAC	CT	1.06605	0.04766	0.07749	-1.06605	0.13839	0.07749	0.07749	0.07749
CAC	CTC	AT	1.39343	0.01050	0.01946	-1.39343	0.04230	0.01946	0.01946	0.01946
CAC	CCC	AC	-0.02433	0.03153	0.03115	0.02433	0.03077	0.03115	0.03115	0.03115
CAC	CAT	CT	0.18598	0.04766	0.05222	-0.18598	0.05740	0.05222	0.05222	0.05222
CAA	CTA	AT	1.33257	0.00289	0.00524	-1.33257	0.01097	0.00524	0.00524	0.00524
CAA	CCA	AC	0.26036	0.00869	0.00987	-0.26036	0.01127	0.00987	0.00987	0.00987
CAA	CAT	AT	1.45054	0.00289	0.00548	-1.45054	0.01234	0.00548	0.00548	0.00548
CAA	CAC	AC	1.26456	0.00869	0.01531	-1.26456	0.03077	0.01531	0.01531	0.01531
CAG	CTG	AT	1.60993	0.01897	0.03818	-1.60993	0.09491	0.03818	0.03818	0.03818
CAG	CCG	AC	-3.15164	0.05697	0.00803	3.15164	0.00244	0.00803	0.00803	0.00803
CAG	CAT	GT	-0.80226	0.01897	0.01237	0.80226	0.00851	0.01237	0.01237	0.01237
CAG	CAC	GC	-0.98825	0.05697	0.03338	0.98825	0.02121	0.03338	0.03338	0.03338
CAG	CAA	GA	-2.25281	0.25238	0.06678	2.25281	0.02653	0.06678	0.06678	0.06678
CGT	TGT	CT	3.23157	0.00401	0.01350	-3.23157	0.10157	0.01350	0.01350	0.01350
CGT	CTT	GT	2.79461	0.00088	0.00263	-2.79461	0.01446	0.00263	0.00263	0.00263
CGT	CCT	GC	1.85571	0.00265	0.00584	-1.85571	0.01698	0.00584	0.00584	0.00584
CGT	CAT	GA	1.18895	0.01176	0.02010	-1.18895	0.03860	0.02010	0.02010	0.02010
CGC	TGC	CT	1.77908	0.02894	0.06194	-1.77908	0.17145	0.06194	0.06194	0.06194
CGC	CTC	GT	1.51994	0.00638	0.01240	-1.51994	0.02915	0.01240	0.01240	0.01240
CGC	CCC	GC	0.10218	0.01915	0.02014	-0.10218	0.02121	0.02014	0.02014	0.02014
CGC	CAC	GA	0.12651	0.08482	0.09029	-0.12651	0.09625	0.09029	0.09029	0.09029
CGC	CGT	CT	-0.87645	0.02894	0.01809	0.87645	0.01205	0.01809	0.01809	0.01809
CGA	CTA	GT	1.84416	0.00120	0.00262	-1.84416	0.00756	0.00262	0.00262	0.00262
CGA	CCA	GC	0.77195	0.00359	0.00515	-0.77195	0.00777	0.00515	0.00515	0.00515
CGA	CAA	GA	0.51160	0.01590	0.02032	-0.51160	0.02653	0.02032	0.02032	0.02032
CGA	CGT	AT	0.77319	0.00120	0.00172	-0.77319	0.00259	0.00172	0.00172	0.00172
CGA	CGC	AC	1.64965	0.00359	0.00733	-1.64965	0.01869	0.00733	0.00733	0.00733
CGG	TGG	CT	2.40390	0.01423	0.03762	-2.40390	0.15752	0.03762	0.03762	0.03762
CGG	CTG	GT	3.03765	0.00314	0.01001	-3.03765	0.06541	0.01001	0.01001	0.01001
CGG	CCG	GC	-1.72391	0.00942	0.00352	1.72391	0.00168	0.00352	0.00352	0.00352
CGG	CAG	GA	1.42772	0.04172	0.07835	-1.42772	0.17393	0.07835	0.07835	0.07835
CGG	CGT	GT	-0.56349	0.00314	0.00234	0.56349	0.00179	0.00234	0.00234	0.00234
CGG	CGC	GC	0.31297	0.00942	0.01097	-0.31297	0.01288	0.01097	0.01097	0.01097
CGG	CGA	GA	-1.33668	0.04172	0.01987	1.33668	0.01096	0.01987	0.01987	0.01987
ATT	TTT	AT	1.93811	0.00380	0.00859	-1.93811	0.02636	0.00859	0.00859	0.00859
ATT	CTT	AC	0.61005	0.01140	0.01522	-0.61005	0.02098	0.01522	0.01522	0.01522
ATC	TTC	AT	1.53959	0.01220	0.02391	-1.53959	0.05687	0.02391	0.02391	0.02391
ATC	CTC	AC	0.14393	0.03663	0.03933	-0.14393	0.04230	0.03933	0.03933	0.03933
ATC	ATT	CT	-0.06790	0.05536	0.05350	0.06790	0.05173	0.05350	0.05350	0.05350
ATA	TTA	AT	-1.20950	0.00289	0.00149	1.20950	0.00086	0.00149	0.00149	0.00149
ATA	CTA	AC	0.23296	0.00869	0.00974	-0.23296	0.01097	0.00974	0.00974	0.00974
ATA	ATT	AT	1.34655	0.00289	0.00527	-1.34655	0.01112	0.00527	0.00527	0.00527
ATA	ATC	AC	1.41446	0.00869	0.01624	-1.41446	0.03575	0.01624	0.01624	0.01624
ATG	TTG	AT	0.26032	0.00861	0.00978	-0.26032	0.01117	0.00978	0.00978	0.00978
ATG	CTG	AC	1.30024	0.02586	0.04622	-1.30024	0.09491	0.04622	0.04622	0.04622
ATG	ATT	GT	-0.11633	0.00861	0.00812	0.11633	0.00767	0.00812	0.00812	0.00812
ATG	ATC	GC	-0.04843	0.02586	0.02524	0.04843	0.02464	0.02524	0.02524	0.02524
ATG	ATA	GA	-1.46289	0.11455	0.05050	1.46289	0.02653	0.05050	0.05050	0.05050
ACT	TCT	AT	1.25033	0.00598	0.01048	-1.25033	0.02087	0.01048	0.01048	0.01048
ACT	CCT	AC	0.31628	0.01795	0.02094	-0.31628	0.02463	0.02094	0.02094	0.02094
ACT	ATT	CT	0.64514	0.02714	0.03682	-0.64514	0.05173	0.03682	0.03682	0.03682
ACC	TCC	AT	1.07528	0.01254	0.02047	-1.07528	0.03677	0.02047	0.02047	0.02047
ACC	CCC	AC	-0.20224	0.03767	0.03399	0.20224	0.03077	0.03399	0.03399	0.03399
ACC	ATC	CT	1.07160	0.05694	0.09279	-1.07160	0.16625	0.09279	0.09279	0.09279
ACC	ACT	CT	0.35856	0.05694	0.06775	-0.35856	0.08149	0.06775	0.06775	0.06775
ACA	TCA	AT	0.34800	0.00516	0.00611	-0.34800	0.00731	0.00611	0.00611	0.00611
ACA	CCA	AC	-0.31874	0.01551	0.01317	0.31874	0.01127	0.01317	0.01317	0.01317
ACA	ATA	CT	0.52051	0.02343	0.03006	-0.52051	0.03944	0.03006	0.03006	0.03006
ACA	ACT	AT	1.22193	0.00516	0.00894	-1.22193	0.01752	0.00894	0.00894	0.00894
ACA	ACC	AC	0.86337	0.01551	0.02315	-0.86337	0.03677	0.02315	0.02315	0.02315
ACG	TCG	AT	-0.87971	0.00575	0.00359	0.87971	0.00239	0.00359	0.00359	0.00359
ACG	CCG	AC	-1.95826	0.01727	0.00556	1.95826	0.00244	0.00556	0.00556	0.00556
ACG	ATG	CT	1.50306	0.02611	0.05047	-1.50306	0.11737	0.05047	0.05047	0.05047
ACG	ACT	GT	0.74159	0.00575	0.00815	-0.74159	0.01208	0.00815	0.00815	0.00815
ACG	ACC	GC	0.38304	0.01727	0.02079	-0.38304	0.02534	0.02079	0.02079	0.02079
ACG	ACA	GA	-0.48033	0.07652	0.05961	0.48033	0.04733	0.05961	0.05961	0.05961
AAT	TAT	AT	1.33765	0.00520	0.00943	-1.33765	0.01981	0.00943	0.00943	0.00943
AAT	CAT	AC	-0.23505	0.01561	0.01385	0.23505	0.01234	0.01385	0.01385	0.01385
AAT	ATT	AT	0.76057	0.00520	0.00742	-0.76057	0.01112	0.00742	0.00742	0.00742
AAT	ACT	AC	0.11543	0.01561	0.01653	-0.11543	0.01752	0.01653	0.01653	0.01653
AAC	TAC	AT	0.96702	0.01131	0.01765	-0.96702	0.02976	0.01765	0.01765	0.01765
AAC	CAC	AC	-0.09903	0.03398	0.03232	0.09903	0.03077	0.03232	0.03232	0.03232
AAC	ATC	AT	1.15048	0.01131	0.01904	-1.15048	0.03575	0.01904	0.01904	0.01904
AAC	ACC	AC	0.07889	0.03398	0.03533	-0.07889	0.03677	0.03533	0.03533	0.03533
AAC	AAT	CT	0.32201	0.05135	0.06006	-0.32201	0.07086	0.06006	0.06006	0.06006
AAA	CAA	AC	0.17369	0.00713	0.00777	-0.17369	0.00848	0.00777	0.00777	0.00777
AAA	ATA	AT	1.27329	0.00237	0.00420	-1.27329	0.00848	0.00420	0.00420	0.00420
AAA	ACA	AC	0.75278	0.00713	0.01014	-0.75278	0.01513	0.01014	0.01014	0.01014
AAA	AAT	AT	1.85928	0.00237	0.00523	-1.85928	0.01524	0.00523	0.00523	0.00523
AAA	AAC	AC	1.53727	0.00713	0.01396	-1.53727	0.03316	0.01396	0.01396	0.01396
AAG	CAG	AC	0.41882	0.03658	0.04477	-0.41882	0.05560	0.04477	0.04477	0.04477
AAG	ATG	AT	0.72851	0.01218	0.01715	-0.72851	0.02524	0.01715	0.01715	0.01715
AAG	ACG	AC	-0.77455	0.03658	0.02422	0.77455	0.01686	0.02422	0.02422	0.02422
AAG	AAT	GT	-0.14839	0.01218	0.01130	0.14839	0.01050	0.01130	0.01130	0.01130
AAG	AAC	GC	-0.47040	0.03658	0.02865	0.47040	0.02285	0.02865	0.02865	0.02865
AAG	AAA	GA	-2.00767	0.16203	0.05047	2.00767	0.02176	0.05047	0.05047	0.05047
AGT	TGT	AT	1.64190	0.00423	0.00861	-1.64190	0.02184	0.00861	0.00861	0.00861
AGT	CGT	AC	-1.58967	0.01270	0.00517	1.58967	0.00259	0.00517	0.00517	0.00517
AGT	ATT	GT	0.59489	0.00423	0.00561	-0.59489	0.00767	0.00561	0.00561	0.00561
AGT	ACT	GC	-0.05024	0.01270	0.01238	0.05024	0.01208	0.01238	0.01238	0.01238
AGT	AAT	GA	-0.16568	0.05625	0.05172	0.16568	0.04766	0.05172	0.05172	0.05172
AGC	TGC	AT	0.93301	0.01450	0.02230	-0.93301	0.03687	0.02230	0.02230	0.02230
AGC	CGC	AC	-0.84607	0.04355	0.02769	0.84607	0.01869	0.02769	0.02769	0.02769
AGC	ATC	GT	0.52994	0.01450	0.01868	-0.52994	0.02464	0.01868	0.01868	0.01868
AGC	ACC	GC	-0.54165	0.04355	0.03282	0.54165	0.02534	0.03282	0.03282	0.03282
AGC	AAC	GA	-0.62054	0.19291	0.13921	0.62054	0.10372	0.13921	0.13921	0.13921
AGC	AGT	CT	-0.13285	0.06582	0.06155	0.13285	0.05763	0.06155	0.06155	0.06155
AGA	CGA	AC	-0.79417	0.00775	0.00508	0.79417	0.00350	0.00508	0.00508	0.00508
AGA	ATA	GT	0.81704	0.00258	0.00378	-0.81704	0.00584	0.00378	0.00378	0.00378
AGA	ACA	GC	0.29653	0.00775	0.00896	-0.29653	0.01043	0.00896	0.00896	0.00896
AGA	AAA	GA	-0.45626	0.03434	0.02710	0.45626	0.02176	0.02710	0.02710	0.02710
AGA	AGT	AT	1.56870	0.00258	0.00512	-1.56870	0.01239	0.00512	0.00512	0.00512
AGA	AGC	AC	1.70155	0.00775	0.01613	-1.70155	0.04250	0.01613	0.01613	0.01613
AGG	TGG	AT	1.55948	0.00712	0.01406	-1.55948	0.03387	0.01406	0.01406	0.01406
AGG	CGG	AC	-0.84442	0.02138	0.01361	0.84442	0.00919	0.01361	0.01361	0.01361
AGG	ATG	GT	0.89299	0.00712	0.01077	-0.89299	0.01739	0.01077	0.01077	0.01077
AGG	ACG	GC	-0.61008	0.02138	0.01552	0.61008	0.01162	0.01552	0.01552	0.01552
AGG	AAG	GA	0.16447	0.09473	0.10273	-0.16447	0.11166	0.10273	0.10273	0.10273
AGG	AGT	GT	0.18176	0.00712	0.00779	-0.18176	0.00854	0.00779	0.00779	0.00779
AGG	AGC	GC	0.31461	0.02138	0.02492	-0.31461	0.02929	0.02492	0.02492	0.02492
AGG	AGA	GA	-1.38694	0.09473	0.04376	1.38694	0.02367	0.04376	0.04376	0.04376
GTT	TTT	GT	1.36717	0.00463	0.00849	-1.36717	0.01817	0.00849	0.00849	0.00849
GTT	CTT	GC	0.03911	0.01390	0.01418	-0.03911	0.01446	0.01418	0.01418	0.01418
GTT	ATT	GA	-0.57094	0.06158	0.04566	0.57094	0.03479	0.04566	0.04566	0.04566
GTC	TTC	GT	1.71233	0.00707	0.01478	-1.71233	0.03920	0.01478	0.01478	0.01478
GTC	CTC	GC	0.31667	0.02124	0.02478	-0.31667	0.02915	0.02478	0.02478	0.02478
GTC	ATC	GA	0.17275	0.09408	0.10244	-0.17275	0.11182	0.10244	0.10244	0.10244
GTC	GTT	CT	0.67578	0.03210	0.04416	-0.67578	0.06310	0.04416	0.04416	0.04416
GTA	TTA	GT	-0.52471	0.00101	0.00076	0.52471	0.00059	0.00076	0.00076	0.00076
GTA	CTA	GC	0.91774	0.00302	0.00461	-0.91774	0.00756	0.00461	0.00461	0.00461
GTA	ATA	GA	0.68479	0.01337	0.01847	-0.68479	0.02653	0.01847	0.01847	0.01847
GTA	GTT	AT	2.60228	0.00101	0.00283	-2.60228	0.01357	0.00283	0.00283	0.00283
GTA	GTC	AC	1.92650	0.00302	0.00681	-1.92650	0.02073	0.00681	0.00681	0.00681
GTG	TTG	GT	-1.12788	0.02378	0.01284	1.12788	0.00770	0.01284	0.01284	0.01284
GTG	CTG	GC	-0.08796	0.07142	0.06833	0.08796	0.06541	0.06833	0.06833	0.06833
GTG	ATG	GA	-1.38820	0.31637	0.14602	1.38820	0.07894	0.14602	0.14602	0.14602
GTG	GTT	GT	-0.93359	0.02378	0.01438	0.93359	0.00935	0.01438	0.01438	0.01438
GTG	GTC	GC	-1.60938	0.07142	0.02874	1.60938	0.01428	0.02874	0.02874	0.02874
GTG	GTA	GA	-3.53587	0.31637	0.03357	3.53587	0.00922	0.03357	0.03357	0.03357
GCT	TCT	GT	0.58602	0.00801	0.01058	-0.58602	0.01439	0.01058	0.01058	0.01058
GCT	CCT	GC	-0.34803	0.02404	0.02010	0.34803	0.01698	0.02010	0.02010	0.02010
GCT	ACT	GA	-0.66431	0.10650	0.07502	0.66431	0.05481	0.07502	0.07502	0.07502
GCT	GTT	CT	0.55177	0.03634	0.04728	-0.55177	0.06310	0.04728	0.04728	0.04728
GCC	TCC	GT	0.11689	0.02254	0.02388	-0.11689	0.02534	0.02388	0.02388	0.02388
GCC	CCC	GC	-1.16063	0.06769	0.03584	1.16063	0.02121	0.03584	0.03584	0.03584
GCC	ACC	GA	-0.95839	0.29985	0.17877	0.95839	0.11500	0.17877	0.17877	0.17877
GCC	GTC	CT	-0.05954	0.10231	0.09930	0.05954	0.09640	0.09930	0.09930	0.09930
GCC	GCT	CT	0.06448	0.10231	0.10564	-0.06448	0.10913	0.10564	0.10564	0.10564
GCA	TCA	GT	-0.28820	0.00672	0.00580	0.28820	0.00504	0.00580	0.00580	0.00580
GCA	CCA	GC	-0.95495	0.02019	0.01206	0.95495	0.00777	0.01206	0.01206	0.01206
GCA	ACA	GA	-0.63620	0.08943	0.06398	0.63620	0.04733	0.06398	0.06398	0.06398
GCA	GTA	CT	-0.80048	0.03051	0.01991	0.80048	0.01370	0.01991	0.01991	0.01991
GCA	GCT	AT	1.25003	0.00672	0.01178	-1.25003	0.02347	0.01178	0.01178	0.01178
GCA	GCC	AC	1.18556	0.02019	0.03447	-1.18556	0.06607	0.03447	0.03447	0.03447
GCG	TCG	GT	-0.47074	0.00263	0.00206	0.47074	0.00164	0.00206	0.00206	0.00206
GCG	CCG	GC	-1.54930	0.00791	0.00330	1.54930	0.00168	0.00330	0.00330	0.00330
GCG	ACG	GA	0.40896	0.03503	0.04268	-0.40896	0.05273	0.04268	0.04268	0.04268
GCG	GTG	CT	3.30023	0.01195	0.04096	-3.30023	0.32416	0.04096	0.04096	0.04096
GCG	GCT	GT	1.81487	0.00263	0.00571	-1.81487	0.01617	0.00571	0.00571	0.00571
GCG	GCC	GC	1.75039	0.00791	0.01675	-1.75039	0.04553	0.01675	0.01675	0.01675
GCG	GCA	GA	0.56483	0.03503	0.04585	-0.56483	0.06163	0.04585	0.04585	0.04585
GAT	TAT	GT	1.70629	0.00248	0.00517	-1.70629	0.01365	0.00517	0.00517	0.00517
GAT	CAT	GC	0.13360	0.00744	0.00795	-0.13360	0.00851	0.00795	0.00795	0.00795
GAT	AAT	GA	0.36865	0.03297	0.03941	-0.36865	0.04766	0.03941	0.03941	0.03941
GAT	GTT	AT	1.70016	0.00248	0.00515	-1.70016	0.01357	0.00515	0.00515	0.00515
GAT	GCT	AC	1.14839	0.00744	0.01252	-1.14839	0.02347	0.01252	0.01252	0.01252
GAC	TAC	GT	0.49152	0.01254	0.01588	-0.49152	0.02051	0.01588	0.01588	0.01588
GAC	CAC	GC	-0.57453	0.03767	0.02788	0.57453	0.02121	0.02788	0.02788	0.02788
GAC	AAC	GA	-0.47550	0.16687	0.13033	0.47550	0.10372	0.13033	0.13033	0.13033
GAC	GTC	AT	0.50223	0.01254	0.01596	-0.50223	0.02073	0.01596	0.01596	0.01596
GAC	GCC	AC	0.56177	0.03767	0.04924	-0.56177	0.06607	0.04924	0.04924	0.04924
GAC	GAT	CT	-0.52214	0.05694	0.04336	0.52214	0.03378	0.04336	0.04336	0.04336
GAA	CAA	GC	-0.89175	0.01426	0.00883	0.89175	0.00584	0.00883	0.00883	0.00883
GAA	AAA	GA	-1.06544	0.06315	0.03537	1.06544	0.02176	0.03537	0.03537	0.03537
GAA	GTA	AT	-0.47693	0.00475	0.00370	0.47693	0.00295	0.00370	0.00370	0.00370
GAA	GCA	AC	0.32355	0.01426	0.01669	-0.32355	0.01970	0.01669	0.01669	0.01669
GAA	GAT	AT	0.42519	0.00475	0.00583	-0.42519	0.00726	0.00583	0.00583	0.00583
GAA	GAC	AC	0.94734	0.01426	0.02206	-0.94734	0.03677	0.02206	0.02206	0.02206
GAG	CAG	GC	-0.08522	0.04173	0.03998	0.08522	0.03832	0.03998	0.03998	0.03998
GAG	AAG	GA	-0.50404	0.18485	0.14216	0.50404	0.11166	0.14216	0.14216	0.14216
GAG	GTG	AT	1.61267	0.01390	0.02799	-1.61267	0.06970	0.02799	0.02799	0.02799
GAG	GCG	AC	-1.68756	0.04173	0.01598	1.68756	0.00772	0.01598	0.01598	0.01598
GAG	GAT	GT	-1.02108	0.01390	0.00799	1.02108	0.00501	0.00799	0.00799	0.00799
GAG	GAC	GC	-0.49894	0.04173	0.03218	0.49894	0.02534	0.03218	0.03218	0.03218
GAG	GAA	GA	-1.44627	0.18485	0.08233	1.44627	0.04352	0.08233	0.08233	0.08233
GGT	TGT	GT	1.32004	0.00402	0.00724	-1.32004	0.01505	0.00724	0.00724	0.00724
GGT	CGT	GC	-1.91153	0.01207	0.00400	1.91153	0.00179	0.00400	0.00400	0.00400
GGT	AGT	GA	-0.32186	0.05348	0.04534	0.32186	0.03876	0.04534	0.04534	0.04534
GGT	GTT	GT	0.84398	0.00402	0.00595	-0.84398	0.00935	0.00595	0.00595	0.00595
GGT	GCT	GC	0.29221	0.01207	0.01392	-0.29221	0.01617	0.01392	0.01392	0.01392
GGT	GAT	GA	-0.85618	0.05348	0.03381	0.85618	0.02272	0.03381	0.03381	0.03381
GGC	TGC	GT	0.48704	0.01561	0.01972	-0.48704	0.02541	0.01972	0.01972	0.01972
GGC	CGC	GC	-1.29204	0.04688	0.02294	1.29204	0.01288	0.02294	0.02294	0.02294
GGC	AGC	GA	-0.44597	0.20766	0.16479	0.44597	0.13295	0.16479	0.16479	0.16479
GGC	GTC	GT	-0.08877	0.01561	0.01493	0.08877	0.01428	0.01493	0.01493	0.01493
GGC	GCC	GC	-0.02923	0.04688	0.04620	0.02923	0.04553	0.04620	0.04620	0.04620
GGC	GAC	GA	-0.59100	0.20766	0.15231	0.59100	0.11500	0.15231	0.15231	0.15231
GGC	GGT	CT	-0.25697	0.07085	0.06214	0.25697	0.05480	0.06214	0.06214	0.06214
GGA	CGA	GC	-1.42520	0.01004	0.00453	1.42520	0.00241	0.00453	0.00453	0.00453
GGA	AGA	GA	-0.63103	0.04448	0.03191	0.63103	0.02367	0.03191	0.03191	0.03191
GGA	GTA	GT	-0.49878	0.00334	0.00258	0.49878	0.00203	0.00258	0.00258	0.00258
GGA	GCA	GC	0.30170	0.01004	0.01163	-0.30170	0.01358	0.01163	0.01163	0.01163
GGA	GAA	GA	-0.02185	0.04448	0.04400	0.02185	0.04352	0.04400	0.04400	0.04400
GGA	GGT	AT	1.25952	0.00334	0.00588	-1.25952	0.01178	0.00588	0.00588	0.00588
GGA	GGC	AC	1.51649	0.01004	0.01951	-1.51649	0.04575	0.01951	0.01951	0.01951
GGG	TGG	GT	0.65042	0.01218	0.01657	-0.65042	0.02334	0.01657	0.01657	0.01657
GGG	CGG	GC	-1.75348	0.03658	0.01343	1.75348	0.00633	0.01343	0.01343	0.01343
GGG	AGG	GA	-0.90905	0.16203	0.09939	0.90905	0.06528	0.09939	0.09939	0.09939
GGG	GTG	GT	1.37213	0.01218	0.02239	-1.37213	0.04804	0.02239	0.02239	0.02239
GGG	GCG	GC	-1.92809	0.03658	0.01200	1.92809	0.00532	0.01200	0.01200	0.01200
GGG	GAG	GA	-0.24054	0.16203	0.14332	0.24054	0.12739	0.14332	0.14332	0.14332
GGG	GGT	GT	-0.40543	0.01218	0.00988	0.40543	0.00812	0.00988	0.00988	0.00988
GGG	GGC	GC	-0.14847	0.03658	0.03393	0.14847	0.03153	0.03393	0.03393	0.03393
GGG	GGA	GA	-1.66496	0.16203	0.06295	1.66496	0.03066	0.06295	0.06295	0.06295


Histograms
2Ns	FMut	FSub(CodonUsage)	FSubw(after w)

-4.53483	0.02243	0.00117	0.00117
-4.08134	0.00273	0.00023	0.00023
-3.62786	0.01517	0.00202	0.00202
-3.17438	0.02876	0.00485	0.00485
-2.72090	0.02761	0.00730	0.00730
-2.26741	0.02288	0.00740	0.00740
-1.81393	0.06502	0.03013	0.03013
-1.36045	0.16896	0.09864	0.09864
-0.90697	0.10897	0.08286	0.08286
-0.45348	0.18785	0.18410	0.18410
0.00000	0.12960	0.16259	0.16259
0.45348	0.11682	0.18410	0.18410
0.90697	0.04295	0.08286	0.08286
1.36045	0.04269	0.09864	0.09864
1.81393	0.01136	0.03013	0.03013
2.26741	0.00231	0.00740	0.00740
2.72090	0.00208	0.00730	0.00730
3.17438	0.00115	0.00485	0.00485
3.62786	0.00044	0.00202	0.00202
4.08134	0.00004	0.00023	0.00023
4.53483	0.00020	0.00117	0.00117

Proportion of advantageous (S > 0) mutations:
 0.28127

Proportions of good & bad mutations (|S| > 2.0000) among mutations:
0.00727  0.12734

mean |Ns| = 1.13229	mean Ns+ = 0.69748	mean Ns- = -1.30246

