

TREE # 1

  0  0.0000  14456.796743  x:  0.41158   0.04114   0.13951   0.09806   0.00945   0.10619   0.00763   0.08411   0.04079   0.01038   0.02123   0.07476   0.06343   0.05968   0.02326   0.03309   0.00741   0.01588   0.00085   0.00137   0.01408   0.00905   0.00585   0.00800   0.00436   0.01079   0.00437   0.00893   0.00875   0.00725   0.01088   0.03011   0.03628   0.00269   0.02549   0.00770   0.02102   0.02058   0.03908   0.00830   0.06749   0.00140   0.00222   0.03228   0.00079   0.01934   0.01123   0.01757   0.03247   0.03038   0.00508   0.01294   0.01387   0.00238   0.00847   0.29711   0.08448   0.00000   0.15151   0.08603   0.04853   0.03260   0.10120   3.00000   0.55687   1.00921   0.44542   1.00000  
  1 99.0000  14438.654127  x:  0.41125   0.04399   0.14179   0.09927   0.01222   0.10616   0.01221   0.08416   0.04118   0.01256   0.02021   0.07515   0.06570   0.06084   0.02475   0.03302   0.00958   0.01673   0.00540   0.01210   0.01474   0.00793   0.00441   0.00743   0.00085   0.01159   0.00505   0.00858   0.00771   0.00723   0.01091   0.02978   0.03647   0.00483   0.02572   0.00799   0.02054   0.02104   0.04027   0.00985   0.06725   0.00041   0.00278   0.03347   0.00374   0.01952   0.01089   0.01759   0.03323   0.02976   0.00902   0.01159   0.01521   0.00243   0.00848   0.29724   0.08755   0.01278   0.15242   0.08669   0.04817   0.03386   0.10174   3.00103   0.55549   1.00941   0.44661   0.99439  
  2 2691.6765  14430.373782  x:  0.41059   0.04883   0.14609   0.10153   0.01592   0.10598   0.01755   0.08421   0.04175   0.01512   0.01844   0.07577   0.06984   0.06297   0.02726   0.03282   0.01173   0.01810   0.00360   0.01425   0.01534   0.00716   0.00265   0.00681   0.00339   0.01255   0.00518   0.00820   0.00661   0.00722   0.01096   0.02910   0.03672   0.00509   0.02606   0.00822   0.01974   0.02178   0.04235   0.01153   0.06681   0.01404   0.00231   0.03544   0.00159   0.01976   0.01043   0.01736   0.03442   0.02853   0.01167   0.00959   0.01700   0.00235   0.00849   0.29747   0.09297   0.02391   0.15390   0.08741   0.04753   0.03600   0.10217   3.00306   0.55277   1.00980   0.44896   0.98332  
  3 2603.9634  14417.267205  x:  0.40998   0.05243   0.14970   0.10338   0.01764   0.10569   0.01978   0.08421   0.04206   0.01591   0.01735   0.07614   0.07310   0.06461   0.02880   0.03262   0.01197   0.01867   0.00036   0.01099   0.01546   0.00748   0.00522   0.00696   0.00118   0.01274   0.00483   0.00822   0.00684   0.00724   0.01096   0.02858   0.03688   0.00406   0.02624   0.00819   0.01929   0.02219   0.04385   0.01199   0.06644   0.01351   0.00203   0.03676   0.00000   0.01988   0.01036   0.01728   0.03515   0.02756   0.01156   0.00901   0.01772   0.00243   0.00849   0.29765   0.09728   0.02841   0.15506   0.08775   0.04700   0.03747   0.10220   3.00491   0.55032   1.01015   0.45107   0.97322  
  4 2075.1250  14415.727870  x:  0.40988   0.05298   0.15026   0.10366   0.01789   0.10564   0.02009   0.08421   0.04211   0.01601   0.01719   0.07620   0.07360   0.06486   0.02903   0.03259   0.01198   0.01875   0.00007   0.01036   0.01548   0.00753   0.00557   0.00699   0.00096   0.01277   0.00478   0.00823   0.00688   0.00724   0.01096   0.02850   0.03690   0.00388   0.02627   0.00818   0.01922   0.02225   0.04408   0.01205   0.06638   0.01349   0.00199   0.03696   0.00028   0.01990   0.01035   0.01727   0.03526   0.02741   0.01150   0.00894   0.01782   0.00244   0.00849   0.29767   0.09794   0.02900   0.15524   0.08779   0.04692   0.03769   0.10220   3.00520   0.54994   1.01021   0.45140   0.97165  
  5 18105.5523  14408.096066  x:  0.40943   0.05555   0.15289   0.10500   0.01901   0.10542   0.02148   0.08421   0.04232   0.01647   0.01644   0.07646   0.07595   0.06604   0.03011   0.03245   0.01202   0.01914   0.00037   0.00711   0.01555   0.00778   0.00729   0.00714   0.00000   0.01286   0.00450   0.00827   0.00710   0.00725   0.01097   0.02812   0.03701   0.00301   0.02640   0.00814   0.01891   0.02253   0.04515   0.01230   0.06611   0.01342   0.00180   0.03790   0.00074   0.01998   0.01033   0.01723   0.03576   0.02672   0.01116   0.00861   0.01827   0.00248   0.00849   0.29780   0.10106   0.03156   0.15607   0.08800   0.04655   0.03873   0.10218   3.00656   0.54813   1.01047   0.45296   0.96420  
  6 39045.7313  14394.846987  x:  0.40855   0.06052   0.15798   0.10759   0.02117   0.10498   0.02417   0.08421   0.04274   0.01734   0.01500   0.07697   0.08049   0.06831   0.03218   0.03217   0.01210   0.01986   0.00080   0.00116   0.01569   0.00826   0.01073   0.00744   0.00030   0.01304   0.00399   0.00835   0.00754   0.00727   0.01097   0.02740   0.03722   0.00139   0.02664   0.00805   0.01832   0.02307   0.04721   0.01276   0.06559   0.01238   0.00148   0.03971   0.00145   0.02014   0.01029   0.01715   0.03673   0.02538   0.01054   0.00799   0.01912   0.00256   0.00850   0.29805   0.10708   0.03669   0.15768   0.08842   0.04582   0.04073   0.10215   3.00919   0.54464   1.01097   0.45597   0.94979  
  7 90226.1855  14351.671083  x:  0.40468   0.07729   0.17770   0.11718   0.02360   0.10265   0.02549   0.08406   0.04359   0.01563   0.01315   0.07827   0.09666   0.07605   0.03754   0.03120   0.00774   0.02059   0.00105   0.00109   0.01536   0.00935   0.01246   0.00854   0.00044   0.01170   0.00481   0.00916   0.00946   0.00728   0.01090   0.02496   0.03808   0.01094   0.02728   0.00784   0.01769   0.02381   0.05367   0.01064   0.06363   0.01180   0.00786   0.04473   0.00189   0.02026   0.01103   0.01692   0.03902   0.02167   0.00100   0.01091   0.01903   0.00140   0.00848   0.29886   0.12914   0.03345   0.16358   0.08872   0.04316   0.04662   0.10047   3.02049   0.52975   1.01311   0.46872   0.88758  
  8 3506.6705  14283.631884  x:  0.39691   0.10832   0.21562   0.13530   0.02593   0.09795   0.02466   0.08375   0.04489   0.01108   0.01159   0.08049   0.12691   0.09022   0.04645   0.02962   0.00000   0.02113   0.00143   0.00224   0.01445   0.01108   0.01392   0.01016   0.00068   0.00901   0.00538   0.01040   0.01251   0.00729   0.01078   0.02058   0.03925   0.02190   0.02815   0.00723   0.01705   0.02478   0.06517   0.00590   0.06001   0.01005   0.01383   0.05330   0.00256   0.02032   0.01237   0.01657   0.04291   0.01676   0.01212   0.01644   0.01791   0.00370   0.00850   0.30031   0.17098   0.01849   0.17485   0.08884   0.03819   0.05700   0.09671   3.04291   0.50030   1.01734   0.49392   0.76382  
  9 19366.7869  14219.194186  x:  0.38807   0.14316   0.25846   0.15570   0.02807   0.09260   0.02306   0.08339   0.04629   0.00581   0.01028   0.08294   0.16092   0.10608   0.05633   0.02809   0.00488   0.02156   0.00184   0.00331   0.01340   0.01293   0.01512   0.01188   0.00089   0.00603   0.00596   0.01175   0.01585   0.00729   0.01065   0.01577   0.04051   0.03415   0.02907   0.00656   0.01646   0.02576   0.07797   0.00049   0.05596   0.00748   0.02031   0.06277   0.00326   0.02035   0.01387   0.01619   0.04716   0.01156   0.02343   0.02270   0.01642   0.00595   0.00851   0.30192   0.21814   0.00000   0.18756   0.08889   0.03264   0.06852   0.09238   3.06839   0.46684   1.02213   0.52254   0.62304  
 10 143832.4106  14219.194186  x:  0.38807   0.14316   0.25846   0.15570   0.02807   0.09260   0.02306   0.08339   0.04629   0.00581   0.01028   0.08294   0.16092   0.10608   0.05633   0.02809   0.00488   0.02156   0.00184   0.00331   0.01340   0.01293   0.01512   0.01188   0.00089   0.00603   0.00596   0.01175   0.01585   0.00729   0.01065   0.01577   0.04051   0.03415   0.02907   0.00656   0.01646   0.02576   0.07797   0.00049   0.05596   0.00748   0.02031   0.06277   0.00326   0.02035   0.01387   0.01619   0.04716   0.01156   0.02343   0.02270   0.01642   0.00595   0.00851   0.30192   0.21814   0.00000   0.18756   0.08889   0.03264   0.06852   0.09238   3.06839   0.46684   1.02213   0.52254   0.62304  
 11 14071.2828  14165.437958  x:  0.38741   0.14074   0.25730   0.15400   0.02552   0.09296   0.02213   0.08357   0.04575   0.01641   0.01661   0.08245   0.15829   0.10374   0.05374   0.02962   0.01125   0.02063   0.00021   0.00413   0.01463   0.00955   0.00945   0.00877   0.00450   0.01331   0.00443   0.00947   0.01191   0.00718   0.01090   0.01829   0.03939   0.02790   0.02825   0.00785   0.01766   0.02478   0.07578   0.01153   0.05730   0.00056   0.01308   0.06016   0.00000   0.02014   0.01200   0.01649   0.04648   0.02011   0.01951   0.01829   0.01658   0.00117   0.00846   0.30146   0.21643   0.00681   0.18741   0.08929   0.03417   0.06620   0.09369   3.06965   0.46566   1.02222   0.52353   0.61432  
 12 3127.1271  14159.793968  x:  0.38731   0.14034   0.25710   0.15372   0.02510   0.09302   0.02198   0.08360   0.04566   0.01759   0.01738   0.08237   0.15785   0.10334   0.05330   0.02983   0.01195   0.02048   0.00150   0.00418   0.01480   0.00905   0.00858   0.00834   0.00464   0.01411   0.00429   0.00916   0.01130   0.00717   0.01093   0.01867   0.03922   0.02685   0.02812   0.00800   0.01782   0.02463   0.07539   0.01274   0.05750   0.00000   0.01190   0.05973   0.00111   0.02012   0.01175   0.01657   0.04632   0.02121   0.01886   0.01759   0.01660   0.00103   0.00847   0.30138   0.21614   0.00771   0.18738   0.08935   0.03441   0.06581   0.09389   3.06986   0.46546   1.02224   0.52370   0.61285  
 13 9344.8653  14140.414624  x:  0.38648   0.13728   0.25563   0.15163   0.02201   0.09350   0.02089   0.08381   0.04503   0.02497   0.02234   0.08180   0.15455   0.10039   0.05001   0.03135   0.01625   0.01937   0.00701   0.00435   0.01597   0.00565   0.00231   0.00542   0.00471   0.01910   0.00356   0.00706   0.00690   0.00710   0.01115   0.02142   0.03797   0.01903   0.02716   0.00898   0.01900   0.02353   0.07250   0.02034   0.05897   0.00789   0.00329   0.05650   0.00568   0.01991   0.00998   0.01713   0.04498   0.02860   0.01405   0.01249   0.01679   0.00200   0.00850   0.30081   0.21396   0.01385   0.18714   0.08972   0.03618   0.06294   0.09527   3.07145   0.46396   1.02235   0.52497   0.60179  
 14 13764.0535  14127.347110  x:  0.38604   0.13559   0.25483   0.15052   0.02053   0.09379   0.02043   0.08390   0.04474   0.02498   0.02263   0.08155   0.15275   0.09879   0.04822   0.03175   0.01591   0.01893   0.00670   0.00386   0.01599   0.00635   0.00323   0.00590   0.00228   0.01881   0.00465   0.00728   0.00614   0.00716   0.01114   0.02239   0.03749   0.01493   0.02676   0.00887   0.01927   0.02313   0.07086   0.02046   0.05952   0.00749   0.00030   0.05481   0.00540   0.01983   0.00985   0.01717   0.04392   0.02988   0.01184   0.01068   0.01685   0.00323   0.00852   0.30051   0.21274   0.01523   0.18696   0.08978   0.03696   0.06143   0.09576   3.07234   0.46313   1.02240   0.52569   0.59557  
 15 2677.2734  14116.394430  x:  0.38558   0.13383   0.25399   0.14937   0.01900   0.09409   0.01996   0.08400   0.04445   0.02508   0.02299   0.08130   0.15088   0.09713   0.04638   0.03216   0.01563   0.01848   0.00651   0.00343   0.01603   0.00691   0.00378   0.00626   0.00000   0.01860   0.00555   0.00745   0.00539   0.00720   0.01113   0.02339   0.03700   0.01072   0.02636   0.00877   0.01955   0.02271   0.06916   0.02069   0.06010   0.00721   0.00082   0.05307   0.00524   0.01976   0.00969   0.01723   0.04285   0.03125   0.00962   0.00886   0.01692   0.00422   0.00855   0.30020   0.21147   0.01668   0.18677   0.08986   0.03776   0.05988   0.09626   3.07326   0.46228   1.02245   0.52643   0.58913  
 16 13954.3717  14096.161175  x:  0.38452   0.12980   0.25207   0.14674   0.01553   0.09479   0.01889   0.08421   0.04378   0.02463   0.02341   0.08074   0.14659   0.09332   0.04213   0.03306   0.01456   0.01750   0.00619   0.00238   0.01604   0.00846   0.00545   0.00734   0.00037   0.01761   0.00775   0.00800   0.00390   0.00732   0.01109   0.02562   0.03590   0.00105   0.02545   0.00845   0.02015   0.02177   0.06524   0.02051   0.06140   0.00676   0.00181   0.04908   0.00508   0.01959   0.00946   0.01734   0.04033   0.03396   0.00457   0.00486   0.01707   0.00682   0.00861   0.29948   0.20855   0.01972   0.18633   0.09000   0.03958   0.05631   0.09738   3.07539   0.46030   1.02257   0.52815   0.57427  
 17 25614.6104  14058.542277  x:  0.38249   0.12195   0.24837   0.14175   0.00986   0.09618   0.01728   0.08462   0.04268   0.02237   0.02321   0.07992   0.13832   0.08614   0.03440   0.03433   0.01206   0.01642   0.00553   0.00546   0.01592   0.00843   0.00283   0.00740   0.00035   0.01508   0.00713   0.00828   0.00771   0.00738   0.01101   0.02902   0.03470   0.00000   0.02446   0.00847   0.02098   0.02041   0.05788   0.01892   0.06364   0.00628   0.00167   0.04195   0.00505   0.01942   0.00967   0.01749   0.03597   0.03765   0.00311   0.00710   0.01735   0.00668   0.00857   0.29813   0.20287   0.02420   0.18546   0.09017   0.04267   0.04973   0.09926   3.07959   0.45641   1.02279   0.53157   0.54477  
 18 3840.1051  14025.555463  x:  0.37947   0.11032   0.24290   0.13435   0.00144   0.09824   0.01486   0.08523   0.04103   0.01938   0.02314   0.07869   0.12605   0.07550   0.02296   0.03628   0.00860   0.01474   0.00464   0.00842   0.01577   0.00888   0.00043   0.00779   0.00042   0.01159   0.00708   0.00879   0.01140   0.00748   0.01091   0.03419   0.03282   0.00264   0.02294   0.00853   0.02225   0.01836   0.04699   0.01691   0.06699   0.00558   0.00180   0.03137   0.00497   0.01914   0.00983   0.01773   0.02951   0.04340   0.00000   0.00818   0.01775   0.00735   0.00854   0.29613   0.19446   0.03107   0.18416   0.09043   0.04730   0.03996   0.10207   3.08581   0.45065   1.02310   0.53663   0.50109  
 19 117817.8784  14016.277099  x:  0.37891   0.10817   0.24188   0.13299   0.00000   0.09862   0.01442   0.08535   0.04073   0.01894   0.02318   0.07847   0.12379   0.07354   0.02088   0.03665   0.00806   0.01444   0.00456   0.00887   0.01575   0.00891   0.00065   0.00782   0.00044   0.01105   0.00705   0.00885   0.01190   0.00750   0.01090   0.03515   0.03247   0.00294   0.02266   0.00855   0.02249   0.01799   0.04499   0.01665   0.06761   0.00554   0.00186   0.02944   0.00500   0.01909   0.00984   0.01778   0.02836   0.04453   0.00060   0.00827   0.01783   0.00746   0.00853   0.29576   0.19291   0.03238   0.18392   0.09048   0.04816   0.03817   0.10260   3.08696   0.44959   1.02316   0.53757   0.49300  
 20 67934.2057  14007.718545  x:  0.37828   0.10568   0.24073   0.13152   0.00098   0.09909   0.01424   0.08548   0.04048   0.01843   0.02315   0.07844   0.12121   0.07145   0.01910   0.03694   0.00796   0.01443   0.00469   0.00916   0.01572   0.00845   0.00228   0.00747   0.00045   0.01078   0.00634   0.00869   0.01233   0.00746   0.01090   0.03602   0.03224   0.00316   0.02255   0.00861   0.02263   0.01783   0.04292   0.01641   0.06826   0.00576   0.00190   0.02772   0.00511   0.01908   0.00988   0.01782   0.02745   0.04553   0.00000   0.00904   0.01785   0.00680   0.00851   0.29535   0.19111   0.03363   0.18364   0.09052   0.04902   0.03636   0.10313   3.08834   0.44832   1.02321   0.53871   0.48324  
 21 11650.5812  13947.307022  x:  0.37256   0.08308   0.23036   0.11870   0.02024   0.10341   0.01396   0.08670   0.03867   0.01118   0.02098   0.07904   0.09808   0.05345   0.00643   0.03893   0.00760   0.01555   0.00439   0.00469   0.01504   0.00692   0.00077   0.00634   0.00043   0.00805   0.00274   0.00810   0.01007   0.00706   0.01094   0.04282   0.03062   0.00364   0.02215   0.00846   0.02313   0.01760   0.02537   0.01182   0.07378   0.00543   0.00160   0.01469   0.00463   0.01916   0.01064   0.01795   0.02104   0.05172   0.00149   0.01072   0.01781   0.00288   0.00843   0.29178   0.17476   0.04288   0.18104   0.09075   0.05638   0.02127   0.10749   3.10109   0.43669   1.02363   0.54927   0.39319  
 22 21114.1288  13881.857033  x:  0.36570   0.05539   0.21787   0.10352   0.02501   0.10826   0.01417   0.08834   0.03739   0.00667   0.01778   0.07878   0.07064   0.03735   0.02677   0.03975   0.01059   0.01750   0.00450   0.00450   0.01454   0.00686   0.00074   0.00671   0.00051   0.01085   0.01083   0.00809   0.01053   0.00719   0.01100   0.04933   0.03061   0.00414   0.02325   0.00855   0.02250   0.01924   0.01322   0.00886   0.07977   0.00572   0.00192   0.01691   0.00484   0.01954   0.01109   0.01808   0.02214   0.05512   0.00176   0.01541   0.01743   0.00116   0.00857   0.28784   0.15465   0.05142   0.17783   0.09108   0.06452   0.01178   0.11216   3.11784   0.42173   1.02383   0.56348   0.27507  
 23 7186.5009  13849.956828  x:  0.36241   0.04181   0.21185   0.09713   0.02594   0.11059   0.01508   0.08937   0.03755   0.01142   0.01680   0.07900   0.05852   0.03599   0.02566   0.03902   0.00960   0.01826   0.00357   0.00535   0.01448   0.00762   0.00079   0.00697   0.00058   0.01004   0.00517   0.00829   0.01132   0.00717   0.01100   0.05026   0.03152   0.00434   0.02418   0.00858   0.02161   0.02030   0.02045   0.00873   0.08218   0.00416   0.00232   0.02164   0.00423   0.01982   0.01108   0.01794   0.02637   0.05401   0.00175   0.01705   0.01739   0.01092   0.00874   0.28640   0.14445   0.05419   0.17632   0.09156   0.06839   0.01796   0.11433   3.12764   0.41334   1.02353   0.57221   0.20937  
 24 5922.6015  13839.523908  x:  0.36187   0.03969   0.21085   0.09720   0.02251   0.11114   0.01550   0.08988   0.03816   0.00890   0.01704   0.07933   0.05811   0.04053   0.02194   0.03817   0.00867   0.01776   0.00463   0.00365   0.01472   0.00776   0.00077   0.00735   0.00048   0.00979   0.00540   0.00861   0.00999   0.00723   0.01101   0.04878   0.03211   0.00387   0.02430   0.00845   0.02129   0.02021   0.02497   0.00863   0.08221   0.00559   0.00176   0.02271   0.00459   0.01987   0.01074   0.01790   0.02804   0.05148   0.00150   0.01423   0.01754   0.00191   0.00830   0.28684   0.14201   0.05385   0.17624   0.09204   0.06866   0.02011   0.11508   3.13190   0.41015   1.02282   0.57661   0.19070  
 25 1552.9573  13836.984263  x:  0.36213   0.04099   0.21126   0.09969   0.02203   0.11152   0.01607   0.09053   0.03904   0.00892   0.01796   0.08054   0.06138   0.04431   0.02041   0.03738   0.01067   0.01776   0.00385   0.00758   0.01468   0.00680   0.00080   0.00611   0.00047   0.01123   0.00690   0.00789   0.00890   0.00711   0.01104   0.04604   0.03274   0.00391   0.02441   0.00859   0.02125   0.02013   0.02277   0.00785   0.08150   0.00536   0.00178   0.02157   0.00510   0.01991   0.01088   0.01786   0.02809   0.04773   0.00152   0.01228   0.01774   0.00250   0.00924   0.28838   0.14117   0.05241   0.17678   0.09279   0.06756   0.01769   0.11589   3.13678   0.40697   1.02138   0.58230   0.18412  
 26 500.0046  13834.373549  x:  0.36264   0.04304   0.21197   0.10306   0.02066   0.11203   0.01612   0.09146   0.03987   0.01149   0.01910   0.08224   0.06543   0.04648   0.02093   0.03671   0.01119   0.01774   0.00426   0.00496   0.01486   0.00759   0.00079   0.00779   0.00046   0.01111   0.00481   0.00807   0.00991   0.00729   0.01104   0.04294   0.03308   0.00375   0.02427   0.00884   0.02153   0.01991   0.01799   0.00915   0.08076   0.00554   0.00173   0.02041   0.00500   0.01990   0.01081   0.01785   0.02746   0.04394   0.00146   0.01266   0.01786   0.00288   0.00879   0.29084   0.14007   0.05116   0.17771   0.09407   0.06639   0.01574   0.11737   3.14458   0.40204   1.01897   0.59142   0.17893  
 27 657.4616  13831.792816  x:  0.36329   0.04472   0.21261   0.10618   0.02030   0.11278   0.01547   0.09246   0.04002   0.01046   0.01927   0.08421   0.06813   0.04507   0.02109   0.03689   0.01006   0.01772   0.00422   0.00310   0.01487   0.00647   0.00076   0.00460   0.00047   0.01020   0.00636   0.00821   0.00985   0.00697   0.01106   0.04123   0.03252   0.00368   0.02383   0.00880   0.02213   0.01969   0.01654   0.01146   0.08053   0.00526   0.00180   0.01986   0.00472   0.01979   0.01059   0.01801   0.02607   0.04311   0.00143   0.01404   0.01782   0.00376   0.00840   0.29413   0.13831   0.05158   0.17899   0.09591   0.06617   0.01806   0.11982   3.15613   0.39496   1.01542   0.60471   0.17643  
 28 608.6107  13826.017420  x:  0.36504   0.04820   0.21403   0.11336   0.02163   0.11490   0.01373   0.09499   0.03979   0.00797   0.01900   0.08927   0.07300   0.03898   0.02207   0.03819   0.00802   0.01785   0.00463   0.00668   0.01485   0.00734   0.00075   0.00877   0.00051   0.00938   0.00724   0.00827   0.00772   0.00689   0.01110   0.03867   0.03062   0.00392   0.02289   0.00851   0.02343   0.01944   0.01707   0.01545   0.08053   0.00551   0.00191   0.01945   0.00462   0.01953   0.01034   0.01848   0.02290   0.04394   0.00155   0.01522   0.01765   0.00365   0.00819   0.30320   0.13310   0.05410   0.18249   0.10086   0.06622   0.02254   0.12688   3.18960   0.37473   1.00518   0.64283   0.17255  
 29 2027.3883  13815.133361  x:  0.36790   0.05103   0.21556   0.12171   0.02139   0.11848   0.01261   0.09860   0.03841   0.01005   0.01594   0.09591   0.07512   0.03132   0.02348   0.04094   0.00994   0.01771   0.00372   0.00511   0.01406   0.00992   0.00079   0.00604   0.00048   0.01096   0.00539   0.00875   0.01138   0.00839   0.01083   0.03870   0.02902   0.00405   0.02315   0.00803   0.02324   0.01995   0.02560   0.00814   0.08137   0.00567   0.00179   0.02064   0.00565   0.01951   0.01247   0.01840   0.02285   0.04725   0.00162   0.01285   0.01760   0.00243   0.01065   0.31886   0.12338   0.05816   0.18814   0.10819   0.06663   0.01764   0.13894   3.25312   0.33772   0.98605   0.71355   0.17053  
 30 2313.2158  13809.311830  x:  0.36916   0.04986   0.21564   0.12221   0.02078   0.11978   0.01447   0.09926   0.03769   0.00892   0.01647   0.09688   0.07154   0.03426   0.02280   0.04118   0.00946   0.01789   0.00405   0.00393   0.01446   0.00500   0.00081   0.00828   0.00049   0.00976   0.00590   0.00778   0.01132   0.00585   0.01107   0.04119   0.03078   0.00398   0.02438   0.00907   0.02176   0.02031   0.02605   0.00628   0.08207   0.00515   0.00184   0.02215   0.00454   0.01975   0.01123   0.01767   0.02772   0.04904   0.00152   0.01354   0.01775   0.00370   0.00804   0.32593   0.11909   0.05954   0.19005   0.11028   0.06748   0.01446   0.14378   3.28798   0.31957   0.97595   0.75051   0.17176  
 31 2032.3833  13803.415934  x:  0.37053   0.04641   0.21522   0.11949   0.02119   0.12059   0.01732   0.09884   0.03710   0.00864   0.01783   0.09581   0.06379   0.04151   0.02167   0.04020   0.00839   0.01834   0.00422   0.00547   0.01514   0.01049   0.00081   0.00618   0.00052   0.00884   0.00613   0.00818   0.00987   0.00752   0.01134   0.04534   0.03400   0.00405   0.02585   0.00906   0.01971   0.02064   0.02172   0.00702   0.08297   0.00539   0.00194   0.02287   0.00475   0.02019   0.00972   0.01698   0.03333   0.04984   0.00147   0.01516   0.01789   0.00350   0.00695   0.33329   0.11515   0.05969   0.19121   0.11105   0.06912   0.01499   0.14785   3.33173   0.29946   0.96369   0.79493   0.17459  
 32 2683.9500  13799.722196  x:  0.37137   0.04328   0.21474   0.11541   0.02097   0.12006   0.01745   0.09744   0.03722   0.00953   0.01719   0.09301   0.05794   0.04598   0.02161   0.03868   0.00887   0.01825   0.00345   0.00487   0.01440   0.00836   0.00082   0.00737   0.00050   0.01103   0.00574   0.00921   0.00969   0.00782   0.01083   0.04760   0.03491   0.00401   0.02551   0.00749   0.01998   0.02046   0.01842   0.00665   0.08332   0.00546   0.00187   0.02150   0.00556   0.02026   0.01182   0.01742   0.03226   0.04818   0.00147   0.01492   0.01785   0.00286   0.01210   0.33673   0.11450   0.05765   0.19076   0.10973   0.07021   0.01931   0.14832   3.36134   0.28941   0.95590   0.82281   0.17651  
 33 1722.8078  13794.710412  x:  0.37250   0.03901   0.21415   0.10743   0.02182   0.11754   0.01481   0.09381   0.03839   0.01055   0.01574   0.08627   0.05248   0.04876   0.02325   0.03606   0.01117   0.01770   0.00392   0.00588   0.01386   0.00758   0.00079   0.00657   0.00047   0.00972   0.00458   0.00723   0.01016   0.00704   0.01084   0.04881   0.03326   0.00397   0.02348   0.00960   0.02259   0.02008   0.02003   0.00966   0.08334   0.00544   0.00174   0.02048   0.00502   0.01971   0.01230   0.01837   0.02460   0.04330   0.00165   0.01220   0.01776   0.00253   0.00848   0.33885   0.11750   0.05163   0.18812   0.10469   0.07013   0.01939   0.14484   3.40324   0.28258   0.94589   0.85813   0.17786  
 34 1186.5919  13791.051500  x:  0.37346   0.03687   0.21395   0.10098   0.02297   0.11474   0.01357   0.09028   0.03968   0.01137   0.01859   0.07991   0.05293   0.04664   0.02101   0.03505   0.01030   0.01780   0.00485   0.00539   0.01542   0.00741   0.00078   0.00733   0.00050   0.01294   0.00740   0.01031   0.01060   0.00818   0.01137   0.04851   0.03131   0.00409   0.02313   0.00808   0.02334   0.01979   0.02218   0.01159   0.08296   0.00565   0.00189   0.02218   0.00445   0.01953   0.00987   0.01845   0.02297   0.04149   0.00169   0.01421   0.01770   0.00294   0.00845   0.33875   0.12267   0.04675   0.18483   0.09910   0.06912   0.01666   0.13943   3.43989   0.28246   0.93803   0.88587   0.17738  
 35 1261.1303  13785.368224  x:  0.37482   0.03556   0.21387   0.09271   0.02150   0.11049   0.01420   0.08547   0.04118   0.00975   0.02183   0.07105   0.05835   0.04007   0.02069   0.03593   0.00949   0.01781   0.00371   0.00525   0.01611   0.00802   0.00076   0.00630   0.00048   0.01218   0.00460   0.00681   0.00773   0.00620   0.01101   0.04780   0.02979   0.00380   0.02431   0.00797   0.02242   0.01970   0.02115   0.01124   0.08222   0.00542   0.00173   0.02326   0.00520   0.01997   0.00996   0.01800   0.02718   0.04322   0.00148   0.01423   0.01777   0.00253   0.01110   0.33655   0.13244   0.04164   0.17925   0.09062   0.06773   0.01624   0.12950   3.49646   0.28827   0.92695   0.92533   0.17529  
 36 1711.5170  13781.527022  x:  0.37562   0.03551   0.21381   0.08844   0.02212   0.10794   0.01623   0.08318   0.04150   0.01098   0.02142   0.06724   0.06320   0.03803   0.02066   0.03777   0.01141   0.01778   0.00404   0.00582   0.01485   0.00686   0.00080   0.00691   0.00047   0.00985   0.00611   0.00887   0.00940   0.00932   0.01088   0.04770   0.03110   0.00387   0.02516   0.00972   0.02113   0.01998   0.01996   0.00968   0.08195   0.00561   0.00174   0.02049   0.00509   0.02024   0.01187   0.01753   0.03009   0.04773   0.00146   0.01280   0.01803   0.00213   0.00873   0.33347   0.14005   0.04080   0.17522   0.08551   0.06729   0.01902   0.12171   3.53997   0.29637   0.91930   0.95330   0.17304  
 37 1902.4741  13776.971191  x:  0.37610   0.03608   0.21358   0.08659   0.02301   0.10616   0.01778   0.08290   0.04053   0.00899   0.01665   0.06798   0.06729   0.04262   0.02180   0.03963   0.01087   0.01767   0.00479   0.00517   0.01363   0.00898   0.00081   0.00716   0.00050   0.01311   0.00589   0.00891   0.01197   0.00606   0.01124   0.04855   0.03416   0.00408   0.02440   0.00780   0.02095   0.01992   0.02005   0.00939   0.08245   0.00559   0.00187   0.01784   0.00442   0.01970   0.01112   0.01778   0.02859   0.05516   0.00149   0.01296   0.01811   0.00354   0.00761   0.32769   0.14861   0.04426   0.17123   0.08224   0.06741   0.01929   0.11281   3.59385   0.31124   0.91126   0.98432   0.17017  
 38 1508.2211  13772.525991  x:  0.37616   0.03636   0.21313   0.08689   0.02392   0.10553   0.01747   0.08443   0.03907   0.01063   0.01340   0.07208   0.06820   0.04772   0.02254   0.04012   0.00726   0.01781   0.00381   0.00531   0.01431   0.00801   0.00080   0.00710   0.00052   0.00981   0.00616   0.00787   0.01084   0.00874   0.01130   0.04968   0.03569   0.00411   0.02326   0.00803   0.02176   0.01997   0.01936   0.00856   0.08347   0.00543   0.00189   0.02167   0.00510   0.01930   0.01017   0.01841   0.02488   0.05996   0.00156   0.01380   0.01769   0.00338   0.01042   0.32050   0.15597   0.04919   0.16827   0.08144   0.06802   0.01684   0.10491   3.64917   0.32927   0.90415   1.01351   0.16807  
 39 2076.6975  13767.371910  x:  0.37555   0.03558   0.21220   0.09007   0.02314   0.10684   0.01467   0.08832   0.03773   0.00928   0.01867   0.07994   0.06333   0.04967   0.02209   0.03872   0.01095   0.01818   0.00286   0.00514   0.01553   0.00894   0.00081   0.00691   0.00052   0.00820   0.00540   0.01136   0.00928   0.00626   0.01023   0.05079   0.03353   0.00407   0.02340   0.00899   0.02265   0.02023   0.01868   0.00567   0.08484   0.00542   0.00192   0.02479   0.00601   0.02010   0.01305   0.01823   0.02336   0.05800   0.00156   0.01562   0.01718   0.00347   0.00955   0.31003   0.16213   0.05535   0.16678   0.08447   0.06992   0.01705   0.09807   3.71847   0.35504   0.89712   1.04596   0.16737  
 40 1640.9860  13761.001576  x:  0.37426   0.03392   0.21087   0.09531   0.02192   0.10994   0.01304   0.09372   0.03742   0.00789   0.01996   0.08942   0.05433   0.04732   0.02128   0.03552   0.01021   0.01830   0.00407   0.00476   0.01419   0.00842   0.00082   0.00726   0.00052   0.01177   0.00556   0.00698   0.01087   0.01015   0.01108   0.05171   0.03002   0.00406   0.02486   0.00897   0.02211   0.02051   0.01896   0.00674   0.08624   0.00538   0.00190   0.02295   0.00477   0.02084   0.01410   0.01694   0.02799   0.04858   0.00156   0.01446   0.01736   0.00383   0.00841   0.29629   0.16719   0.06121   0.16670   0.09019   0.07259   0.01708   0.09253   3.80625   0.38912   0.88981   1.08392   0.16778  
 41 2657.4443  13758.211638  x:  0.37344   0.03309   0.21036   0.09752   0.02176   0.11179   0.01482   0.09555   0.03810   0.01089   0.01824   0.09181   0.05063   0.04475   0.02174   0.03462   0.00911   0.01814   0.00396   0.00588   0.01390   0.00813   0.00082   0.00673   0.00051   0.01035   0.00617   0.00877   0.01070   0.00702   0.01121   0.05203   0.03022   0.00406   0.02533   0.00807   0.02117   0.02036   0.01968   0.00800   0.08655   0.00565   0.00183   0.02044   0.00522   0.02043   0.01152   0.01705   0.03031   0.04307   0.00159   0.01335   0.01782   0.00254   0.00921   0.29044   0.16775   0.06287   0.16762   0.09294   0.07373   0.01671   0.09242   3.84527   0.40443   0.88755   1.09902   0.16829  
 42 2118.3779  13756.216841  x:  0.37237   0.03266   0.21028   0.09851   0.02073   0.11359   0.01803   0.09523   0.03936   0.00922   0.01684   0.08931   0.04994   0.04323   0.02157   0.03584   0.01190   0.01775   0.00344   0.00538   0.01568   0.00768   0.00084   0.00685   0.00050   0.01072   0.00484   0.00960   0.00971   0.00852   0.01074   0.05226   0.03352   0.00392   0.02475   0.00909   0.02061   0.01976   0.02026   0.00870   0.08627   0.00548   0.00180   0.02055   0.00550   0.01952   0.00882   0.01829   0.02940   0.04005   0.00154   0.01388   0.01836   0.00289   0.00987   0.28685   0.16481   0.06326   0.17014   0.09500   0.07453   0.01678   0.09723   3.87604   0.41629   0.88784   1.10741   0.16884  
 43 808.4827  13753.198017  x:  0.37032   0.03251   0.21050   0.09937   0.02111   0.11624   0.02122   0.09320   0.04103   0.01111   0.01747   0.08234   0.05080   0.04261   0.02032   0.03778   0.01170   0.01782   0.00444   0.00505   0.01629   0.00854   0.00081   0.00724   0.00052   0.01149   0.00685   0.00698   0.00907   0.00759   0.01094   0.05261   0.03806   0.00391   0.02383   0.00860   0.02048   0.01963   0.02053   0.00808   0.08536   0.00565   0.00188   0.02243   0.00467   0.01934   0.01249   0.01911   0.02709   0.03765   0.00159   0.01531   0.01852   0.00250   0.00895   0.28228   0.15720   0.06273   0.17545   0.09787   0.07555   0.01711   0.10846   3.92617   0.43499   0.89019   1.11795   0.16955  
 44 1354.1676  13749.848836  x:  0.36797   0.03355   0.21121   0.09963   0.02258   0.11820   0.01923   0.09001   0.04137   0.00986   0.01961   0.07396   0.05273   0.04505   0.02219   0.03819   0.00842   0.01823   0.00427   0.00602   0.01340   0.00749   0.00081   0.00623   0.00051   0.01184   0.00444   0.00971   0.00979   0.00818   0.01163   0.05293   0.03777   0.00400   0.02411   0.00816   0.02143   0.02068   0.02032   0.00875   0.08400   0.00551   0.00178   0.02303   0.00465   0.02046   0.01352   0.01766   0.02708   0.03843   0.00170   0.01304   0.01780   0.00274   0.00866   0.27893   0.14683   0.06088   0.18179   0.10017   0.07608   0.01628   0.12222   3.98171   0.45455   0.89459   1.12680   0.17003  
 45 1530.3564  13747.491699  x:  0.36635   0.03524   0.21207   0.09922   0.02421   0.11871   0.01495   0.08767   0.04061   0.01024   0.01971   0.06928   0.05393   0.04800   0.02238   0.03741   0.01007   0.01827   0.00344   0.00543   0.01368   0.00826   0.00085   0.00711   0.00052   0.01036   0.00607   0.00804   0.01172   0.00779   0.01083   0.05275   0.03417   0.00418   0.02500   0.00889   0.02187   0.02093   0.02043   0.00836   0.08296   0.00558   0.00188   0.02165   0.00561   0.02077   0.01056   0.01666   0.02852   0.04074   0.00176   0.01360   0.01740   0.00279   0.01024   0.27800   0.13857   0.05823   0.18617   0.10093   0.07602   0.01715   0.13194   4.02275   0.46773   0.89913   1.13140   0.17017  
 46 1549.8500  13746.128207  x:  0.36566   0.03722   0.21304   0.09806   0.02371   0.11790   0.01358   0.08698   0.03972   0.01109   0.01682   0.06981   0.05383   0.04868   0.02226   0.03577   0.01041   0.01786   0.00421   0.00588   0.01613   0.00785   0.00082   0.00667   0.00052   0.01110   0.00541   0.00864   0.00982   0.00803   0.01105   0.05229   0.03081   0.00412   0.02516   0.00799   0.02109   0.01981   0.01926   0.00702   0.08263   0.00548   0.00184   0.02174   0.00463   0.01997   0.01076   0.01776   0.02965   0.04283   0.00168   0.01426   0.01805   0.00260   0.00872   0.27970   0.13358   0.05471   0.18798   0.09993   0.07523   0.01783   0.13641   4.04822   0.47378   0.90364   1.13171   0.17030  
 47 690.7474  13743.972962  x:  0.36500   0.04086   0.21521   0.09507   0.02282   0.11529   0.01661   0.08736   0.03848   0.01045   0.01598   0.07606   0.05222   0.04842   0.02126   0.03310   0.01104   0.01779   0.00349   0.00543   0.01470   0.00829   0.00083   0.00701   0.00052   0.01133   0.00594   0.00942   0.00983   0.00752   0.01115   0.05156   0.02919   0.00405   0.02473   0.01027   0.02010   0.01934   0.01970   0.01013   0.08290   0.00563   0.00187   0.02232   0.00560   0.01932   0.01328   0.01939   0.03016   0.04678   0.00157   0.01472   0.01866   0.00282   0.00968   0.28606   0.12584   0.04681   0.18951   0.09627   0.07282   0.01677   0.14132   4.09343   0.48076   0.91435   1.12831   0.17068  
 48 714.8312  13741.435811  x:  0.36458   0.04380   0.21768   0.09203   0.02171   0.11197   0.01913   0.08875   0.03776   0.01079   0.01972   0.08425   0.05047   0.04718   0.02174   0.03224   0.01122   0.01823   0.00430   0.00560   0.01367   0.00780   0.00079   0.00681   0.00051   0.01083   0.00558   0.00807   0.00996   0.00816   0.01079   0.05132   0.03170   0.00399   0.02416   0.00755   0.02087   0.02032   0.01991   0.00880   0.08364   0.00557   0.00180   0.02162   0.00469   0.01962   0.01048   0.01836   0.02824   0.05019   0.00152   0.01367   0.01806   0.00251   0.00935   0.29492   0.11849   0.03831   0.19033   0.09207   0.07029   0.01811   0.14522   4.14640   0.48636   0.92844   1.12209   0.17129  
 49 1340.4876  13739.496868  x:  0.36473   0.04290   0.21924   0.09136   0.02169   0.10967   0.01642   0.09062   0.03863   0.01131   0.01967   0.08815   0.05074   0.04660   0.02180   0.03563   0.00929   0.01802   0.00375   0.00570   0.01699   0.00782   0.00080   0.00669   0.00050   0.01274   0.00558   0.00842   0.00999   0.00740   0.01179   0.05221   0.03515   0.00387   0.02506   0.01117   0.02241   0.02068   0.01974   0.00834   0.08467   0.00556   0.00177   0.02085   0.00525   0.02114   0.01029   0.01606   0.02842   0.04980   0.00154   0.01295   0.01712   0.00221   0.00937   0.30337   0.11623   0.03519   0.18990   0.09032   0.06915   0.01902   0.14623   4.19167   0.48702   0.94255   1.11379   0.17212  
 50 800.3513  13735.061941  x:  0.36565   0.03806   0.22195   0.09224   0.02171   0.10642   0.01038   0.09441   0.04123   0.01074   0.01774   0.09132   0.05337   0.04713   0.02130   0.04316   0.01144   0.01730   0.00357   0.00579   0.01667   0.00742   0.00081   0.00683   0.00051   0.01081   0.00557   0.00884   0.00959   0.00798   0.01059   0.05481   0.03808   0.00393   0.02605   0.00673   0.02311   0.01968   0.02029   0.01178   0.08694   0.00562   0.00178   0.02137   0.00556   0.02186   0.01260   0.01608   0.03110   0.04685   0.00152   0.01336   0.01741   0.00237   0.00934   0.32196   0.11619   0.03471   0.18814   0.08930   0.06791   0.01766   0.14636   4.29085   0.48384   0.97556   1.09256   0.17407  
 51 1564.5394  13725.219445  x:  0.36860   0.02803   0.22719   0.09712   0.02206   0.10355   0.01245   0.10045   0.04482   0.01161   0.01919   0.09046   0.06002   0.04931   0.02157   0.04939   0.01037   0.01819   0.00568   0.00591   0.00951   0.00799   0.00075   0.00657   0.00052   0.01207   0.00554   0.00867   0.00882   0.00753   0.01082   0.05890   0.03057   0.00395   0.02518   0.01068   0.02095   0.01906   0.01965   0.00819   0.09031   0.00554   0.00180   0.02255   0.00323   0.01809   0.00926   0.02129   0.03062   0.04091   0.00160   0.01489   0.01961   0.00208   0.00984   0.36190   0.12233   0.04191   0.18398   0.09158   0.06757   0.01942   0.14437   4.51424   0.47091   1.05199   1.04153   0.17805  
 52 2969.6024  13717.304943  x:  0.37177   0.02413   0.23157   0.10240   0.02339   0.10406   0.02049   0.10301   0.04467   0.01043   0.02145   0.08625   0.06344   0.05071   0.02377   0.04576   0.00888   0.01895   0.00301   0.00586   0.01789   0.00744   0.00088   0.00690   0.00052   0.01081   0.00528   0.00779   0.01269   0.00810   0.01157   0.05959   0.02404   0.00427   0.02378   0.00784   0.01940   0.02127   0.02105   0.00870   0.09110   0.00545   0.00180   0.02067   0.00579   0.01857   0.01119   0.02117   0.02927   0.03791   0.00176   0.01264   0.01915   0.00244   0.00923   0.39468   0.13062   0.05084   0.18092   0.09569   0.06809   0.01985   0.14124   4.71433   0.45623   1.12116   0.99454   0.18094  
 53 5254.3171  13706.967679  x:  0.37626   0.02989   0.23615   0.10936   0.02271   0.10822   0.02146   0.10086   0.03841   0.01011   0.01722   0.07769   0.06184   0.04714   0.02267   0.02948   0.01137   0.01751   0.00582   0.00591   0.01678   0.00800   0.00083   0.00676   0.00053   0.01020   0.00544   0.00873   0.01103   0.00773   0.00978   0.05346   0.02995   0.00412   0.02486   0.00861   0.02194   0.02100   0.02175   0.00848   0.08780   0.00562   0.00184   0.02224   0.00333   0.02275   0.01160   0.01342   0.02907   0.03685   0.00173   0.01393   0.01593   0.00265   0.01050   0.42607   0.14356   0.06126   0.17918   0.10292   0.06957   0.01903   0.13512   4.94866   0.43409   1.20290   0.93792   0.18354  
 54 3882.0748  13703.762571  x:  0.37777   0.03371   0.23705   0.11152   0.02268   0.11069   0.01906   0.09857   0.03639   0.01057   0.01755   0.07568   0.05951   0.04592   0.02244   0.02672   0.01080   0.01803   0.00226   0.00538   0.01528   0.00780   0.00088   0.00718   0.00052   0.01115   0.00561   0.00825   0.01061   0.00796   0.01215   0.04945   0.03368   0.00405   0.02539   0.00794   0.02228   0.02057   0.02184   0.00749   0.08522   0.00561   0.00182   0.02237   0.00687   0.02217   0.01084   0.01677   0.02952   0.03735   0.00169   0.01418   0.01711   0.00236   0.00814   0.43188   0.14778   0.06313   0.17967   0.10541   0.07023   0.01931   0.13234   5.02188   0.42516   1.22859   0.91979   0.18441  
 55 2963.7413  13699.597684  x:  0.37995   0.04136   0.23705   0.11427   0.02321   0.11639   0.01596   0.09278   0.03555   0.00976   0.02020   0.07529   0.05382   0.04623   0.02356   0.03140   0.00939   0.01932   0.00499   0.00574   0.01735   0.00798   0.00085   0.00679   0.00052   0.00998   0.00551   0.00840   0.01210   0.00769   0.01192   0.04090   0.03639   0.00409   0.02508   0.00894   0.02054   0.02069   0.02273   0.00775   0.07929   0.00559   0.00182   0.02133   0.00397   0.01846   0.01169   0.02139   0.03028   0.03937   0.00170   0.01245   0.02017   0.00269   0.01045   0.43129   0.15336   0.06259   0.18250   0.10876   0.07112   0.01870   0.12698   5.12472   0.40855   1.26491   0.89350   0.18593  
 56 2037.8194  13694.621581  x:  0.38217   0.04817   0.23531   0.11694   0.02219   0.12378   0.01800   0.08620   0.03903   0.01067   0.01873   0.07802   0.05028   0.04731   0.02314   0.04108   0.00871   0.01760   0.00307   0.00549   0.01540   0.00769   0.00085   0.00696   0.00052   0.01148   0.00558   0.00827   0.01059   0.00794   0.00814   0.03338   0.03256   0.00403   0.02372   0.00842   0.01962   0.02103   0.02242   0.00788   0.07288   0.00567   0.00179   0.02249   0.00610   0.01962   0.01110   0.01701   0.02936   0.04181   0.00163   0.01351   0.01770   0.00241   0.00829   0.41998   0.15806   0.05876   0.18778   0.11140   0.07200   0.01880   0.12037   5.24240   0.38494   1.30671   0.86258   0.18866  
 57 1969.2086  13691.715077  x:  0.38351   0.05113   0.23338   0.11876   0.02115   0.12796   0.01931   0.08320   0.04149   0.01067   0.01792   0.08100   0.05183   0.04784   0.02290   0.04428   0.01084   0.01728   0.00354   0.00524   0.01456   0.00778   0.00082   0.00710   0.00052   0.01039   0.00549   0.00833   0.00972   0.00780   0.01591   0.03258   0.03044   0.00397   0.02395   0.00764   0.02074   0.02083   0.02261   0.00824   0.07043   0.00571   0.00179   0.02297   0.00569   0.02125   0.01086   0.01487   0.02876   0.04331   0.00157   0.01438   0.01637   0.00237   0.00917   0.40695   0.16026   0.05526   0.19206   0.11225   0.07210   0.01916   0.11622   5.32420   0.36640   1.33588   0.84074   0.19094  
 58 2665.4484  13679.692841  x:  0.38774   0.05651   0.22488   0.12548   0.01978   0.13724   0.01910   0.08032   0.04634   0.01100   0.01837   0.09381   0.07138   0.04714   0.02297   0.03782   0.01070   0.02018   0.00453   0.00535   0.01602   0.00756   0.00081   0.00700   0.00050   0.01105   0.00528   0.00833   0.01013   0.00766   0.01146   0.04476   0.03128   0.00385   0.02783   0.00829   0.02643   0.01962   0.02379   0.00974   0.07040   0.00570   0.00175   0.02320   0.00456   0.02412   0.01056   0.02032   0.02855   0.04686   0.00149   0.01333   0.01823   0.00213   0.00908   0.34392   0.16505   0.04117   0.20836   0.11151   0.06968   0.02096   0.10402   5.61866   0.29310   1.44123   0.76105   0.20020  
 59 2818.0992  13676.409599  x:  0.38884   0.05760   0.22348   0.12623   0.02002   0.13470   0.01682   0.08435   0.04348   0.01100   0.01959   0.09560   0.07614   0.04681   0.02341   0.03597   0.01058   0.01667   0.00387   0.00531   0.01605   0.00731   0.00081   0.00705   0.00051   0.01131   0.00509   0.00827   0.00978   0.00768   0.01204   0.04394   0.03294   0.00387   0.02345   0.00853   0.02034   0.02146   0.02428   0.01009   0.07342   0.00572   0.00173   0.02298   0.00536   0.01775   0.01104   0.01675   0.02837   0.04643   0.00151   0.01357   0.01775   0.00204   0.00898   0.32446   0.16622   0.03986   0.21096   0.10947   0.06689   0.02163   0.10383   5.69453   0.27304   1.46847   0.74045   0.20300  
 60 1668.3139  13674.354191  x:  0.38971   0.05934   0.22422   0.12543   0.01971   0.12683   0.01760   0.09164   0.03847   0.01094   0.01913   0.09487   0.07678   0.04690   0.02327   0.03784   0.01068   0.02019   0.00411   0.00533   0.01596   0.00726   0.00080   0.00705   0.00049   0.01130   0.00510   0.00827   0.00997   0.00750   0.01212   0.03680   0.03254   0.00386   0.02288   0.00845   0.01880   0.02069   0.02431   0.01015   0.07701   0.00575   0.00170   0.02335   0.00516   0.02172   0.01052   0.01758   0.02818   0.04494   0.00150   0.01309   0.01746   0.00195   0.00896   0.30863   0.16732   0.04276   0.21001   0.10609   0.06275   0.02221   0.10759   5.74503   0.25871   1.48675   0.72675   0.20530  
 61 756.1743  13673.748040  x:  0.39006   0.06072   0.22531   0.12530   0.01996   0.12293   0.01888   0.09405   0.03824   0.01083   0.01940   0.09454   0.07626   0.04722   0.02365   0.03847   0.01039   0.01791   0.00410   0.00527   0.01594   0.00737   0.00080   0.00707   0.00050   0.01113   0.00515   0.00829   0.00968   0.00770   0.01203   0.03458   0.03211   0.00386   0.02491   0.00830   0.02212   0.02072   0.02468   0.00983   0.07745   0.00572   0.00171   0.02285   0.00513   0.02063   0.01082   0.01793   0.02867   0.04447   0.00151   0.01354   0.01786   0.00204   0.00898   0.30339   0.16777   0.04456   0.20869   0.10477   0.06143   0.02218   0.10961   5.76009   0.25427   1.49231   0.72271   0.20585  
 62 495.6345  13673.463769  x:  0.39047   0.06339   0.22786   0.12613   0.02012   0.11887   0.01881   0.09410   0.04134   0.01066   0.01919   0.09468   0.07517   0.04699   0.02339   0.03819   0.01044   0.01879   0.00403   0.00534   0.01595   0.00741   0.00082   0.00708   0.00050   0.01108   0.00516   0.00829   0.01039   0.00752   0.01208   0.03598   0.03199   0.00390   0.02501   0.00824   0.02204   0.02034   0.02431   0.00970   0.07560   0.00574   0.00172   0.02367   0.00523   0.01980   0.01074   0.01754   0.02872   0.04403   0.00154   0.01304   0.01761   0.00202   0.00891   0.30042   0.16814   0.04624   0.20599   0.10403   0.06162   0.02237   0.11164   5.76697   0.25209   1.49514   0.72100   0.20564  
 63 118.1059  13673.374250  x:  0.39062   0.06424   0.22916   0.12668   0.02008   0.11745   0.01871   0.09363   0.04195   0.01070   0.01935   0.09480   0.07487   0.04712   0.02367   0.03818   0.01032   0.01847   0.00405   0.00526   0.01588   0.00741   0.00081   0.00708   0.00050   0.01104   0.00515   0.00828   0.00985   0.00771   0.01206   0.03677   0.03200   0.00388   0.02469   0.00833   0.02153   0.02072   0.02476   0.00960   0.07487   0.00572   0.00173   0.02295   0.00516   0.02058   0.01085   0.01780   0.02865   0.04375   0.00153   0.01361   0.01776   0.00208   0.00898   0.29939   0.16816   0.04665   0.20464   0.10388   0.06192   0.02216   0.11234   5.76906   0.25142   1.49610   0.72054   0.20550  
 64 120.5422  13673.317623  x:  0.39074   0.06417   0.23095   0.12754   0.02017   0.11678   0.01888   0.09243   0.04084   0.01072   0.01932   0.09502   0.07487   0.04701   0.02353   0.03854   0.01040   0.01786   0.00409   0.00533   0.01589   0.00740   0.00081   0.00707   0.00050   0.01110   0.00515   0.00827   0.01014   0.00760   0.01210   0.03724   0.03194   0.00390   0.02458   0.00830   0.02152   0.02089   0.02452   0.00968   0.07474   0.00573   0.00173   0.02338   0.00512   0.02087   0.01070   0.01798   0.02867   0.04340   0.00154   0.01336   0.01785   0.00203   0.00897   0.29854   0.16782   0.04641   0.20281   0.10407   0.06266   0.02223   0.11269   5.77025   0.25103   1.49692   0.72045   0.20548  
 65 43.9053  13673.277082  x:  0.39082   0.06375   0.23259   0.12824   0.02005   0.11657   0.01904   0.09153   0.04012   0.01077   0.01933   0.09514   0.07491   0.04705   0.02360   0.03872   0.01040   0.01850   0.00404   0.00529   0.01588   0.00738   0.00081   0.00707   0.00050   0.01111   0.00514   0.00827   0.00991   0.00767   0.01207   0.03729   0.03194   0.00389   0.02474   0.00829   0.02172   0.02065   0.02469   0.00973   0.07487   0.00572   0.00172   0.02313   0.00518   0.02038   0.01081   0.01769   0.02867   0.04333   0.00154   0.01353   0.01771   0.00203   0.00894   0.29786   0.16742   0.04609   0.20116   0.10436   0.06318   0.02212   0.11287   5.77102   0.25078   1.49763   0.72049   0.20552  
 66 65.4855  13673.225099  x:  0.39095   0.06247   0.23533   0.12890   0.02001   0.11731   0.01889   0.09131   0.04114   0.01075   0.01932   0.09502   0.07481   0.04704   0.02361   0.03820   0.01038   0.01834   0.00407   0.00528   0.01592   0.00739   0.00081   0.00707   0.00050   0.01108   0.00514   0.00828   0.00996   0.00765   0.01207   0.03619   0.03209   0.00389   0.02480   0.00831   0.02153   0.02059   0.02467   0.00969   0.07557   0.00572   0.00172   0.02313   0.00515   0.02054   0.01080   0.01780   0.02863   0.04418   0.00153   0.01345   0.01775   0.00205   0.00897   0.29689   0.16659   0.04548   0.19867   0.10513   0.06324   0.02208   0.11285   5.77177   0.25058   1.49888   0.72089   0.20578  
 67 32.4561  13673.196767  x:  0.39111   0.06256   0.23683   0.12861   0.01995   0.11819   0.01884   0.09201   0.04106   0.01076   0.01919   0.09466   0.07473   0.04702   0.02350   0.03833   0.01045   0.01854   0.00408   0.00529   0.01592   0.00740   0.00081   0.00707   0.00050   0.01111   0.00515   0.00831   0.00991   0.00764   0.01207   0.03651   0.03204   0.00388   0.02429   0.00832   0.02195   0.02119   0.02459   0.00970   0.07531   0.00572   0.00172   0.02317   0.00514   0.02048   0.01080   0.01787   0.02884   0.04426   0.00152   0.01349   0.01778   0.00203   0.00895   0.29653   0.16633   0.04523   0.19789   0.10557   0.06250   0.02213   0.11265   5.77193   0.25063   1.49993   0.72145   0.20575  
 68 17.4438  13673.152573  x:  0.39138   0.06296   0.23891   0.12790   0.02007   0.11947   0.01884   0.09312   0.04068   0.01077   0.01935   0.09419   0.07468   0.04708   0.02358   0.03860   0.01038   0.01829   0.00406   0.00529   0.01589   0.00738   0.00081   0.00707   0.00050   0.01111   0.00514   0.00828   0.00993   0.00765   0.01209   0.03723   0.03198   0.00389   0.02462   0.00831   0.02168   0.02044   0.02466   0.00975   0.07480   0.00572   0.00172   0.02316   0.00516   0.02054   0.01079   0.01779   0.02864   0.04420   0.00153   0.01348   0.01773   0.00204   0.00896   0.29609   0.16607   0.04499   0.19714   0.10613   0.06144   0.02223   0.11231   5.77205   0.25077   1.50173   0.72250   0.20565  
 69 49.1316  13673.069672  x:  0.39183   0.06333   0.24098   0.12634   0.01993   0.12007   0.01872   0.09345   0.04063   0.01080   0.01917   0.09436   0.07508   0.04714   0.02346   0.03867   0.01046   0.01845   0.00407   0.00528   0.01585   0.00735   0.00081   0.00708   0.00050   0.01117   0.00512   0.00827   0.00985   0.00762   0.01209   0.03721   0.03193   0.00386   0.02602   0.00825   0.02105   0.02153   0.02464   0.00989   0.07488   0.00573   0.00172   0.02327   0.00515   0.02040   0.01078   0.01777   0.02812   0.04374   0.00153   0.01349   0.01779   0.00202   0.00893   0.29567   0.16603   0.04542   0.19770   0.10615   0.06209   0.02223   0.11203   5.77186   0.25129   1.50575   0.72505   0.20567  
 70 22.4956  13672.620392  x:  0.39404   0.06431   0.24969   0.11924   0.02029   0.12139   0.01852   0.09343   0.04113   0.01082   0.01946   0.09605   0.07717   0.04767   0.02379   0.03833   0.01040   0.01836   0.00406   0.00532   0.01590   0.00735   0.00083   0.00704   0.00051   0.01115   0.00507   0.00826   0.00999   0.00767   0.01205   0.03606   0.03201   0.00391   0.02457   0.00836   0.02168   0.02060   0.02496   0.00959   0.07589   0.00571   0.00172   0.02320   0.00513   0.02052   0.01078   0.01785   0.02909   0.04154   0.00156   0.01356   0.01768   0.00200   0.00897   0.29377   0.16630   0.04801   0.20194   0.10554   0.06657   0.02207   0.11091   5.77056   0.25429   1.52771   0.73912   0.20594  
 71 140.4356  13670.491418  x:  0.40127   0.05651   0.26410   0.12275   0.02000   0.11350   0.01933   0.08738   0.04088   0.01089   0.01932   0.09630   0.07446   0.04836   0.02371   0.03677   0.01058   0.01869   0.00391   0.00527   0.01602   0.00734   0.00088   0.00706   0.00052   0.01119   0.00498   0.00822   0.00999   0.00764   0.01198   0.03535   0.03269   0.00385   0.02461   0.00836   0.02150   0.02059   0.02502   0.00947   0.07318   0.00571   0.00170   0.02371   0.00529   0.02075   0.01080   0.01623   0.02910   0.04206   0.00153   0.01359   0.02127   0.00190   0.00898   0.28674   0.17256   0.04798   0.21828   0.10241   0.05624   0.02316   0.10745   5.76330   0.27023   1.63215   0.80729   0.20695  
 72 126.8030  13669.713891  x:  0.40320   0.05539   0.26678   0.12492   0.01990   0.11146   0.01949   0.08702   0.04080   0.01093   0.01940   0.09544   0.07341   0.04871   0.02366   0.03648   0.01065   0.01826   0.00418   0.00533   0.01615   0.00732   0.00089   0.00701   0.00052   0.01121   0.00494   0.00824   0.00999   0.00766   0.01193   0.03539   0.03295   0.00383   0.02489   0.00842   0.02120   0.02089   0.02514   0.00954   0.07297   0.00568   0.00170   0.02351   0.00493   0.02029   0.01087   0.01846   0.02958   0.04239   0.00155   0.01359   0.01617   0.00191   0.00900   0.28450   0.17472   0.04655   0.22182   0.10106   0.05470   0.02330   0.10662   5.76081   0.27572   1.66810   0.83080   0.20733  
 73 871.2974  13667.071844  x:  0.40622   0.06185   0.26262   0.13502   0.02029   0.10972   0.02044   0.09637   0.04108   0.01147   0.01997   0.08770   0.07025   0.05095   0.02382   0.03726   0.01120   0.01836   0.00416   0.00536   0.01622   0.00707   0.00095   0.00691   0.00054   0.01173   0.00463   0.00813   0.00962   0.00765   0.01198   0.03684   0.03257   0.00382   0.02485   0.00847   0.02143   0.02064   0.02586   0.01026   0.07702   0.00560   0.00166   0.02440   0.00486   0.02045   0.01077   0.01795   0.02974   0.04440   0.00156   0.01402   0.01794   0.00163   0.00897   0.27747   0.18176   0.03426   0.22026   0.09487   0.06356   0.02348   0.10634   5.75211   0.29516   1.79616   0.91475   0.20916  
 74 553.2125  13663.959450  x:  0.40031   0.06881   0.23774   0.12698   0.02019   0.11466   0.01983   0.09125   0.04164   0.01197   0.02054   0.09226   0.07633   0.05364   0.02427   0.03592   0.01160   0.01839   0.00425   0.00541   0.01642   0.00681   0.00102   0.00683   0.00055   0.01216   0.00424   0.00803   0.00948   0.00764   0.01186   0.03419   0.03309   0.00378   0.02508   0.00865   0.02091   0.02092   0.02720   0.01068   0.07384   0.00560   0.00162   0.02528   0.00472   0.02029   0.01067   0.01798   0.03067   0.03974   0.00162   0.01397   0.01809   0.00127   0.00899   0.26980   0.18304   0.03461   0.19543   0.09641   0.05724   0.02499   0.11351   5.74332   0.31631   1.93855   1.00887   0.21540  
 75 378.7275  13663.645679  x:  0.39430   0.06985   0.23597   0.12530   0.02030   0.10944   0.02035   0.09220   0.04164   0.01202   0.02061   0.09092   0.07753   0.05378   0.02427   0.03600   0.01167   0.01839   0.00428   0.00541   0.01648   0.00677   0.00103   0.00681   0.00055   0.01223   0.00420   0.00801   0.00943   0.00764   0.01185   0.03357   0.03329   0.00377   0.02501   0.00863   0.02087   0.02090   0.02734   0.01087   0.07240   0.00560   0.00161   0.02537   0.00468   0.02021   0.01069   0.01804   0.03057   0.03980   0.00162   0.01396   0.01812   0.00124   0.00898   0.26967   0.17933   0.03369   0.19469   0.10318   0.05788   0.02492   0.10869   5.74367   0.31746   1.94635   1.01517   0.21622  
 76 43.4096  13663.100446  x:  0.37782   0.07435   0.23857   0.12752   0.02040   0.10975   0.02044   0.08978   0.04272   0.01204   0.02065   0.08941   0.07685   0.05408   0.02435   0.03661   0.01165   0.01839   0.00424   0.00541   0.01643   0.00676   0.00104   0.00682   0.00055   0.01226   0.00416   0.00800   0.00942   0.00764   0.01188   0.03425   0.03314   0.00378   0.02501   0.00864   0.02085   0.02092   0.02754   0.01075   0.07805   0.00557   0.00161   0.02551   0.00470   0.02026   0.01070   0.01808   0.03068   0.03797   0.00164   0.01411   0.01817   0.00122   0.00895   0.27128   0.17700   0.03606   0.19554   0.10023   0.05505   0.02543   0.10459   5.74754   0.31730   1.94184   1.01694   0.21644  
 77 21.2773  13662.070404  x:  0.35393   0.07105   0.24325   0.12986   0.02021   0.11155   0.02020   0.09273   0.04168   0.01208   0.02067   0.09059   0.07798   0.05420   0.02450   0.03547   0.01171   0.01843   0.00431   0.00539   0.01653   0.00672   0.00107   0.00680   0.00056   0.01229   0.00410   0.00800   0.00943   0.00761   0.01179   0.03238   0.03347   0.00376   0.02503   0.00870   0.02074   0.02093   0.02794   0.01086   0.06990   0.00558   0.00161   0.02579   0.00460   0.02014   0.01073   0.01808   0.03080   0.03793   0.00165   0.01412   0.01819   0.00120   0.00897   0.27418   0.17969   0.03647   0.19688   0.09348   0.05693   0.02563   0.10554   5.75622   0.31651   1.92485   1.01569   0.21716  
 78 71.8011  13658.782717  x:  0.32896   0.07086   0.25325   0.12491   0.02013   0.10881   0.02009   0.09248   0.04175   0.01245   0.02086   0.09594   0.07872   0.05541   0.02491   0.03585   0.01182   0.01843   0.00423   0.00546   0.01645   0.00655   0.00115   0.00673   0.00058   0.01245   0.00394   0.00789   0.00942   0.00755   0.01175   0.03349   0.03324   0.00374   0.02523   0.00878   0.02071   0.02101   0.02846   0.01110   0.07622   0.00541   0.00159   0.02600   0.00444   0.02016   0.01052   0.01806   0.03173   0.04100   0.00163   0.01451   0.01812   0.00111   0.00893   0.28489   0.20788   0.02274   0.20081   0.10803   0.05461   0.02621   0.12472   5.78859   0.31568   1.84744   0.99989   0.21305  
 79 86.4093  13625.356839  x:  0.40023   0.07582   0.27702   0.14516   0.02072   0.09614   0.01968   0.09917   0.04347   0.01417   0.02145   0.09492   0.09245   0.06382   0.02873   0.03349   0.01161   0.01884   0.00431   0.00546   0.01659   0.00543   0.00203   0.00634   0.00081   0.01343   0.00235   0.00749   0.00952   0.00692   0.01099   0.02213   0.03574   0.00356   0.02595   0.00950   0.01906   0.02138   0.03545   0.01236   0.07133   0.00441   0.00155   0.03120   0.00278   0.01908   0.01072   0.01866   0.03644   0.02819   0.00195   0.01812   0.01885   0.00086   0.00855   0.38414   0.18012   0.01467   0.20117   0.10176   0.04318   0.03338   0.13067   6.10607   0.31875   1.05268   0.81466   0.19673  
 80 204.8990  13612.963149  x:  0.40803   0.08253   0.27532   0.14714   0.01959   0.10199   0.02040   0.09586   0.04363   0.01596   0.01966   0.09464   0.10002   0.06877   0.02946   0.03238   0.01061   0.01889   0.00255   0.00318   0.01539   0.00765   0.00241   0.00732   0.00062   0.01281   0.00616   0.00823   0.00625   0.00713   0.01058   0.02754   0.03739   0.00283   0.02613   0.00937   0.01907   0.02209   0.04077   0.01023   0.06902   0.00168   0.00206   0.03618   0.00097   0.01953   0.01064   0.01807   0.04000   0.02432   0.00210   0.01039   0.01801   0.00711   0.00779   0.38816   0.18669   0.01071   0.20154   0.10360   0.04531   0.03862   0.12499   6.49650   0.31953   1.24137   0.95486   0.20061  
 81  0.7483  13608.100100  x:  0.41769   0.08309   0.27892   0.15011   0.02020   0.10640   0.02144   0.09424   0.04506   0.01509   0.01864   0.09473   0.10361   0.07357   0.03135   0.03249   0.00973   0.01893   0.00068   0.00319   0.01491   0.00805   0.00275   0.00746   0.00070   0.01211   0.00636   0.00852   0.00777   0.00700   0.01072   0.02845   0.03872   0.00313   0.02672   0.00872   0.01957   0.02232   0.04453   0.00858   0.06858   0.00160   0.00224   0.03851   0.00278   0.02020   0.01079   0.01725   0.04221   0.03055   0.00225   0.01071   0.01775   0.00648   0.00848   0.38658   0.18938   0.02433   0.21057   0.10328   0.04816   0.04129   0.11872   6.71750   0.31178   1.27016   1.00755   0.19331  
 82  0.3761  13605.848671  x:  0.42401   0.08332   0.28151   0.15243   0.01977   0.10903   0.02224   0.09318   0.04572   0.01446   0.01811   0.09446   0.10585   0.07689   0.03256   0.03208   0.00965   0.01894   0.00247   0.00383   0.01512   0.00804   0.00293   0.00735   0.00077   0.01185   0.00602   0.00863   0.00824   0.00700   0.01094   0.02802   0.03882   0.00331   0.02699   0.00835   0.01994   0.02224   0.04726   0.00779   0.06818   0.00155   0.00229   0.03989   0.00085   0.02066   0.01080   0.01774   0.04319   0.03261   0.00234   0.01124   0.01773   0.00515   0.00886   0.38124   0.19175   0.02666   0.21678   0.10344   0.04883   0.04322   0.11520   6.87381   0.30673   1.32150   1.05072   0.18817  
 83  0.4075  13603.378728  x:  0.42904   0.08360   0.28429   0.15527   0.01709   0.10897   0.02250   0.09343   0.04584   0.01373   0.01827   0.09467   0.10942   0.08121   0.03401   0.03354   0.01011   0.01868   0.00156   0.00391   0.01525   0.00783   0.00329   0.00720   0.00085   0.01205   0.00508   0.00855   0.00753   0.00730   0.01130   0.02573   0.03796   0.00330   0.02696   0.00854   0.02032   0.02194   0.05144   0.00744   0.06864   0.00129   0.00228   0.04111   0.00146   0.02071   0.01076   0.01764   0.04397   0.02989   0.00245   0.01043   0.01778   0.00250   0.00917   0.36953   0.19389   0.01749   0.22071   0.10420   0.04679   0.04617   0.11510   7.10444   0.30798   1.41452   1.12524   0.18395  
 84  0.2819  13602.495502  x:  0.42305   0.08325   0.28397   0.15350   0.01566   0.10353   0.02204   0.09604   0.04491   0.01386   0.01844   0.09637   0.11110   0.08121   0.03493   0.03399   0.01004   0.01879   0.00157   0.00368   0.01541   0.00771   0.00352   0.00739   0.00091   0.01212   0.00470   0.00844   0.00753   0.00723   0.01123   0.02535   0.03724   0.00342   0.02656   0.00875   0.01990   0.02199   0.05336   0.00710   0.06971   0.00118   0.00235   0.04153   0.00137   0.02018   0.01062   0.01769   0.04358   0.02787   0.00260   0.01081   0.01785   0.00192   0.00874   0.37216   0.19077   0.02036   0.21366   0.10506   0.04581   0.04759   0.12106   7.16411   0.31950   1.35939   1.14383   0.18640  
 85  0.0762  13602.111914  x:  0.41948   0.08175   0.28130   0.15119   0.01476   0.10438   0.02161   0.09592   0.04450   0.01442   0.01880   0.09671   0.11013   0.07960   0.03526   0.03335   0.01015   0.01911   0.00150   0.00397   0.01549   0.00745   0.00369   0.00735   0.00098   0.01225   0.00440   0.00831   0.00812   0.00713   0.01105   0.02554   0.03696   0.00361   0.02649   0.00885   0.01968   0.02215   0.05413   0.00740   0.06928   0.00118   0.00243   0.04174   0.00156   0.02010   0.01073   0.01782   0.04304   0.02995   0.00272   0.01126   0.01783   0.00256   0.00857   0.37449   0.19119   0.01811   0.20980   0.10544   0.04539   0.04840   0.12087   7.15754   0.32184   1.38218   1.16916   0.18987  
 86  0.0328  13601.566140  x:  0.41800   0.07876   0.28035   0.14835   0.01150   0.10750   0.02113   0.09464   0.04471   0.01458   0.01900   0.09692   0.10693   0.07710   0.03516   0.03264   0.01012   0.01899   0.00162   0.00367   0.01552   0.00736   0.00404   0.00737   0.00105   0.01225   0.00497   0.00843   0.00759   0.00714   0.01085   0.02626   0.03682   0.00376   0.02653   0.00864   0.01975   0.02206   0.05587   0.00762   0.06848   0.00125   0.00252   0.04140   0.00165   0.02028   0.01093   0.01807   0.04198   0.03013   0.00298   0.01020   0.01790   0.00187   0.00874   0.37819   0.19279   0.01949   0.21095   0.10480   0.04676   0.04890   0.11846   7.15645   0.32209   1.43122   1.22148   0.19063  
 87  0.0439  13601.174290  x:  0.41778   0.07847   0.28141   0.14761   0.01014   0.10683   0.02116   0.09449   0.04483   0.01487   0.01889   0.09710   0.10384   0.07466   0.03529   0.03374   0.01006   0.01880   0.00152   0.00398   0.01552   0.00743   0.00431   0.00722   0.00116   0.01225   0.00516   0.00841   0.00778   0.00722   0.01115   0.02594   0.03692   0.00404   0.02651   0.00859   0.01988   0.02202   0.05695   0.00783   0.06919   0.00093   0.00260   0.04128   0.00147   0.02027   0.01083   0.01793   0.04171   0.02820   0.00336   0.01069   0.01786   0.00251   0.00885   0.37787   0.19199   0.02075   0.21411   0.10416   0.04671   0.04944   0.11876   7.13262   0.32631   1.43066   1.25018   0.18771  
 88  0.0299  13600.818859  x:  0.42162   0.07967   0.28403   0.15101   0.00999   0.10441   0.02179   0.09580   0.04503   0.01482   0.01873   0.09741   0.10275   0.07353   0.03552   0.03412   0.01005   0.01852   0.00176   0.00377   0.01553   0.00797   0.00454   0.00742   0.00128   0.01230   0.00513   0.00852   0.00805   0.00731   0.01115   0.02575   0.03706   0.00431   0.02636   0.00864   0.01998   0.02192   0.05742   0.00824   0.06991   0.00127   0.00258   0.04096   0.00171   0.02017   0.01060   0.01746   0.04187   0.02967   0.00389   0.01116   0.01770   0.00218   0.00882   0.37510   0.18936   0.01904   0.21614   0.10446   0.04535   0.04939   0.12064   7.10357   0.32989   1.41023   1.26098   0.18497  
 89  0.0218  13600.304159  x:  0.42563   0.08272   0.28547   0.15505   0.01044   0.10463   0.02222   0.09596   0.04508   0.01441   0.01826   0.09853   0.10403   0.07320   0.03582   0.03292   0.00983   0.01857   0.00164   0.00387   0.01544   0.00789   0.00481   0.00742   0.00143   0.01213   0.00441   0.00846   0.00753   0.00744   0.01088   0.02502   0.03717   0.00458   0.02628   0.00873   0.01997   0.02193   0.05723   0.00786   0.06894   0.00104   0.00244   0.04060   0.00147   0.02026   0.01055   0.01750   0.04238   0.02848   0.00491   0.00943   0.01759   0.00223   0.00879   0.37268   0.18786   0.01863   0.21466   0.10547   0.04554   0.04868   0.12095   7.06234   0.33114   1.43244   1.27780   0.18706  
 90  0.0237  13599.990895  x:  0.42413   0.08374   0.28362   0.15501   0.01100   0.10683   0.02210   0.09517   0.04489   0.01423   0.01858   0.09906   0.10555   0.07352   0.03545   0.03307   0.01003   0.01896   0.00160   0.00385   0.01557   0.00752   0.00500   0.00731   0.00159   0.01230   0.00491   0.00847   0.00733   0.00715   0.01103   0.02563   0.03737   0.00490   0.02644   0.00871   0.01977   0.02206   0.05669   0.00770   0.06821   0.00115   0.00237   0.04049   0.00162   0.02028   0.01071   0.01789   0.04242   0.02744   0.00571   0.01107   0.01780   0.00220   0.00884   0.37439   0.18862   0.01927   0.21288   0.10570   0.04649   0.04791   0.11995   7.00795   0.33040   1.41543   1.27520   0.18785  
 91  0.0438  13599.746440  x:  0.41876   0.08313   0.28099   0.15245   0.01050   0.10634   0.02186   0.09533   0.04447   0.01399   0.01878   0.09867   0.10714   0.07442   0.03465   0.03388   0.01006   0.01905   0.00152   0.00343   0.01560   0.00739   0.00515   0.00739   0.00170   0.01215   0.00519   0.00844   0.00776   0.00717   0.01127   0.02583   0.03700   0.00511   0.02648   0.00858   0.01965   0.02223   0.05590   0.00712   0.06925   0.00107   0.00232   0.04059   0.00154   0.02025   0.01083   0.01796   0.04241   0.02863   0.00651   0.01014   0.01773   0.00237   0.00877   0.37499   0.19031   0.01933   0.21267   0.10521   0.04617   0.04737   0.12014   6.98189   0.33390   1.39261   1.27147   0.18678  
 92  0.0223  13599.606697  x:  0.41811   0.08191   0.28064   0.15062   0.01031   0.10513   0.02166   0.09531   0.04458   0.01404   0.01878   0.09782   0.10852   0.07604   0.03420   0.03346   0.01012   0.01889   0.00149   0.00396   0.01562   0.00740   0.00517   0.00730   0.00179   0.01211   0.00491   0.00841   0.00758   0.00717   0.01109   0.02585   0.03674   0.00523   0.02648   0.00864   0.01979   0.02217   0.05514   0.00701   0.06938   0.00116   0.00229   0.04093   0.00163   0.02025   0.01073   0.01769   0.04257   0.02815   0.00708   0.01022   0.01765   0.00225   0.00865   0.37331   0.19221   0.01963   0.21365   0.10449   0.04592   0.04722   0.11925   7.00252   0.33431   1.42062   1.26594   0.18681  
 93  0.0257  13599.503003  x:  0.41990   0.08028   0.28216   0.15042   0.01008   0.10596   0.02150   0.09508   0.04506   0.01424   0.01863   0.09741   0.10925   0.07765   0.03391   0.03319   0.01003   0.01869   0.00149   0.00368   0.01559   0.00762   0.00507   0.00740   0.00181   0.01208   0.00464   0.00844   0.00740   0.00721   0.01094   0.02602   0.03680   0.00514   0.02643   0.00866   0.01997   0.02198   0.05412   0.00722   0.06885   0.00115   0.00229   0.04113   0.00151   0.02034   0.01065   0.01762   0.04264   0.02770   0.00748   0.01041   0.01767   0.00229   0.00880   0.37361   0.19206   0.01892   0.21423   0.10454   0.04660   0.04698   0.11879   7.04388   0.32794   1.38786   1.22603   0.18704  
 94  0.0388  13599.419743  x:  0.42222   0.07968   0.28338   0.15077   0.01001   0.10595   0.02172   0.09512   0.04513   0.01446   0.01863   0.09738   0.10792   0.07841   0.03388   0.03362   0.00998   0.01875   0.00156   0.00372   0.01556   0.00762   0.00486   0.00739   0.00179   0.01212   0.00499   0.00847   0.00773   0.00723   0.01114   0.02563   0.03723   0.00498   0.02638   0.00858   0.01973   0.02197   0.05323   0.00759   0.06889   0.00123   0.00233   0.04105   0.00148   0.02030   0.01074   0.01780   0.04243   0.02765   0.00774   0.01020   0.01772   0.00236   0.00886   0.37468   0.19143   0.01975   0.21277   0.10445   0.04619   0.04699   0.11918   7.08702   0.32279   1.39201   1.18988   0.18848  
 95  0.0305  13599.363405  x:  0.42170   0.08045   0.28273   0.15156   0.00954   0.10585   0.02189   0.09512   0.04490   0.01452   0.01865   0.09804   0.10612   0.07809   0.03436   0.03359   0.00994   0.01888   0.00147   0.00380   0.01552   0.00748   0.00470   0.00732   0.00177   0.01217   0.00497   0.00844   0.00749   0.00721   0.01113   0.02624   0.03713   0.00479   0.02643   0.00863   0.01975   0.02209   0.05336   0.00755   0.06929   0.00113   0.00238   0.04085   0.00142   0.02024   0.01066   0.01784   0.04220   0.02818   0.00790   0.01039   0.01766   0.00226   0.00874   0.37470   0.19083   0.01935   0.21272   0.10482   0.04620   0.04744   0.11982   7.12380   0.31922   1.39510   1.17164   0.18843  
 96  0.0235  13599.330547  x:  0.41997   0.08158   0.28139   0.15174   0.00963   0.10586   0.02186   0.09513   0.04465   0.01449   0.01880   0.09846   0.10547   0.07739   0.03475   0.03327   0.01011   0.01887   0.00146   0.00369   0.01552   0.00754   0.00459   0.00737   0.00176   0.01227   0.00481   0.00844   0.00771   0.00720   0.01103   0.02578   0.03694   0.00465   0.02647   0.00871   0.01988   0.02212   0.05364   0.00752   0.06916   0.00118   0.00240   0.04071   0.00151   0.02028   0.01066   0.01774   0.04217   0.02770   0.00811   0.01033   0.01764   0.00228   0.00874   0.37466   0.19075   0.01962   0.21351   0.10490   0.04638   0.04766   0.11958   7.12457   0.31772   1.39717   1.16594   0.18833  
 97  0.0043  13599.297455  x:  0.41905   0.08207   0.28083   0.15156   0.00992   0.10589   0.02184   0.09544   0.04472   0.01430   0.01871   0.09830   0.10612   0.07671   0.03499   0.03349   0.01012   0.01870   0.00148   0.00385   0.01555   0.00759   0.00447   0.00734   0.00173   0.01220   0.00490   0.00847   0.00747   0.00719   0.01108   0.02534   0.03706   0.00445   0.02646   0.00862   0.01983   0.02201   0.05421   0.00733   0.06880   0.00117   0.00240   0.04069   0.00150   0.02030   0.01075   0.01770   0.04242   0.02786   0.00841   0.01023   0.01770   0.00227   0.00880   0.37553   0.19078   0.01940   0.21397   0.10471   0.04602   0.04788   0.11942   7.10728   0.31874   1.38252   1.16568   0.18825  
 98  0.0098  13599.265731  x:  0.42014   0.08154   0.28153   0.15098   0.00990   0.10584   0.02174   0.09529   0.04491   0.01421   0.01864   0.09784   0.10691   0.07626   0.03500   0.03357   0.01005   0.01873   0.00154   0.00368   0.01557   0.00762   0.00436   0.00739   0.00169   0.01213   0.00487   0.00844   0.00763   0.00723   0.01110   0.02587   0.03726   0.00421   0.02649   0.00860   0.01980   0.02198   0.05493   0.00724   0.06888   0.00116   0.00240   0.04084   0.00146   0.02032   0.01075   0.01776   0.04262   0.02772   0.00869   0.01039   0.01768   0.00226   0.00882   0.37540   0.19132   0.01926   0.21348   0.10459   0.04605   0.04813   0.11928   7.09323   0.32143   1.39512   1.17811   0.18841  
 99  0.0129  13599.251640  x:  0.42066   0.08076   0.28223   0.15089   0.00970   0.10594   0.02166   0.09503   0.04491   0.01426   0.01865   0.09786   0.10704   0.07616   0.03477   0.03342   0.00995   0.01886   0.00156   0.00379   0.01550   0.00758   0.00431   0.00736   0.00165   0.01214   0.00493   0.00844   0.00765   0.00722   0.01106   0.02584   0.03715   0.00406   0.02651   0.00869   0.01988   0.02204   0.05515   0.00732   0.06922   0.00118   0.00241   0.04092   0.00152   0.02029   0.01067   0.01774   0.04253   0.02767   0.00873   0.01033   0.01762   0.00230   0.00874   0.37471   0.19125   0.01940   0.21314   0.10480   0.04637   0.04811   0.11952   7.08640   0.32168   1.38985   1.18273   0.18807  
100  0.0064  13599.242411  x:  0.42086   0.08066   0.28224   0.15137   0.00965   0.10584   0.02181   0.09511   0.04480   0.01430   0.01871   0.09796   0.10700   0.07656   0.03451   0.03348   0.00998   0.01883   0.00155   0.00375   0.01547   0.00757   0.00430   0.00734   0.00160   0.01217   0.00488   0.00845   0.00760   0.00720   0.01109   0.02562   0.03711   0.00393   0.02649   0.00869   0.01985   0.02206   0.05511   0.00733   0.06899   0.00115   0.00239   0.04096   0.00152   0.02025   0.01068   0.01776   0.04238   0.02771   0.00868   0.01042   0.01769   0.00229   0.00876   0.37376   0.19110   0.01949   0.21325   0.10476   0.04596   0.04792   0.11947   7.08413   0.32168   1.39645   1.19005   0.18803  
101  0.0049  13599.236562  x:  0.42045   0.08102   0.28185   0.15165   0.00975   0.10583   0.02187   0.09528   0.04479   0.01434   0.01872   0.09811   0.10689   0.07689   0.03434   0.03352   0.01004   0.01877   0.00154   0.00379   0.01550   0.00757   0.00434   0.00733   0.00157   0.01216   0.00487   0.00844   0.00770   0.00720   0.01108   0.02596   0.03716   0.00388   0.02649   0.00866   0.01985   0.02201   0.05489   0.00736   0.06894   0.00115   0.00238   0.04091   0.00152   0.02029   0.01072   0.01777   0.04227   0.02769   0.00869   0.01035   0.01767   0.00228   0.00879   0.37404   0.19084   0.01943   0.21341   0.10478   0.04626   0.04764   0.11949   7.08033   0.32250   1.39511   1.19398   0.18799  
102  0.0035  13599.232392  x:  0.42017   0.08125   0.28162   0.15140   0.00971   0.10590   0.02176   0.09525   0.04486   0.01440   0.01868   0.09812   0.10662   0.07700   0.03433   0.03343   0.01004   0.01878   0.00155   0.00376   0.01553   0.00759   0.00440   0.00737   0.00155   0.01216   0.00488   0.00844   0.00762   0.00721   0.01107   0.02582   0.03721   0.00384   0.02650   0.00867   0.01987   0.02198   0.05468   0.00739   0.06914   0.00115   0.00238   0.04084   0.00152   0.02030   0.01069   0.01775   0.04222   0.02777   0.00876   0.01040   0.01764   0.00229   0.00876   0.37482   0.19090   0.01954   0.21337   0.10475   0.04639   0.04749   0.11949   7.08159   0.32338   1.39759   1.19761   0.18808  
103  0.0026  13599.229310  x:  0.42048   0.08128   0.28190   0.15121   0.00975   0.10598   0.02168   0.09511   0.04486   0.01439   0.01866   0.09805   0.10650   0.07702   0.03446   0.03343   0.01000   0.01883   0.00154   0.00379   0.01553   0.00757   0.00446   0.00736   0.00152   0.01216   0.00489   0.00844   0.00769   0.00721   0.01108   0.02578   0.03722   0.00383   0.02651   0.00869   0.01988   0.02201   0.05456   0.00739   0.06904   0.00114   0.00239   0.04082   0.00151   0.02029   0.01069   0.01774   0.04229   0.02767   0.00884   0.01041   0.01767   0.00226   0.00877   0.37496   0.19101   0.01938   0.21342   0.10477   0.04612   0.04752   0.11949   7.08951   0.32312   1.39803   1.19908   0.18796  
104  0.0041  13599.227157  x:  0.42074   0.08114   0.28217   0.15120   0.00983   0.10581   0.02175   0.09514   0.04480   0.01435   0.01867   0.09797   0.10657   0.07692   0.03458   0.03350   0.01000   0.01881   0.00154   0.00378   0.01551   0.00756   0.00452   0.00735   0.00150   0.01216   0.00487   0.00846   0.00764   0.00721   0.01108   0.02584   0.03723   0.00381   0.02650   0.00867   0.01985   0.02203   0.05442   0.00737   0.06900   0.00116   0.00239   0.04080   0.00153   0.02027   0.01071   0.01774   0.04238   0.02768   0.00884   0.01039   0.01767   0.00229   0.00877   0.37458   0.19093   0.01947   0.21335   0.10477   0.04627   0.04753   0.11953   7.09322   0.32280   1.39947   1.19873   0.18795  
105  0.0022  13599.225966  x:  0.42056   0.08096   0.28203   0.15127   0.00980   0.10589   0.02180   0.09523   0.04483   0.01430   0.01871   0.09799   0.10673   0.07687   0.03460   0.03344   0.01003   0.01880   0.00153   0.00377   0.01553   0.00755   0.00455   0.00734   0.00147   0.01217   0.00489   0.00844   0.00767   0.00721   0.01107   0.02577   0.03718   0.00382   0.02651   0.00867   0.01987   0.02201   0.05438   0.00733   0.06911   0.00115   0.00239   0.04082   0.00151   0.02029   0.01069   0.01776   0.04240   0.02771   0.00882   0.01040   0.01765   0.00228   0.00878   0.37447   0.19090   0.01942   0.21333   0.10473   0.04630   0.04760   0.11949   7.09433   0.32260   1.39977   1.19755   0.18806  
106  0.0008  13599.224988  x:  0.42032   0.08091   0.28181   0.15132   0.00973   0.10593   0.02179   0.09521   0.04487   0.01431   0.01870   0.09804   0.10679   0.07680   0.03455   0.03345   0.01003   0.01881   0.00153   0.00378   0.01554   0.00756   0.00456   0.00736   0.00145   0.01217   0.00489   0.00844   0.00765   0.00721   0.01108   0.02586   0.03718   0.00382   0.02652   0.00869   0.01987   0.02200   0.05439   0.00735   0.06905   0.00116   0.00240   0.04085   0.00151   0.02030   0.01070   0.01775   0.04237   0.02768   0.00881   0.01039   0.01767   0.00228   0.00876   0.37470   0.19102   0.01949   0.21337   0.10474   0.04614   0.04768   0.11948   7.09129   0.32238   1.39762   1.19399   0.18808  
107  0.0021  13599.224329  x:  0.42042   0.08105   0.28186   0.15139   0.00974   0.10584   0.02176   0.09516   0.04485   0.01433   0.01868   0.09804   0.10682   0.07682   0.03453   0.03348   0.01001   0.01882   0.00152   0.00379   0.01553   0.00756   0.00457   0.00736   0.00143   0.01216   0.00488   0.00845   0.00767   0.00721   0.01109   0.02579   0.03720   0.00383   0.02651   0.00867   0.01985   0.02202   0.05446   0.00737   0.06903   0.00116   0.00239   0.04087   0.00150   0.02028   0.01070   0.01775   0.04236   0.02768   0.00881   0.01041   0.01766   0.00228   0.00877   0.37472   0.19108   0.01943   0.21336   0.10481   0.04626   0.04771   0.11950   7.08843   0.32232   1.39648   1.19197   0.18803  
108  0.0020  13599.223892  x:  0.42053   0.08119   0.28200   0.15132   0.00975   0.10589   0.02175   0.09519   0.04481   0.01435   0.01869   0.09801   0.10678   0.07683   0.03453   0.03345   0.01001   0.01880   0.00152   0.00378   0.01553   0.00755   0.00458   0.00735   0.00143   0.01216   0.00488   0.00845   0.00766   0.00721   0.01106   0.02581   0.03720   0.00385   0.02650   0.00867   0.01987   0.02202   0.05457   0.00736   0.06906   0.00116   0.00239   0.04086   0.00151   0.02028   0.01069   0.01775   0.04234   0.02770   0.00883   0.01040   0.01766   0.00228   0.00878   0.37453   0.19095   0.01945   0.21334   0.10474   0.04620   0.04772   0.11947   7.08645   0.32232   1.39586   1.19185   0.18805  
109  0.0008  13599.223576  x:  0.42049   0.08110   0.28196   0.15122   0.00975   0.10590   0.02177   0.09518   0.04484   0.01435   0.01869   0.09802   0.10670   0.07687   0.03454   0.03347   0.01003   0.01881   0.00152   0.00378   0.01554   0.00756   0.00457   0.00735   0.00141   0.01216   0.00488   0.00844   0.00766   0.00720   0.01109   0.02579   0.03720   0.00387   0.02651   0.00868   0.01986   0.02201   0.05466   0.00736   0.06903   0.00116   0.00239   0.04085   0.00151   0.02029   0.01070   0.01775   0.04233   0.02769   0.00885   0.01039   0.01766   0.00228   0.00876   0.37441   0.19096   0.01945   0.21334   0.10474   0.04624   0.04771   0.11950   7.08802   0.32225   1.39611   1.19177   0.18808  
110  0.0006  13599.223360  x:  0.42045   0.08102   0.28189   0.15128   0.00978   0.10585   0.02179   0.09517   0.04485   0.01433   0.01869   0.09801   0.10665   0.07688   0.03454   0.03344   0.01002   0.01882   0.00153   0.00378   0.01553   0.00756   0.00455   0.00736   0.00141   0.01217   0.00489   0.00844   0.00765   0.00721   0.01107   0.02580   0.03719   0.00389   0.02651   0.00867   0.01986   0.02202   0.05467   0.00736   0.06905   0.00116   0.00239   0.04084   0.00151   0.02028   0.01070   0.01775   0.04236   0.02768   0.00885   0.01040   0.01766   0.00228   0.00878   0.37449   0.19102   0.01945   0.21336   0.10476   0.04622   0.04766   0.11950   7.08859   0.32231   1.39624   1.19198   0.18806  
111  0.0003  13599.223236  x:  0.42045   0.08102   0.28191   0.15133   0.00975   0.10589   0.02178   0.09518   0.04483   0.01433   0.01868   0.09802   0.10665   0.07684   0.03454   0.03347   0.01001   0.01881   0.00153   0.00378   0.01552   0.00756   0.00454   0.00736   0.00140   0.01217   0.00488   0.00844   0.00766   0.00721   0.01108   0.02580   0.03718   0.00390   0.02650   0.00867   0.01986   0.02203   0.05465   0.00735   0.06905   0.00116   0.00239   0.04084   0.00151   0.02029   0.01069   0.01776   0.04238   0.02768   0.00885   0.01040   0.01766   0.00228   0.00877   0.37462   0.19102   0.01944   0.21334   0.10476   0.04623   0.04764   0.11946   7.08894   0.32237   1.39676   1.19299   0.18806  
112  0.0005  13599.223172  x:  0.42049   0.08106   0.28197   0.15132   0.00974   0.10587   0.02177   0.09519   0.04483   0.01433   0.01869   0.09803   0.10671   0.07684   0.03454   0.03345   0.01002   0.01881   0.00153   0.00378   0.01553   0.00756   0.00453   0.00735   0.00140   0.01216   0.00488   0.00845   0.00766   0.00721   0.01108   0.02580   0.03719   0.00390   0.02650   0.00867   0.01986   0.02202   0.05461   0.00735   0.06904   0.00116   0.00239   0.04085   0.00151   0.02029   0.01070   0.01775   0.04237   0.02769   0.00885   0.01040   0.01767   0.00228   0.00877   0.37462   0.19099   0.01945   0.21335   0.10475   0.04623   0.04764   0.11949   7.08977   0.32235   1.39682   1.19296   0.18805  
113  0.0004  13599.223157  x:  0.42049   0.08108   0.28195   0.15130   0.00975   0.10588   0.02177   0.09518   0.04484   0.01433   0.01869   0.09803   0.10673   0.07684   0.03454   0.03346   0.01002   0.01881   0.00153   0.00378   0.01553   0.00756   0.00453   0.00735   0.00140   0.01216   0.00488   0.00844   0.00766   0.00721   0.01108   0.02580   0.03719   0.00390   0.02650   0.00867   0.01986   0.02202   0.05459   0.00735   0.06905   0.00116   0.00239   0.04086   0.00151   0.02029   0.01070   0.01775   0.04236   0.02768   0.00885   0.01040   0.01766   0.00228   0.00877   0.37458   0.19099   0.01944   0.21336   0.10476   0.04623   0.04765   0.11949   7.08965   0.32236   1.39695   1.19317   0.18805  
114  0.0002  13599.223152  x:  0.42048   0.08108   0.28194   0.15130   0.00975   0.10588   0.02177   0.09518   0.04484   0.01434   0.01869   0.09802   0.10673   0.07685   0.03454   0.03346   0.01002   0.01881   0.00153   0.00378   0.01553   0.00756   0.00453   0.00735   0.00140   0.01216   0.00488   0.00844   0.00766   0.00721   0.01108   0.02580   0.03719   0.00390   0.02650   0.00867   0.01986   0.02202   0.05458   0.00736   0.06905   0.00116   0.00239   0.04085   0.00151   0.02029   0.01070   0.01775   0.04236   0.02769   0.00885   0.01040   0.01766   0.00228   0.00877   0.37457   0.19099   0.01944   0.21335   0.10476   0.04623   0.04766   0.11949   7.08928   0.32240   1.39696   1.19340   0.18805  
115  0.0002  13599.223151  x:  0.42048   0.08107   0.28194   0.15130   0.00975   0.10588   0.02177   0.09518   0.04484   0.01434   0.01869   0.09802   0.10673   0.07685   0.03454   0.03346   0.01002   0.01881   0.00153   0.00378   0.01553   0.00756   0.00453   0.00735   0.00140   0.01216   0.00488   0.00844   0.00766   0.00721   0.01108   0.02580   0.03719   0.00390   0.02650   0.00867   0.01986   0.02202   0.05458   0.00736   0.06905   0.00116   0.00240   0.04085   0.00151   0.02029   0.01070   0.01775   0.04236   0.02769   0.00885   0.01040   0.01766   0.00228   0.00877   0.37458   0.19099   0.01944   0.21335   0.10476   0.04623   0.04766   0.11949   7.08916   0.32241   1.39690   1.19338   0.18805  
116  0.0001  13599.223151  x:  0.42048   0.08107   0.28195   0.15130   0.00975   0.10588   0.02177   0.09518   0.04484   0.01433   0.01869   0.09803   0.10672   0.07685   0.03454   0.03346   0.01002   0.01881   0.00153   0.00378   0.01553   0.00756   0.00453   0.00735   0.00140   0.01216   0.00488   0.00844   0.00766   0.00721   0.01108   0.02580   0.03719   0.00390   0.02650   0.00867   0.01986   0.02202   0.05457   0.00736   0.06905   0.00116   0.00240   0.04085   0.00151   0.02029   0.01070   0.01775   0.04236   0.02769   0.00885   0.01040   0.01766   0.00228   0.00877   0.37458   0.19099   0.01944   0.21335   0.10476   0.04623   0.04766   0.11949   7.08909   0.32241   1.39690   1.19341   0.18805  
117  0.0000  13599.223151  x:  0.42048   0.08107   0.28194   0.15130   0.00975   0.10588   0.02177   0.09518   0.04484   0.01433   0.01869   0.09803   0.10672   0.07685   0.03454   0.03346   0.01002   0.01881   0.00153   0.00378   0.01553   0.00756   0.00453   0.00735   0.00140   0.01216   0.00488   0.00844   0.00766   0.00721   0.01108   0.02580   0.03719   0.00390   0.02650   0.00867   0.01986   0.02202   0.05457   0.00736   0.06905   0.00116   0.00240   0.04085   0.00151   0.02029   0.01070   0.01775   0.04236   0.02769   0.00885   0.01040   0.01766   0.00228   0.00877   0.37458   0.19099   0.01944   0.21335   0.10476   0.04623   0.04766   0.11949   7.08909   0.32241   1.39690   1.19342   0.18805  
118  0.0000  13599.223151  x:  0.42048   0.08107   0.28194   0.15130   0.00975   0.10588   0.02177   0.09518   0.04484   0.01433   0.01869   0.09803   0.10672   0.07685   0.03454   0.03346   0.01002   0.01881   0.00153   0.00378   0.01553   0.00756   0.00453   0.00735   0.00140   0.01216   0.00488   0.00844   0.00766   0.00721   0.01108   0.02580   0.03719   0.00390   0.02650   0.00867   0.01986   0.02202   0.05457   0.00736   0.06905   0.00116   0.00240   0.04085   0.00151   0.02029   0.01070   0.01775   0.04236   0.02769   0.00885   0.01040   0.01766   0.00228   0.00877   0.37458   0.19099   0.01944   0.21335   0.10476   0.04623   0.04766   0.11949   7.08910   0.32241   1.39691   1.19342   0.18805  
119  0.0000  13599.223151  x:  0.42048   0.08107   0.28194   0.15130   0.00975   0.10588   0.02177   0.09518   0.04484   0.01433   0.01869   0.09803   0.10672   0.07685   0.03454   0.03346   0.01002   0.01881   0.00153   0.00378   0.01553   0.00756   0.00453   0.00735   0.00140   0.01216   0.00488   0.00844   0.00766   0.00721   0.01108   0.02580   0.03719   0.00390   0.02650   0.00867   0.01986   0.02202   0.05457   0.00736   0.06905   0.00116   0.00240   0.04085   0.00151   0.02029   0.01070   0.01775   0.04236   0.02769   0.00885   0.01040   0.01766   0.00228   0.00877   0.37458   0.19099   0.01944   0.21335   0.10476   0.04623   0.04766   0.11949   7.08911   0.32241   1.39691   1.19342   0.18805  
120  0.0000  13599.223151  x:  0.42048   0.08107   0.28194   0.15130   0.00975   0.10588   0.02177   0.09518   0.04484   0.01433   0.01869   0.09803   0.10672   0.07685   0.03454   0.03346   0.01002   0.01881   0.00153   0.00378   0.01553   0.00756   0.00453   0.00735   0.00140   0.01216   0.00488   0.00844   0.00766   0.00721   0.01108   0.02580   0.03719   0.00390   0.02650   0.00867   0.01986   0.02202   0.05457   0.00736   0.06905   0.00116   0.00240   0.04085   0.00151   0.02029   0.01070   0.01775   0.04236   0.02769   0.00885   0.01040   0.01766   0.00228   0.00877   0.37458   0.19099   0.01944   0.21335   0.10476   0.04623   0.04766   0.11949   7.08911   0.32241   1.39691   1.19342   0.18805  
121  0.0000  13599.223151  x:  0.42048   0.08107   0.28194   0.15130   0.00975   0.10588   0.02177   0.09518   0.04484   0.01433   0.01869   0.09803   0.10672   0.07685   0.03454   0.03346   0.01002   0.01881   0.00153   0.00378   0.01553   0.00756   0.00453   0.00735   0.00140   0.01216   0.00488   0.00844   0.00766   0.00721   0.01108   0.02580   0.03719   0.00390   0.02650   0.00867   0.01986   0.02202   0.05457   0.00736   0.06905   0.00116   0.00240   0.04085   0.00151   0.02029   0.01070   0.01775   0.04236   0.02769   0.00885   0.01040   0.01766   0.00228   0.00877   0.37458   0.19099   0.01944   0.21335   0.10476   0.04623   0.04766   0.11949   7.08911   0.32241   1.39691   1.19342   0.18805  
122  0.0000  13599.223151  x:  0.42048   0.08107   0.28194   0.15130   0.00975   0.10588   0.02177   0.09518   0.04484   0.01433   0.01869   0.09803   0.10672   0.07685   0.03454   0.03346   0.01002   0.01881   0.00153   0.00378   0.01553   0.00756   0.00453   0.00735   0.00140   0.01216   0.00488   0.00844   0.00766   0.00721   0.01108   0.02580   0.03719   0.00390   0.02650   0.00867   0.01986   0.02202   0.05457   0.00736   0.06905   0.00116   0.00240   0.04085   0.00151   0.02029   0.01070   0.01775   0.04236   0.02769   0.00885   0.01040   0.01766   0.00228   0.00877   0.37458   0.19099   0.01944   0.21335   0.10476   0.04623   0.04766   0.11949   7.08911   0.32241   1.39691   1.19342   0.18805  