Supplemental results for CODEML (seqf: paml_alt_apes_altered_dna_aligned_combined_TAS1R3  treef: paml_alt_apes_ML_tree_output_altered_dna_aligned_combined_TAS1R3.txt)

I	J	ij	2Ns_IJ	pMut_IJ	pSub_IJ	2Ns_JI	pMut_JI	pSub_JI

TTC	TTT	CT	-0.82015	0.08782	0.05667	0.82015	0.03867	0.05667	0.05667	0.05667
TTA	TTT	AT	3.74703	0.00014	0.00054	-3.74703	0.00602	0.00054	0.00054	0.00054
TTA	TTC	AC	4.56718	0.00047	0.00218	-4.56718	0.04542	0.00218	0.00218	0.00218
TTG	TTT	GT	1.24765	0.00164	0.00287	-1.24765	0.00571	0.00287	0.00287	0.00287
TTG	TTC	GC	2.06780	0.00545	0.01289	-2.06780	0.04307	0.01289	0.01289	0.01289
TTG	TTA	GA	-2.49938	0.02532	0.00566	2.49938	0.00208	0.00566	0.00566	0.00566
TCT	TTT	CT	1.87657	0.00592	0.01312	-1.87657	0.03867	0.01312	0.01312	0.01312
TCC	TTC	CT	2.36219	0.02749	0.07170	-2.36219	0.29180	0.07170	0.07170	0.07170
TCC	TCT	CT	-0.33453	0.02749	0.02315	0.33453	0.01968	0.02315	0.02315	0.02315
TCA	TTA	CT	-1.59362	0.01269	0.00516	1.59362	0.00258	0.00516	0.00516	0.00516
TCA	TCT	AT	0.27684	0.00232	0.00266	-0.27684	0.00306	0.00266	0.00266	0.00266
TCA	TCC	AC	0.61137	0.00771	0.01031	-0.61137	0.01422	0.01031	0.01031	0.01031
TCG	TTG	CT	0.44351	0.01910	0.02365	-0.44351	0.02977	0.02365	0.02365	0.02365
TCG	TCT	GT	-0.18541	0.00350	0.00318	0.18541	0.00290	0.00318	0.00318	0.00318
TCG	TCC	GC	0.14912	0.01162	0.01250	-0.14912	0.01348	0.01250	0.01250	0.01250
TCG	TCA	GA	-0.46225	0.05399	0.04247	0.46225	0.03401	0.04247	0.04247	0.04247
TAT	TTT	AT	1.65694	0.00115	0.00235	-1.65694	0.00602	0.00235	0.00235	0.00235
TAT	TCT	AC	-0.21964	0.00381	0.00341	0.21964	0.00306	0.00341	0.00341	0.00341
TAC	TTC	AT	1.84216	0.00720	0.01576	-1.84216	0.04542	0.01576	0.01576	0.01576
TAC	TCC	AC	-0.52003	0.02392	0.01823	0.52003	0.01422	0.01823	0.01823	0.01823
TAC	TAT	CT	-0.63492	0.03933	0.02816	0.63492	0.02085	0.02816	0.02816	0.02816
TGT	TTT	GT	1.30499	0.00155	0.00277	-1.30499	0.00571	0.00277	0.00277	0.00277
TGT	TCT	GC	-0.57158	0.00514	0.00381	0.57158	0.00290	0.00381	0.00381	0.00381
TGT	TAT	GA	-0.35194	0.02391	0.01995	0.35194	0.01681	0.01995	0.01995	0.01995
TGC	TTC	GT	1.27396	0.01205	0.02131	-1.27396	0.04307	0.02131	0.02131	0.02131
TGC	TCC	GC	-1.08823	0.04003	0.02212	1.08823	0.01348	0.02212	0.02212	0.02212
TGC	TAC	GA	-0.56821	0.18608	0.13820	0.56821	0.10542	0.13820	0.13820	0.13820
TGC	TGT	CT	-0.85119	0.06584	0.04175	0.85119	0.02811	0.04175	0.04175	0.04175
TGG	TTG	GT	-0.70886	0.00893	0.00613	0.70886	0.00439	0.00613	0.00613	0.00613
TGG	TCG	GC	-1.15237	0.02966	0.01578	1.15237	0.00937	0.01578	0.01578	0.01578
TGG	TGT	GT	-0.76620	0.00893	0.00594	0.76620	0.00415	0.00594	0.00594	0.00594
TGG	TGC	GC	0.08499	0.02966	0.03094	-0.08499	0.03229	0.03094	0.03094	0.03094
CTT	TTT	CT	1.12561	0.01255	0.02091	-1.12561	0.03867	0.02091	0.02091	0.02091
CTC	TTC	CT	1.46244	0.06760	0.12867	-1.46244	0.29180	0.12867	0.12867	0.12867
CTC	CTT	CT	-0.48331	0.06760	0.05258	0.48331	0.04169	0.05258	0.05258	0.05258
CTA	TTA	CT	-1.36350	0.01008	0.00472	1.36350	0.00258	0.00472	0.00472	0.00472
CTA	CTT	AT	1.25792	0.00184	0.00324	-1.25792	0.00649	0.00324	0.00324	0.00324
CTA	CTC	AC	1.74123	0.00613	0.01294	-1.74123	0.03496	0.01294	0.01294	0.01294
CTG	TTG	CT	-1.92924	0.20492	0.06719	1.92924	0.02977	0.06719	0.06719	0.06719
CTG	CTT	GT	-1.80720	0.03750	0.01330	1.80720	0.00615	0.01330	0.01330	0.01330
CTG	CTC	GC	-1.32389	0.12460	0.05981	1.32389	0.03315	0.05981	0.05981	0.05981
CTG	CTA	GA	-3.06512	0.57917	0.08686	3.06512	0.02702	0.08686	0.08686	0.08686
CCT	TCT	CT	0.08254	0.01812	0.01887	-0.08254	0.01968	0.01887	0.01887	0.01887
CCT	CTT	CT	0.83351	0.01812	0.02670	-0.83351	0.04169	0.02670	0.02670	0.02670
CCC	TCC	CT	0.42407	0.05978	0.07334	-0.42407	0.09135	0.07334	0.07334	0.07334
CCC	CTC	CT	1.32381	0.05978	0.10783	-1.32381	0.22462	0.10783	0.10783	0.10783
CCC	CCT	CT	0.00699	0.05978	0.05999	-0.00699	0.06020	0.05999	0.05999	0.05999
CCA	TCA	CT	0.90896	0.01699	0.02586	-0.90896	0.04216	0.02586	0.02586	0.02586
CCA	CTA	CT	0.67885	0.01699	0.02340	-0.67885	0.03349	0.02340	0.02340	0.02340
CCA	CCT	AT	1.10326	0.00311	0.00513	-1.10326	0.00937	0.00513	0.00513	0.00513
CCA	CCC	AC	1.09627	0.01033	0.01701	-1.09627	0.03092	0.01701	0.01701	0.01701
CCG	TCG	CT	1.00990	0.02312	0.03673	-1.00990	0.06348	0.03673	0.03673	0.03673
CCG	CTG	CT	3.38266	0.02312	0.08096	-3.38266	0.68090	0.08096	0.08096	0.08096
CCG	CCT	GT	0.74196	0.00423	0.00599	-0.74196	0.00889	0.00599	0.00599	0.00599
CCG	CCC	GC	0.73496	0.01406	0.01985	-0.73496	0.02932	0.01985	0.01985	0.01985
CCG	CCA	GA	-0.36130	0.06535	0.05425	0.36130	0.04553	0.05425	0.05425	0.05425
CAT	TAT	CT	1.28272	0.00578	0.01026	-1.28272	0.02085	0.01026	0.01026	0.01026
CAT	CTT	AT	1.81405	0.00106	0.00229	-1.81405	0.00649	0.00229	0.00229	0.00229
CAT	CCT	AC	0.98054	0.00351	0.00551	-0.98054	0.00937	0.00551	0.00551	0.00551
CAC	TAC	CT	1.01045	0.04758	0.07560	-1.01045	0.13070	0.07560	0.07560	0.07560
CAC	CTC	AT	1.39016	0.00871	0.01612	-1.39016	0.03496	0.01612	0.01612	0.01612
CAC	CCC	AC	0.06635	0.02893	0.02990	-0.06635	0.03092	0.02990	0.02990	0.02990
CAC	CAT	CT	-0.90719	0.04758	0.02922	0.90719	0.01921	0.02922	0.02922	0.02922
CAA	CTA	AT	1.82744	0.00084	0.00183	-1.82744	0.00521	0.00183	0.00183	0.00183
CAA	CCA	AC	1.14859	0.00279	0.00469	-1.14859	0.00879	0.00469	0.00469	0.00469
CAA	CAT	AT	1.27131	0.00084	0.00148	-1.27131	0.00299	0.00148	0.00148	0.00148
CAA	CAC	AC	2.17851	0.00279	0.00684	-2.17851	0.02461	0.00684	0.00684	0.00684
CAG	CTG	AT	1.79495	0.01761	0.03790	-1.79495	0.10598	0.03790	0.03790	0.03790
CAG	CCG	AC	-1.58771	0.05850	0.02386	1.58771	0.01196	0.02386	0.02386	0.02386
CAG	CAT	GT	-1.82630	0.01761	0.00617	1.82630	0.00283	0.00617	0.00617	0.00617
CAG	CAC	GC	-0.91910	0.05850	0.03568	0.91910	0.02334	0.03568	0.03568	0.03568
CAG	CAA	GA	-3.09761	0.27195	0.03984	3.09761	0.01228	0.03984	0.03984	0.03984
CGT	TGT	CT	0.95785	0.01079	0.01676	-0.95785	0.02811	0.01676	0.01676	0.01676
CGT	CTT	GT	1.13724	0.00197	0.00330	-1.13724	0.00615	0.00330	0.00330	0.00330
CGT	CCT	GC	0.30373	0.00656	0.00760	-0.30373	0.00889	0.00760	0.00760	0.00760
CGT	CAT	GA	-0.67681	0.03048	0.02132	0.67681	0.01549	0.02132	0.02132	0.02132
CGC	TGC	CT	1.60734	0.04385	0.08814	-1.60734	0.21877	0.08814	0.08814	0.08814
CGC	CTC	GT	1.41885	0.00802	0.01502	-1.41885	0.03315	0.01502	0.01502	0.01502
CGC	CCC	GC	0.09504	0.02666	0.02795	-0.09504	0.02932	0.02795	0.02795	0.02795
CGC	CAC	GA	0.02868	0.12392	0.12571	-0.02868	0.12753	0.12571	0.12571	0.12571
CGC	CGT	CT	-0.20170	0.04385	0.03957	0.20170	0.03584	0.03957	0.03957	0.03957
CGA	CTA	GT	1.99750	0.00067	0.00155	-1.99750	0.00494	0.00155	0.00155	0.00155
CGA	CCA	GC	1.31865	0.00223	0.00401	-1.31865	0.00833	0.00401	0.00401	0.00401
CGA	CAA	GA	0.17006	0.01036	0.01127	-0.17006	0.01228	0.01127	0.01127	0.01127
CGA	CGT	AT	2.11818	0.00067	0.00161	-2.11818	0.00558	0.00161	0.00161	0.00161
CGA	CGC	AC	2.31988	0.00223	0.00573	-2.31988	0.02268	0.00573	0.00573	0.00573
CGG	TGG	CT	1.50794	0.03588	0.06949	-1.50794	0.16209	0.06949	0.06949	0.06949
CGG	CTG	GT	2.72832	0.00657	0.01917	-2.72832	0.10050	0.01917	0.01917	0.01917
CGG	CCG	GC	-0.65434	0.02182	0.01545	0.65434	0.01134	0.01545	0.01545	0.01545
CGG	CAG	GA	0.93337	0.10141	0.15599	-0.93337	0.25789	0.15599	0.15599	0.15599
CGG	CGT	GT	-0.21612	0.00657	0.00588	0.21612	0.00529	0.00588	0.00588	0.00588
CGG	CGC	GC	-0.01441	0.02182	0.02166	0.01441	0.02150	0.02166	0.02166	0.02166
CGG	CGA	GA	-2.33429	0.10141	0.02539	2.33429	0.00982	0.02539	0.02539	0.02539
ATT	TTT	AT	1.92607	0.00088	0.00198	-1.92607	0.00602	0.00198	0.00198	0.00198
ATT	CTT	AC	0.80046	0.00291	0.00423	-0.80046	0.00649	0.00423	0.00423	0.00423
ATC	TTC	AT	2.17256	0.00517	0.01268	-2.17256	0.04542	0.01268	0.01268	0.01268
ATC	CTC	AC	0.71011	0.01719	0.02401	-0.71011	0.03496	0.02401	0.02401	0.02401
ATC	ATT	CT	-0.57365	0.02827	0.02093	0.57365	0.01593	0.02093	0.02093	0.02093
ATA	TTA	AT	0.14169	0.00035	0.00037	-0.14169	0.00040	0.00037	0.00037	0.00037
ATA	CTA	AC	1.50519	0.00116	0.00224	-1.50519	0.00521	0.00224	0.00224	0.00224
ATA	ATT	AT	1.96265	0.00035	0.00080	-1.96265	0.00248	0.00080	0.00080	0.00080
ATA	ATC	AC	2.53631	0.00116	0.00319	-2.53631	0.01462	0.00319	0.00319	0.00319
ATG	TTG	AT	-0.50810	0.00770	0.00591	0.50810	0.00463	0.00591	0.00591	0.00591
ATG	CTG	AC	1.42114	0.02559	0.04794	-1.42114	0.10598	0.04794	0.04794	0.04794
ATG	ATT	GT	-1.18651	0.00770	0.00402	1.18651	0.00235	0.00402	0.00402	0.00402
ATG	ATC	GC	-0.61286	0.02559	0.01854	0.61286	0.01386	0.01854	0.01854	0.01854
ATG	ATA	GA	-3.14917	0.11894	0.01678	3.14917	0.00510	0.01678	0.01678	0.01678
ACT	TCT	AT	1.42675	0.00074	0.00138	-1.42675	0.00306	0.00138	0.00138	0.00138
ACT	CCT	AC	1.34421	0.00244	0.00444	-1.34421	0.00937	0.00444	0.00444	0.00444
ACT	ATT	CT	1.37726	0.00402	0.00740	-1.37726	0.01593	0.00740	0.00740	0.00740
ACC	TCC	AT	0.77465	0.00655	0.00942	-0.77465	0.01422	0.00942	0.00942	0.00942
ACC	CCC	AC	0.35058	0.02177	0.02581	-0.35058	0.03092	0.02581	0.02581	0.02581
ACC	ATC	CT	0.96428	0.03581	0.05581	-0.96428	0.09393	0.05581	0.05581	0.05581
ACC	ACT	CT	-0.98663	0.03581	0.02100	0.98663	0.01335	0.02100	0.02100	0.02100
ACA	TCA	AT	0.57595	0.00369	0.00485	-0.57595	0.00656	0.00485	0.00485	0.00485
ACA	CCA	AC	-0.33301	0.01226	0.01033	0.33301	0.00879	0.01033	0.01033	0.01033
ACA	ATA	CT	-1.15936	0.02016	0.01068	1.15936	0.00632	0.01068	0.01068	0.01068
ACA	ACT	AT	-0.57396	0.00369	0.00273	0.57396	0.00208	0.00273	0.00273	0.00273
ACA	ACC	AC	0.41267	0.01226	0.01496	-0.41267	0.01852	0.01496	0.01496	0.01496
ACG	TCG	AT	0.75778	0.00463	0.00660	-0.75778	0.00988	0.00660	0.00660	0.00660
ACG	CCG	AC	-0.25213	0.01539	0.01353	0.25213	0.01196	0.01353	0.01353	0.01353
ACG	ATG	CT	1.70939	0.02531	0.05282	-1.70939	0.13983	0.05282	0.05282	0.05282
ACG	ACT	GT	-0.85438	0.00463	0.00293	0.85438	0.00197	0.00293	0.00293	0.00293
ACG	ACC	GC	0.13225	0.01539	0.01643	-0.13225	0.01756	0.01643	0.01643	0.01643
ACG	ACA	GA	-0.28042	0.07152	0.06196	0.28042	0.05403	0.06196	0.06196	0.06196
AAT	TAT	AT	0.84549	0.00139	0.00206	-0.84549	0.00324	0.00206	0.00206	0.00206
AAT	CAT	AC	-0.43723	0.00463	0.00369	0.43723	0.00299	0.00369	0.00369	0.00369
AAT	ATT	AT	0.57636	0.00139	0.00183	-0.57636	0.00248	0.00183	0.00183	0.00183
AAT	ACT	AC	-0.80090	0.00463	0.00302	0.80090	0.00208	0.00302	0.00302	0.00302
AAC	TAC	AT	0.82231	0.00894	0.01311	-0.82231	0.02034	0.01311	0.01311	0.01311
AAC	CAC	AC	-0.18813	0.02970	0.02700	0.18813	0.02461	0.02700	0.02700	0.02700
AAC	ATC	AT	0.49191	0.00894	0.01132	-0.49191	0.01462	0.01132	0.01132	0.01132
AAC	ACC	AC	-0.47236	0.02970	0.02324	0.47236	0.01852	0.02324	0.02324	0.02324
AAC	AAT	CT	-0.65810	0.04885	0.03453	0.65810	0.02530	0.03453	0.03453	0.03453
AAA	CAA	AC	-0.19212	0.00287	0.00260	0.19212	0.00237	0.00260	0.00260	0.00260
AAA	ATA	AT	0.13013	0.00086	0.00092	-0.13013	0.00098	0.00092	0.00092	0.00092
AAA	ACA	AC	1.28948	0.00287	0.00511	-1.28948	0.01043	0.00511	0.00511	0.00511
AAA	AAT	AT	1.51642	0.00086	0.00168	-1.51642	0.00394	0.00168	0.00168	0.00168
AAA	AAC	AC	2.17452	0.00287	0.00705	-2.17452	0.02526	0.00705	0.00705	0.00705
AAG	CAG	AC	0.83056	0.02169	0.03193	-0.83056	0.04976	0.03193	0.03193	0.03193
AAG	ATG	AT	1.20436	0.00653	0.01123	-1.20436	0.02176	0.01123	0.01123	0.01123
AAG	ACG	AC	-0.50503	0.02169	0.01667	0.50503	0.01309	0.01667	0.01667	0.01667
AAG	AAT	GT	-0.55851	0.00653	0.00487	0.55851	0.00373	0.00487	0.00487	0.00487
AAG	AAC	GC	0.09959	0.02169	0.02279	-0.09959	0.02396	0.02279	0.02279	0.02279
AAG	AAA	GA	-2.07493	0.10081	0.03004	2.07493	0.01266	0.03004	0.03004	0.03004
AGT	TGT	AT	1.06430	0.00151	0.00245	-1.06430	0.00437	0.00245	0.00245	0.00245
AGT	CGT	AC	0.10645	0.00501	0.00529	-0.10645	0.00558	0.00529	0.00529	0.00529
AGT	ATT	GT	0.44323	0.00151	0.00187	-0.44323	0.00235	0.00187	0.00187	0.00187
AGT	ACT	GC	-0.93403	0.00501	0.00303	0.93403	0.00197	0.00303	0.00303	0.00303
AGT	AAT	GA	-0.13313	0.02331	0.02179	0.13313	0.02040	0.02179	0.02179	0.02179
AGC	TGC	AT	0.88086	0.01411	0.02123	-0.88086	0.03405	0.02123	0.02123	0.02123
AGC	CGC	AC	-0.72647	0.04689	0.03190	0.72647	0.02268	0.03190	0.03190	0.03190
AGC	ATC	GT	-0.01774	0.01411	0.01399	0.01774	0.01386	0.01399	0.01399	0.01399
AGC	ACC	GC	-0.98202	0.04689	0.02758	0.98202	0.01756	0.02758	0.02758	0.02758
AGC	AAC	GA	-0.50965	0.21796	0.16712	0.50965	0.13093	0.16712	0.16712	0.16712
AGC	AGT	CT	-1.03462	0.07712	0.04398	1.03462	0.02740	0.04398	0.04398	0.04398
AGA	CGA	AC	1.30452	0.00051	0.00092	-1.30452	0.00190	0.00092	0.00092	0.00092
AGA	ATA	GT	1.79683	0.00015	0.00033	-1.79683	0.00093	0.00033	0.00033	0.00033
AGA	ACA	GC	2.95618	0.00051	0.00160	-2.95618	0.00989	0.00160	0.00160	0.00160
AGA	AAA	GA	1.66670	0.00239	0.00491	-1.66670	0.01266	0.00491	0.00491	0.00491
AGA	AGT	AT	3.31625	0.00015	0.00053	-3.31625	0.00427	0.00053	0.00053	0.00053
AGA	AGC	AC	4.35087	0.00051	0.00227	-4.35087	0.03988	0.00227	0.00227	0.00227
AGG	TGG	AT	1.82283	0.00408	0.00886	-1.82283	0.02523	0.00886	0.00886	0.00886
AGG	CGG	AC	0.31489	0.01354	0.01579	-0.31489	0.01856	0.01579	0.01579	0.01579
AGG	ATG	GT	1.62207	0.00408	0.00824	-1.62207	0.02064	0.00824	0.00824	0.00824
AGG	ACG	GC	-0.08732	0.01354	0.01296	0.08732	0.01241	0.01296	0.01296	0.01296
AGG	AAG	GA	0.41771	0.06296	0.07702	-0.41771	0.09560	0.07702	0.07702	0.07702
AGG	AGT	GT	-0.00767	0.00408	0.00406	0.00767	0.00404	0.00406	0.00406	0.00406
AGG	AGC	GC	1.02695	0.01354	0.02167	-1.02695	0.03782	0.02167	0.02167	0.02167
AGG	AGA	GA	-3.32392	0.06296	0.00782	3.32392	0.00227	0.00782	0.00782	0.00782
GTT	TTT	GT	2.30830	0.00057	0.00145	-2.30830	0.00571	0.00145	0.00145	0.00145
GTT	CTT	GC	1.18269	0.00189	0.00322	-1.18269	0.00615	0.00322	0.00322	0.00322
GTT	ATT	GA	0.38223	0.00877	0.01055	-0.38223	0.01285	0.01055	0.01055	0.01055
GTC	TTC	GT	2.01536	0.00574	0.01335	-2.01536	0.04307	0.01335	0.01335	0.01335
GTC	CTC	GC	0.55291	0.01907	0.02483	-0.55291	0.03315	0.02483	0.02483	0.02483
GTC	ATC	GA	-0.15720	0.08866	0.08187	0.15720	0.07576	0.08187	0.08187	0.08187
GTC	GTT	CT	-1.11309	0.03137	0.01708	1.11309	0.01031	0.01708	0.01708	0.01708
GTA	TTA	GT	-0.25315	0.00049	0.00043	0.25315	0.00038	0.00043	0.00043	0.00043
GTA	CTA	GC	1.11035	0.00163	0.00270	-1.11035	0.00494	0.00270	0.00270	0.00270
GTA	ATA	GA	-0.39484	0.00757	0.00617	0.39484	0.00510	0.00617	0.00617	0.00617
GTA	GTT	AT	1.18559	0.00049	0.00084	-1.18559	0.00160	0.00084	0.00084	0.00084
GTA	GTC	AC	2.29867	0.00163	0.00416	-2.29867	0.01622	0.00416	0.00416	0.00416
GTG	TTG	GT	-1.64857	0.02284	0.00897	1.64857	0.00439	0.00897	0.00897	0.00897
GTG	CTG	GC	0.28067	0.07591	0.08706	-0.28067	0.10050	0.08706	0.08706	0.08706
GTG	ATG	GA	-1.14047	0.35284	0.18908	1.14047	0.11279	0.18908	0.18908	0.18908
GTG	GTT	GT	-2.70922	0.02284	0.00442	2.70922	0.00152	0.00442	0.00442	0.00442
GTG	GTC	GC	-1.59613	0.07591	0.03080	1.59613	0.01538	0.03080	0.03080	0.03080
GTG	GTA	GA	-3.89480	0.35284	0.02854	3.89480	0.00718	0.02854	0.02854	0.02854
GCT	TCT	GT	-0.49679	0.00477	0.00368	0.49679	0.00290	0.00368	0.00368	0.00368
GCT	CCT	GC	-0.57933	0.01586	0.01171	0.57933	0.00889	0.01171	0.01171	0.01171
GCT	ACT	GA	-1.92354	0.07372	0.02426	1.92354	0.01077	0.02426	0.02426	0.02426
GCT	GTT	CT	-0.92851	0.02608	0.01582	0.92851	0.01031	0.01582	0.01582	0.01582
GCC	TCC	GT	-0.54461	0.02324	0.01749	0.54461	0.01348	0.01749	0.01749	0.01749
GCC	CCC	GC	-0.96868	0.07723	0.04577	0.96868	0.02932	0.04577	0.04577	0.04577
GCC	ACC	GA	-1.31926	0.35902	0.17282	1.31926	0.09598	0.17282	0.17282	0.17282
GCC	GTC	CT	-0.19778	0.12703	0.11488	0.19778	0.10423	0.11488	0.11488	0.11488
GCC	GCT	CT	-0.38235	0.12703	0.10429	0.38235	0.08666	0.10429	0.10429	0.10429
GCA	TCA	GT	0.67759	0.00316	0.00435	-0.67759	0.00622	0.00435	0.00435	0.00435
GCA	CCA	GC	-0.23137	0.01050	0.00933	0.23137	0.00833	0.00933	0.00933	0.00933
GCA	ACA	GA	0.10165	0.04881	0.05134	-0.10165	0.05403	0.05134	0.05134	0.05134
GCA	GTA	CT	-0.66287	0.01727	0.01217	0.66287	0.00890	0.01217	0.01217	0.01217
GCA	GCT	AT	1.45123	0.00316	0.00599	-1.45123	0.01349	0.00599	0.00599	0.00599
GCA	GCC	AC	1.83358	0.01050	0.02292	-1.83358	0.06570	0.02292	0.02292	0.02292
GCG	TCG	GT	0.80419	0.00419	0.00610	-0.80419	0.00937	0.00610	0.00610	0.00610
GCG	CCG	GC	-0.20572	0.01393	0.01255	0.20572	0.01134	0.01255	0.01255	0.01255
GCG	ACG	GA	0.04641	0.06475	0.06627	-0.04641	0.06783	0.06627	0.06627	0.06627
GCG	GTG	CT	2.89627	0.02291	0.07023	-2.89627	0.41482	0.07023	0.07023	0.07023
GCG	GCT	GT	1.11557	0.00419	0.00696	-1.11557	0.01279	0.00696	0.00696	0.00696
GCG	GCC	GC	1.49792	0.01393	0.02687	-1.49792	0.06230	0.02687	0.02687	0.02687
GCG	GCA	GA	-0.33565	0.06475	0.05449	0.33565	0.04629	0.05449	0.05449	0.05449
GAT	TAT	GT	0.54006	0.00179	0.00232	-0.54006	0.00308	0.00232	0.00232	0.00232
GAT	CAT	GC	-0.74266	0.00596	0.00402	0.74266	0.00283	0.00402	0.00402	0.00402
GAT	AAT	GA	-0.30543	0.02769	0.02368	0.30543	0.02040	0.02368	0.02368	0.02368
GAT	GTT	AT	-0.11130	0.00179	0.00170	0.11130	0.00160	0.00170	0.00170	0.00170
GAT	GCT	AC	0.81721	0.00596	0.00872	-0.81721	0.01349	0.00872	0.00872	0.00872
GAC	TAC	GT	0.55449	0.01108	0.01443	-0.55449	0.01929	0.01443	0.01443	0.01443
GAC	CAC	GC	-0.45596	0.03682	0.02906	0.45596	0.02334	0.02906	0.02906	0.02906
GAC	AAC	GA	-0.26783	0.17114	0.14925	0.26783	0.13093	0.14925	0.14925	0.14925
GAC	GTC	AT	0.38129	0.01108	0.01333	-0.38129	0.01622	0.01333	0.01333	0.01333
GAC	GCC	AC	0.57907	0.03682	0.04850	-0.57907	0.06570	0.04850	0.04850	0.04850
GAC	GAT	CT	-0.62050	0.06055	0.04370	0.62050	0.03256	0.04370	0.04370	0.04370
GAA	CAA	GC	-0.23017	0.00283	0.00252	0.23017	0.00225	0.00252	0.00252	0.00252
GAA	AAA	GA	-0.03805	0.01315	0.01290	0.03805	0.01266	0.01290	0.01290	0.01290
GAA	GTA	AT	0.48691	0.00085	0.00108	-0.48691	0.00139	0.00108	0.00108	0.00108
GAA	GCA	AC	1.14979	0.00283	0.00476	-1.14979	0.00893	0.00476	0.00476	0.00476
GAA	GAT	AT	1.78380	0.00085	0.00183	-1.78380	0.00507	0.00183	0.00183	0.00183
GAA	GAC	AC	2.40430	0.00283	0.00748	-2.40430	0.03132	0.00748	0.00748	0.00748
GAG	CAG	GC	0.00185	0.04710	0.04715	-0.00185	0.04719	0.04715	0.04715	0.04715
GAG	AAG	GA	-0.82871	0.21896	0.14062	0.82871	0.09560	0.14062	0.14062	0.14062
GAG	GTG	AT	1.51613	0.01418	0.02754	-1.51613	0.06457	0.02754	0.02754	0.02754
GAG	GCG	AC	-1.38015	0.04710	0.02185	1.38015	0.01185	0.02185	0.02185	0.02185
GAG	GAT	GT	-1.08179	0.01418	0.00786	1.08179	0.00481	0.00786	0.00786	0.00786
GAG	GAC	GC	-0.46129	0.04710	0.03707	0.46129	0.02970	0.03707	0.03707	0.03707
GAG	GAA	GA	-2.86559	0.21896	0.03789	2.86559	0.01247	0.03789	0.03789	0.03789
GGT	TGT	GT	0.98589	0.00155	0.00243	-0.98589	0.00415	0.00243	0.00243	0.00243
GGT	CGT	GC	0.02804	0.00514	0.00522	-0.02804	0.00529	0.00522	0.00522	0.00522
GGT	AGT	GA	-0.07841	0.02391	0.02298	0.07841	0.02211	0.02298	0.02298	0.02298
GGT	GTT	GT	-0.01741	0.00155	0.00153	0.01741	0.00152	0.00153	0.00153	0.00153
GGT	GCT	GC	0.91111	0.00514	0.00784	-0.91111	0.01279	0.00784	0.00784	0.00784
GGT	GAT	GA	0.09389	0.02391	0.02505	-0.09389	0.02626	0.02505	0.02505	0.02505
GGC	TGC	GT	0.58544	0.01798	0.02376	-0.58544	0.03229	0.02376	0.02376	0.02376
GGC	CGC	GC	-1.02190	0.05975	0.03433	1.02190	0.02150	0.03433	0.03433	0.03433
GGC	AGC	GA	-0.29542	0.27773	0.23872	0.29542	0.20669	0.23872	0.23872	0.23872
GGC	GTC	GT	-0.15596	0.01798	0.01662	0.15596	0.01538	0.01662	0.01662	0.01662
GGC	GCC	GC	0.04182	0.05975	0.06101	-0.04182	0.06230	0.06101	0.06101	0.06101
GGC	GAC	GA	-0.53725	0.27773	0.20977	0.53725	0.16229	0.20977	0.20977	0.20977
GGC	GGT	CT	-1.25164	0.09827	0.04927	1.25164	0.02811	0.04927	0.04927	0.04927
GGA	CGA	GC	-1.02583	0.00501	0.00287	1.02583	0.00180	0.00287	0.00287	0.00287
GGA	AGA	GA	-2.33036	0.02331	0.00585	2.33036	0.00227	0.00585	0.00585	0.00585
GGA	GTA	GT	-0.13869	0.00151	0.00141	0.13869	0.00131	0.00141	0.00141	0.00141
GGA	GCA	GC	0.52418	0.00501	0.00644	-0.52418	0.00847	0.00644	0.00644	0.00644
GGA	GAA	GA	-0.62561	0.02331	0.01677	0.62561	0.01247	0.01677	0.01677	0.01677
GGA	GGT	AT	1.06430	0.00151	0.00245	-1.06430	0.00437	0.00245	0.00245	0.00245
GGA	GGC	AC	2.31594	0.00501	0.01289	-2.31594	0.05082	0.01289	0.01289	0.01289
GGG	TGG	GT	1.08933	0.00805	0.01321	-1.08933	0.02392	0.01321	0.01321	0.01321
GGG	CGG	GC	-0.41861	0.02675	0.02154	0.41861	0.01760	0.02154	0.02154	0.02154
GGG	AGG	GA	-0.73350	0.12432	0.08425	0.73350	0.05970	0.08425	0.08425	0.08425
GGG	GTG	GT	2.02904	0.00805	0.01880	-2.02904	0.06123	0.01880	0.01880	0.01880
GGG	GCG	GC	-0.86723	0.02675	0.01680	0.86723	0.01124	0.01680	0.01680	0.01680
GGG	GAG	GA	0.51292	0.12432	0.15892	-0.51292	0.20764	0.15892	0.15892	0.15892
GGG	GGT	GT	-0.66276	0.00805	0.00567	0.66276	0.00415	0.00567	0.00567	0.00567
GGG	GGC	GC	0.58888	0.02675	0.03539	-0.58888	0.04819	0.03539	0.03539	0.03539
GGG	GGA	GA	-1.72706	0.12432	0.04643	1.72706	0.02211	0.04643	0.04643	0.04643


Histograms
2Ns	FMut	FSub(CodonUsage)	FSubw(after w)

-4.34969	0.00450	0.00031	0.00031
-3.91473	0.01893	0.00204	0.00204
-3.47976	0.03947	0.00625	0.00625
-3.04479	0.08514	0.01772	0.01772
-2.60982	0.01027	0.00279	0.00279
-2.17485	0.04582	0.01629	0.01629
-1.73988	0.07205	0.03516	0.03516
-1.30491	0.12824	0.08230	0.08230
-0.86994	0.11543	0.09570	0.09570
-0.43497	0.16002	0.16877	0.16877
0.00000	0.10978	0.14532	0.14532
0.43497	0.10319	0.16877	0.16877
0.86994	0.04821	0.09570	0.09570
1.30491	0.03472	0.08230	0.08230
1.73988	0.01255	0.03516	0.03516
2.17485	0.00493	0.01629	0.01629
2.60982	0.00075	0.00279	0.00279
3.04479	0.00424	0.01772	0.01772
3.47976	0.00135	0.00625	0.00625
3.91473	0.00039	0.00204	0.00204
4.34969	0.00005	0.00031	0.00031

Proportion of advantageous (S > 0) mutations:
 0.26265

Proportions of good & bad mutations (|S| > 2.0000) among mutations:
0.01164  0.20373

mean |Ns| = 1.27603	mean Ns+ = 0.72342	mean Ns- = -1.47286

