Supplemental results for CODEML (seqf: ../TAS1R1_DNA_alignment.fa  treef: TAS1R1_ML.raxml.bestTree)

I	J	ij	2Ns_IJ	pMut_IJ	pSub_IJ	2Ns_JI	pMut_JI	pSub_JI

TTC	TTT	CT	0.33110	0.08807	0.10345	-0.33110	0.12264	0.10345	0.10345	0.10345
TTA	TTT	AT	4.49389	0.00029	0.00134	-4.49389	0.02635	0.00134	0.00134	0.00134
TTA	TTC	AC	4.16279	0.00088	0.00374	-4.16279	0.05686	0.00374	0.00374	0.00374
TTG	TTT	GT	1.56144	0.00381	0.00753	-1.56144	0.01817	0.00753	0.00753	0.00753
TTG	TTC	GC	1.23034	0.01145	0.01991	-1.23034	0.03920	0.01991	0.01991	0.01991
TTG	TTA	GA	-2.93245	0.05069	0.00836	2.93245	0.00270	0.00836	0.00836	0.00836
TCT	TTT	CT	1.33340	0.03232	0.05853	-1.33340	0.12264	0.05853	0.05853	0.05853
TCC	TTC	CT	1.53638	0.05693	0.11144	-1.53638	0.26459	0.11144	0.11144	0.11144
TCC	TCT	CT	0.53408	0.05693	0.07348	-0.53408	0.09712	0.07348	0.07348	0.07348
TCA	TTA	CT	-1.03651	0.01132	0.00645	1.03651	0.00402	0.00645	0.00645	0.00645
TCA	TCT	AT	2.12398	0.00250	0.00602	-2.12398	0.02087	0.00602	0.00602	0.00602
TCA	TCC	AC	1.58990	0.00750	0.01497	-1.58990	0.03676	0.01497	0.01497	0.01497
TCG	TTG	CT	2.64357	0.00370	0.01052	-2.64357	0.05197	0.01052	0.01052	0.01052
TCG	TCT	GT	2.87161	0.00081	0.00248	-2.87161	0.01439	0.00248	0.00248	0.00248
TCG	TCC	GC	2.33753	0.00245	0.00633	-2.33753	0.02534	0.00633	0.00633	0.00633
TCG	TCA	GA	0.74763	0.01083	0.01538	-0.74763	0.02287	0.01538	0.01538	0.01538
TAT	TTT	AT	1.36076	0.00676	0.01237	-1.36076	0.02635	0.01237	0.01237	0.01237
TAT	TCT	AC	0.02737	0.02031	0.02059	-0.02737	0.02087	0.02059	0.02059	0.02059
TAC	TTC	AT	1.72277	0.01015	0.02129	-1.72277	0.05686	0.02129	0.02129	0.02129
TAC	TCC	AC	0.18639	0.03051	0.03344	-0.18639	0.03676	0.03344	0.03344	0.03344
TAC	TAT	CT	0.69311	0.04608	0.06388	-0.69311	0.09215	0.06388	0.06388	0.06388
TGT	TTT	GT	0.89109	0.00745	0.01126	-0.89109	0.01817	0.01126	0.01126	0.01126
TGT	TCT	GC	-0.44231	0.02239	0.01780	0.44231	0.01439	0.01780	0.01780	0.01780
TGT	TAT	GA	-0.46968	0.09909	0.07763	0.46968	0.06195	0.07763	0.07763	0.07763
TGC	TTC	GT	1.13650	0.01258	0.02105	-1.13650	0.03920	0.02105	0.02105	0.02105
TGC	TCC	GC	-0.39988	0.03779	0.03074	0.39988	0.02534	0.03074	0.03074	0.03074
TGC	TAC	GA	-0.58627	0.16727	0.12300	0.58627	0.09307	0.12300	0.12300	0.12300
TGC	TGT	CT	0.57651	0.05709	0.07512	-0.57651	0.10161	0.07512	0.07512	0.07512
TGG	TTG	GT	-0.40620	0.01156	0.00937	0.40620	0.00770	0.00937	0.00937	0.00937
TGG	TCG	GC	-3.04976	0.03472	0.00527	3.04976	0.00164	0.00527	0.00527	0.00527
TGG	TGT	GT	0.26416	0.01156	0.01315	-0.26416	0.01505	0.01315	0.01315	0.01315
TGG	TGC	GC	-0.31236	0.03472	0.02958	0.31236	0.02541	0.02958	0.02958	0.02958
CTT	TTT	CT	1.32854	0.03248	0.05870	-1.32854	0.12264	0.05870	0.05870	0.05870
CTC	TTC	CT	1.39614	0.06550	0.12153	-1.39614	0.26459	0.12153	0.12153	0.12153
CTC	CTT	CT	0.39869	0.06550	0.07942	-0.39869	0.09759	0.07942	0.07942	0.07942
CTA	TTA	CT	-1.44198	0.01698	0.00758	1.44198	0.00402	0.00758	0.00758	0.00758
CTA	CTT	AT	1.72337	0.00374	0.00785	-1.72337	0.02097	0.00785	0.00785	0.00785
CTA	CTC	AC	1.32468	0.01124	0.02029	-1.32468	0.04229	0.02029	0.02029	0.02029
CTG	TTG	CT	-1.03945	0.14696	0.08358	1.03945	0.05197	0.08358	0.08358	0.08358
CTG	CTT	GT	-0.80655	0.03238	0.02106	0.80655	0.01446	0.02106	0.02106	0.02106
CTG	CTC	GC	-1.20524	0.09729	0.05016	1.20524	0.02915	0.05016	0.05016	0.05016
CTG	CTA	GA	-2.52992	0.43061	0.09430	2.52992	0.03430	0.09430	0.09430	0.09430
CCT	TCT	CT	0.93453	0.03814	0.05870	-0.93453	0.09712	0.05870	0.05870	0.05870
CCT	CTT	CT	0.93938	0.03814	0.05882	-0.93938	0.09759	0.05882	0.05882	0.05882
CCC	TCC	CT	1.27800	0.04765	0.08442	-1.27800	0.17104	0.08442	0.08442	0.08442
CCC	CTC	CT	1.41824	0.04765	0.08917	-1.41824	0.19679	0.08917	0.08917	0.08917
CCC	CCT	CT	0.87755	0.04765	0.07158	-0.87755	0.11460	0.07158	0.07158	0.07158
CCA	TCA	CT	0.66722	0.01746	0.02392	-0.66722	0.03402	0.02392	0.02392	0.02392
CCA	CTA	CT	1.07269	0.01746	0.02846	-1.07269	0.05103	0.02846	0.02846	0.02846
CCA	CCT	AT	1.85667	0.00385	0.00846	-1.85667	0.02463	0.00846	0.00846	0.00846
CCA	CCC	AC	0.97912	0.01156	0.01812	-0.97912	0.03077	0.01812	0.01812	0.01812
CCG	TCG	CT	1.07903	0.00377	0.00617	-1.07903	0.01110	0.00617	0.00617	0.00617
CCG	CTG	CT	4.76204	0.00377	0.01813	-4.76204	0.44154	0.01813	0.01813	0.01813
CCG	CCT	GT	3.01611	0.00083	0.00264	-3.01611	0.01698	0.00264	0.00264	0.00264
CCG	CCC	GC	2.13856	0.00250	0.00606	-2.13856	0.02121	0.00606	0.00606	0.00606
CCG	CCA	GA	1.15944	0.01106	0.01868	-1.15944	0.03526	0.01868	0.01868	0.01868
CAT	TAT	CT	1.57317	0.01911	0.03793	-1.57317	0.09215	0.03793	0.03793	0.03793
CAT	CTT	AT	1.60539	0.00421	0.00846	-1.60539	0.02097	0.00846	0.00846	0.00846
CAT	CCT	AC	0.66601	0.01265	0.01733	-0.66601	0.02463	0.01733	0.01733	0.01733
CAC	TAC	CT	1.06652	0.04765	0.07750	-1.06652	0.13844	0.07750	0.07750	0.07750
CAC	CTC	AT	1.39316	0.01050	0.01946	-1.39316	0.04229	0.01946	0.01946	0.01946
CAC	CCC	AC	-0.02508	0.03155	0.03115	0.02508	0.03077	0.03115	0.03115	0.03115
CAC	CAT	CT	0.18646	0.04765	0.05223	-0.18646	0.05742	0.05223	0.05223	0.05223
CAA	CTA	AT	1.33229	0.00289	0.00524	-1.33229	0.01097	0.00524	0.00524	0.00524
CAA	CCA	AC	0.25961	0.00869	0.00987	-0.25961	0.01127	0.00987	0.00987	0.00987
CAA	CAT	AT	1.45027	0.00289	0.00548	-1.45027	0.01234	0.00548	0.00548	0.00548
CAA	CAC	AC	1.26381	0.00869	0.01531	-1.26381	0.03077	0.01531	0.01531	0.01531
CAG	CTG	AT	1.60966	0.01897	0.03817	-1.60966	0.09489	0.03817	0.03817	0.03817
CAG	CCG	AC	-3.15239	0.05700	0.00802	3.15239	0.00244	0.00802	0.00802	0.00802
CAG	CAT	GT	-0.80229	0.01897	0.01237	0.80229	0.00851	0.01237	0.01237	0.01237
CAG	CAC	GC	-0.98875	0.05700	0.03339	0.98875	0.02121	0.03339	0.03339	0.03339
CAG	CAA	GA	-2.25256	0.25228	0.06676	2.25256	0.02652	0.06676	0.06676	0.06676
CGT	TGT	CT	3.23204	0.00401	0.01350	-3.23204	0.10161	0.01350	0.01350	0.01350
CGT	CTT	GT	2.79459	0.00088	0.00263	-2.79459	0.01446	0.00263	0.00263	0.00263
CGT	CCT	GC	1.85521	0.00266	0.00584	-1.85521	0.01698	0.00584	0.00584	0.00584
CGT	CAT	GA	1.18920	0.01175	0.02009	-1.18920	0.03860	0.02009	0.02009	0.02009
CGC	TGC	CT	1.77955	0.02894	0.06195	-1.77955	0.17151	0.06195	0.06195	0.06195
CGC	CTC	GT	1.51992	0.00638	0.01240	-1.51992	0.02915	0.01240	0.01240	0.01240
CGC	CCC	GC	0.10168	0.01916	0.02015	-0.10168	0.02121	0.02015	0.02015	0.02015
CGC	CAC	GA	0.12676	0.08479	0.09027	-0.12676	0.09624	0.09027	0.09027	0.09027
CGC	CGT	CT	-0.87598	0.02894	0.01809	0.87598	0.01205	0.01809	0.01809	0.01809
CGA	CTA	GT	1.84414	0.00120	0.00262	-1.84414	0.00756	0.00262	0.00262	0.00262
CGA	CCA	GC	0.77145	0.00359	0.00515	-0.77145	0.00777	0.00515	0.00515	0.00515
CGA	CAA	GA	0.51185	0.01590	0.02031	-0.51185	0.02652	0.02031	0.02031	0.02031
CGA	CGT	AT	0.77292	0.00120	0.00172	-0.77292	0.00259	0.00172	0.00172	0.00172
CGA	CGC	AC	1.64890	0.00359	0.00733	-1.64890	0.01868	0.00733	0.00733	0.00733
CGG	TGG	CT	2.40438	0.01423	0.03762	-2.40438	0.15758	0.03762	0.03762	0.03762
CGG	CTG	GT	3.03763	0.00314	0.01001	-3.03763	0.06541	0.01001	0.01001	0.01001
CGG	CCG	GC	-1.72441	0.00942	0.00353	1.72441	0.00168	0.00353	0.00353	0.00353
CGG	CAG	GA	1.42797	0.04170	0.07833	-1.42797	0.17390	0.07833	0.07833	0.07833
CGG	CGT	GT	-0.56351	0.00314	0.00234	0.56351	0.00179	0.00234	0.00234	0.00234
CGG	CGC	GC	0.31247	0.00942	0.01097	-0.31247	0.01288	0.01097	0.01097	0.01097
CGG	CGA	GA	-1.33643	0.04170	0.01987	1.33643	0.01096	0.01987	0.01987	0.01987
ATT	TTT	AT	1.93784	0.00380	0.00859	-1.93784	0.02635	0.00859	0.00859	0.00859
ATT	CTT	AC	0.60930	0.01140	0.01523	-0.60930	0.02097	0.01523	0.01523	0.01523
ATC	TTC	AT	1.53931	0.01220	0.02390	-1.53931	0.05686	0.02390	0.02390	0.02390
ATC	CTC	AC	0.14318	0.03665	0.03933	-0.14318	0.04229	0.03933	0.03933	0.03933
ATC	ATT	CT	-0.06743	0.05536	0.05351	0.06743	0.05175	0.05351	0.05351	0.05351
ATA	TTA	AT	-1.20977	0.00289	0.00149	1.20977	0.00086	0.00149	0.00149	0.00149
ATA	CTA	AC	0.23221	0.00869	0.00974	-0.23221	0.01097	0.00974	0.00974	0.00974
ATA	ATT	AT	1.34628	0.00289	0.00527	-1.34628	0.01112	0.00527	0.00527	0.00527
ATA	ATC	AC	1.41371	0.00869	0.01624	-1.41371	0.03574	0.01624	0.01624	0.01624
ATG	TTG	AT	0.26004	0.00861	0.00978	-0.26004	0.01117	0.00978	0.00978	0.00978
ATG	CTG	AC	1.29949	0.02587	0.04623	-1.29949	0.09489	0.04623	0.04623	0.04623
ATG	ATT	GT	-0.11636	0.00861	0.00812	0.11636	0.00767	0.00812	0.00812	0.00812
ATG	ATC	GC	-0.04893	0.02587	0.02524	0.04893	0.02464	0.02524	0.02524	0.02524
ATG	ATA	GA	-1.46264	0.11451	0.05049	1.46264	0.02652	0.05049	0.05049	0.05049
ACT	TCT	AT	1.25006	0.00598	0.01047	-1.25006	0.02087	0.01047	0.01047	0.01047
ACT	CCT	AC	0.31553	0.01796	0.02095	-0.31553	0.02463	0.02095	0.02095	0.02095
ACT	ATT	CT	0.64561	0.02713	0.03683	-0.64561	0.05175	0.03683	0.03683	0.03683
ACC	TCC	AT	1.07501	0.01254	0.02047	-1.07501	0.03676	0.02047	0.02047	0.02047
ACC	CCC	AC	-0.20299	0.03769	0.03399	0.20299	0.03077	0.03399	0.03399	0.03399
ACC	ATC	CT	1.07207	0.05693	0.09280	-1.07207	0.16632	0.09280	0.09280	0.09280
ACC	ACT	CT	0.35903	0.05693	0.06776	-0.35903	0.08152	0.06776	0.06776	0.06776
ACA	TCA	AT	0.34773	0.00516	0.00611	-0.34773	0.00731	0.00611	0.00611	0.00611
ACA	CCA	AC	-0.31949	0.01551	0.01317	0.31949	0.01127	0.01317	0.01317	0.01317
ACA	ATA	CT	0.52099	0.02343	0.03006	-0.52099	0.03945	0.03006	0.03006	0.03006
ACA	ACT	AT	1.22165	0.00516	0.00894	-1.22165	0.01752	0.00894	0.00894	0.00894
ACA	ACC	AC	0.86262	0.01551	0.02315	-0.86262	0.03676	0.02315	0.02315	0.02315
ACG	TCG	AT	-0.87998	0.00575	0.00359	0.87998	0.00239	0.00359	0.00359	0.00359
ACG	CCG	AC	-1.95901	0.01728	0.00556	1.95901	0.00244	0.00556	0.00556	0.00556
ACG	ATG	CT	1.50354	0.02611	0.05047	-1.50354	0.11741	0.05047	0.05047	0.05047
ACG	ACT	GT	0.74157	0.00575	0.00815	-0.74157	0.01208	0.00815	0.00815	0.00815
ACG	ACC	GC	0.38254	0.01728	0.02080	-0.38254	0.02534	0.02080	0.02080	0.02080
ACG	ACA	GA	-0.48008	0.07649	0.05959	0.48008	0.04733	0.05959	0.05959	0.05959
AAT	TAT	AT	1.33737	0.00520	0.00943	-1.33737	0.01980	0.00943	0.00943	0.00943
AAT	CAT	AC	-0.23580	0.01562	0.01385	0.23580	0.01234	0.01385	0.01385	0.01385
AAT	ATT	AT	0.76030	0.00520	0.00742	-0.76030	0.01112	0.00742	0.00742	0.00742
AAT	ACT	AC	0.11468	0.01562	0.01653	-0.11468	0.01752	0.01653	0.01653	0.01653
AAC	TAC	AT	0.96675	0.01131	0.01765	-0.96675	0.02975	0.01765	0.01765	0.01765
AAC	CAC	AC	-0.09978	0.03399	0.03233	0.09978	0.03077	0.03233	0.03233	0.03233
AAC	ATC	AT	1.15021	0.01131	0.01904	-1.15021	0.03574	0.01904	0.01904	0.01904
AAC	ACC	AC	0.07814	0.03399	0.03534	-0.07814	0.03676	0.03534	0.03534	0.03534
AAC	AAT	CT	0.32248	0.05135	0.06007	-0.32248	0.07089	0.06007	0.06007	0.06007
AAA	CAA	AC	0.17293	0.00713	0.00777	-0.17293	0.00848	0.00777	0.00777	0.00777
AAA	ATA	AT	1.27302	0.00237	0.00420	-1.27302	0.00848	0.00420	0.00420	0.00420
AAA	ACA	AC	0.75203	0.00713	0.01015	-0.75203	0.01513	0.01015	0.01015	0.01015
AAA	AAT	AT	1.85900	0.00237	0.00523	-1.85900	0.01523	0.00523	0.00523	0.00523
AAA	AAC	AC	1.53652	0.00713	0.01396	-1.53652	0.03315	0.01396	0.01396	0.01396
AAG	CAG	AC	0.41807	0.03660	0.04478	-0.41807	0.05559	0.04478	0.04478	0.04478
AAG	ATG	AT	0.72824	0.01218	0.01715	-0.72824	0.02523	0.01715	0.01715	0.01715
AAG	ACG	AC	-0.77530	0.03660	0.02422	0.77530	0.01685	0.02422	0.02422	0.02422
AAG	AAT	GT	-0.14841	0.01218	0.01130	0.14841	0.01050	0.01130	0.01130	0.01130
AAG	AAC	GC	-0.47090	0.03660	0.02865	0.47090	0.02285	0.02865	0.02865	0.02865
AAG	AAA	GA	-2.00742	0.16197	0.05046	2.00742	0.02176	0.05046	0.05046	0.05046
AGT	TGT	AT	1.64162	0.00423	0.00861	-1.64162	0.02183	0.00861	0.00861	0.00861
AGT	CGT	AC	-1.59042	0.01270	0.00517	1.59042	0.00259	0.00517	0.00517	0.00517
AGT	ATT	GT	0.59487	0.00423	0.00561	-0.59487	0.00767	0.00561	0.00561	0.00561
AGT	ACT	GC	-0.05074	0.01270	0.01238	0.05074	0.01208	0.01238	0.01238	0.01238
AGT	AAT	GA	-0.16543	0.05623	0.05170	0.16543	0.04765	0.05170	0.05170	0.05170
AGC	TGC	AT	0.93273	0.01450	0.02230	-0.93273	0.03686	0.02230	0.02230	0.02230
AGC	CGC	AC	-0.84682	0.04357	0.02770	0.84682	0.01868	0.02770	0.02770	0.02770
AGC	ATC	GT	0.52992	0.01450	0.01868	-0.52992	0.02464	0.01868	0.01868	0.01868
AGC	ACC	GC	-0.54215	0.04357	0.03282	0.54215	0.02534	0.03282	0.03282	0.03282
AGC	AAC	GA	-0.62029	0.19284	0.13918	0.62029	0.10371	0.13918	0.13918	0.13918
AGC	AGT	CT	-0.13238	0.06582	0.06156	0.13238	0.05766	0.06156	0.06156	0.06156
AGA	CGA	AC	-0.79492	0.00776	0.00508	0.79492	0.00350	0.00508	0.00508	0.00508
AGA	ATA	GT	0.81701	0.00258	0.00378	-0.81701	0.00584	0.00378	0.00378	0.00378
AGA	ACA	GC	0.29603	0.00776	0.00896	-0.29603	0.01043	0.00896	0.00896	0.00896
AGA	AAA	GA	-0.45600	0.03433	0.02709	0.45600	0.02176	0.02709	0.02709	0.02709
AGA	AGT	AT	1.56842	0.00258	0.00512	-1.56842	0.01239	0.00512	0.00512	0.00512
AGA	AGC	AC	1.70080	0.00776	0.01614	-1.70080	0.04249	0.01614	0.01614	0.01614
AGG	TGG	AT	1.55920	0.00712	0.01406	-1.55920	0.03386	0.01406	0.01406	0.01406
AGG	CGG	AC	-0.84517	0.02140	0.01361	0.84517	0.00919	0.01361	0.01361	0.01361
AGG	ATG	GT	0.89296	0.00712	0.01077	-0.89296	0.01739	0.01077	0.01077	0.01077
AGG	ACG	GC	-0.61058	0.02140	0.01552	0.61058	0.01162	0.01552	0.01552	0.01552
AGG	AAG	GA	0.16472	0.09469	0.10271	-0.16472	0.11165	0.10271	0.10271	0.10271
AGG	AGT	GT	0.18174	0.00712	0.00779	-0.18174	0.00854	0.00779	0.00779	0.00779
AGG	AGC	GC	0.31411	0.02140	0.02493	-0.31411	0.02929	0.02493	0.02493	0.02493
AGG	AGA	GA	-1.38669	0.09469	0.04375	1.38669	0.02366	0.04375	0.04375	0.04375
GTT	TTT	GT	1.36715	0.00463	0.00849	-1.36715	0.01817	0.00849	0.00849	0.00849
GTT	CTT	GC	0.03861	0.01391	0.01418	-0.03861	0.01446	0.01418	0.01418	0.01418
GTT	ATT	GA	-0.57069	0.06156	0.04565	0.57069	0.03479	0.04565	0.04565	0.04565
GTC	TTC	GT	1.71231	0.00707	0.01478	-1.71231	0.03920	0.01478	0.01478	0.01478
GTC	CTC	GC	0.31617	0.02125	0.02479	-0.31617	0.02915	0.02479	0.02479	0.02479
GTC	ATC	GA	0.17300	0.09405	0.10241	-0.17300	0.11181	0.10241	0.10241	0.10241
GTC	GTT	CT	0.67626	0.03210	0.04416	-0.67626	0.06312	0.04416	0.04416	0.04416
GTA	TTA	GT	-0.52474	0.00101	0.00076	0.52474	0.00059	0.00076	0.00076	0.00076
GTA	CTA	GC	0.91724	0.00302	0.00461	-0.91724	0.00756	0.00461	0.00461	0.00461
GTA	ATA	GA	0.68504	0.01337	0.01847	-0.68504	0.02652	0.01847	0.01847	0.01847
GTA	GTT	AT	2.60201	0.00101	0.00283	-2.60201	0.01356	0.00283	0.00283	0.00283
GTA	GTC	AC	1.92575	0.00302	0.00681	-1.92575	0.02072	0.00681	0.00681	0.00681
GTG	TTG	GT	-1.12790	0.02378	0.01284	1.12790	0.00770	0.01284	0.01284	0.01284
GTG	CTG	GC	-0.08846	0.07146	0.06834	0.08846	0.06541	0.06834	0.06834	0.06834
GTG	ATG	GA	-1.38795	0.31625	0.14599	1.38795	0.07893	0.14599	0.14599	0.14599
GTG	GTT	GT	-0.93361	0.02378	0.01438	0.93361	0.00935	0.01438	0.01438	0.01438
GTG	GTC	GC	-1.60988	0.07146	0.02874	1.60988	0.01428	0.02874	0.02874	0.02874
GTG	GTA	GA	-3.53562	0.31625	0.03356	3.53562	0.00922	0.03356	0.03356	0.03356
GCT	TCT	GT	0.58600	0.00801	0.01058	-0.58600	0.01439	0.01058	0.01058	0.01058
GCT	CCT	GC	-0.34853	0.02406	0.02011	0.34853	0.01698	0.02011	0.02011	0.02011
GCT	ACT	GA	-0.66406	0.10646	0.07500	0.66406	0.05480	0.07500	0.07500	0.07500
GCT	GTT	CT	0.55224	0.03634	0.04729	-0.55224	0.06312	0.04729	0.04729	0.04729
GCC	TCC	GT	0.11687	0.02254	0.02389	-0.11687	0.02534	0.02389	0.02389	0.02389
GCC	CCC	GC	-1.16113	0.06773	0.03585	1.16113	0.02121	0.03585	0.03585	0.03585
GCC	ACC	GA	-0.95814	0.29974	0.17873	0.95814	0.11498	0.17873	0.17873	0.17873
GCC	GTC	CT	-0.05906	0.10230	0.09931	0.05906	0.09643	0.09931	0.09931	0.09931
GCC	GCT	CT	0.06496	0.10230	0.10566	-0.06496	0.10917	0.10566	0.10566	0.10566
GCA	TCA	GT	-0.28822	0.00672	0.00580	0.28822	0.00504	0.00580	0.00580	0.00580
GCA	CCA	GC	-0.95545	0.02020	0.01206	0.95545	0.00777	0.01206	0.01206	0.01206
GCA	ACA	GA	-0.63595	0.08939	0.06396	0.63595	0.04733	0.06396	0.06396	0.06396
GCA	GTA	CT	-0.80000	0.03051	0.01992	0.80000	0.01371	0.01992	0.01992	0.01992
GCA	GCT	AT	1.24976	0.00672	0.01178	-1.24976	0.02346	0.01178	0.01178	0.01178
GCA	GCC	AC	1.18480	0.02020	0.03447	-1.18480	0.06605	0.03447	0.03447	0.03447
GCG	TCG	GT	-0.47077	0.00263	0.00206	0.47077	0.00164	0.00206	0.00206	0.00206
GCG	CCG	GC	-1.54980	0.00791	0.00330	1.54980	0.00168	0.00330	0.00330	0.00330
GCG	ACG	GA	0.40922	0.03502	0.04267	-0.40922	0.05273	0.04267	0.04267	0.04267
GCG	GTG	CT	3.30070	0.01195	0.04096	-3.30070	0.32428	0.04096	0.04096	0.04096
GCG	GCT	GT	1.81485	0.00263	0.00571	-1.81485	0.01617	0.00571	0.00571	0.00571
GCG	GCC	GC	1.74989	0.00791	0.01676	-1.74989	0.04553	0.01676	0.01676	0.01676
GCG	GCA	GA	0.56509	0.03502	0.04584	-0.56509	0.06162	0.04584	0.04584	0.04584
GAT	TAT	GT	1.70627	0.00248	0.00517	-1.70627	0.01365	0.00517	0.00517	0.00517
GAT	CAT	GC	0.13310	0.00745	0.00795	-0.13310	0.00851	0.00795	0.00795	0.00795
GAT	AAT	GA	0.36890	0.03295	0.03940	-0.36890	0.04765	0.03940	0.03940	0.03940
GAT	GTT	AT	1.69989	0.00248	0.00515	-1.69989	0.01356	0.00515	0.00515	0.00515
GAT	GCT	AC	1.14764	0.00745	0.01252	-1.14764	0.02346	0.01252	0.01252	0.01252
GAC	TAC	GT	0.49150	0.01254	0.01588	-0.49150	0.02051	0.01588	0.01588	0.01588
GAC	CAC	GC	-0.57503	0.03769	0.02789	0.57503	0.02121	0.02789	0.02789	0.02789
GAC	AAC	GA	-0.47525	0.16681	0.13030	0.47525	0.10371	0.13030	0.13030	0.13030
GAC	GTC	AT	0.50196	0.01254	0.01596	-0.50196	0.02072	0.01596	0.01596	0.01596
GAC	GCC	AC	0.56102	0.03769	0.04924	-0.56102	0.06605	0.04924	0.04924	0.04924
GAC	GAT	CT	-0.52167	0.05693	0.04337	0.52167	0.03379	0.04337	0.04337	0.04337
GAA	CAA	GC	-0.89225	0.01426	0.00883	0.89225	0.00584	0.00883	0.00883	0.00883
GAA	AAA	GA	-1.06519	0.06313	0.03537	1.06519	0.02176	0.03537	0.03537	0.03537
GAA	GTA	AT	-0.47720	0.00475	0.00370	0.47720	0.00295	0.00370	0.00370	0.00370
GAA	GCA	AC	0.32280	0.01426	0.01669	-0.32280	0.01970	0.01669	0.01669	0.01669
GAA	GAT	AT	0.42492	0.00475	0.00583	-0.42492	0.00726	0.00583	0.00583	0.00583
GAA	GAC	AC	0.94658	0.01426	0.02206	-0.94658	0.03676	0.02206	0.02206	0.02206
GAG	CAG	GC	-0.08572	0.04175	0.03999	0.08572	0.03832	0.03999	0.03999	0.03999
GAG	AAG	GA	-0.50379	0.18478	0.14212	0.50379	0.11165	0.14212	0.14212	0.14212
GAG	GTG	AT	1.61240	0.01390	0.02799	-1.61240	0.06969	0.02799	0.02799	0.02799
GAG	GCG	AC	-1.68831	0.04175	0.01598	1.68831	0.00772	0.01598	0.01598	0.01598
GAG	GAT	GT	-1.02110	0.01390	0.00799	1.02110	0.00501	0.00799	0.00799	0.00799
GAG	GAC	GC	-0.49943	0.04175	0.03219	0.49943	0.02534	0.03219	0.03219	0.03219
GAG	GAA	GA	-1.44602	0.18478	0.08231	1.44602	0.04352	0.08231	0.08231	0.08231
GGT	TGT	GT	1.32002	0.00402	0.00724	-1.32002	0.01505	0.00724	0.00724	0.00724
GGT	CGT	GC	-1.91203	0.01208	0.00401	1.91203	0.00179	0.00401	0.00401	0.00401
GGT	AGT	GA	-0.32161	0.05346	0.04532	0.32161	0.03876	0.04532	0.04532	0.04532
GGT	GTT	GT	0.84395	0.00402	0.00595	-0.84395	0.00935	0.00595	0.00595	0.00595
GGT	GCT	GC	0.29171	0.01208	0.01393	-0.29171	0.01617	0.01393	0.01393	0.01393
GGT	GAT	GA	-0.85593	0.05346	0.03381	0.85593	0.02272	0.03381	0.03381	0.03381
GGC	TGC	GT	0.48701	0.01561	0.01972	-0.48701	0.02541	0.01972	0.01972	0.01972
GGC	CGC	GC	-1.29254	0.04690	0.02295	1.29254	0.01288	0.02295	0.02295	0.02295
GGC	AGC	GA	-0.44572	0.20759	0.16475	0.44572	0.13293	0.16475	0.16475	0.16475
GGC	GTC	GT	-0.08880	0.01561	0.01493	0.08880	0.01428	0.01493	0.01493	0.01493
GGC	GCC	GC	-0.02973	0.04690	0.04621	0.02973	0.04553	0.04621	0.04621	0.04621
GGC	GAC	GA	-0.59075	0.20759	0.15227	0.59075	0.11498	0.15227	0.15227	0.15227
GGC	GGT	CT	-0.25649	0.07085	0.06215	0.25649	0.05482	0.06215	0.06215	0.06215
GGA	CGA	GC	-1.42570	0.01005	0.00453	1.42570	0.00241	0.00453	0.00453	0.00453
GGA	AGA	GA	-0.63078	0.04447	0.03191	0.63078	0.02366	0.03191	0.03191	0.03191
GGA	GTA	GT	-0.49880	0.00334	0.00258	0.49880	0.00203	0.00258	0.00258	0.00258
GGA	GCA	GC	0.30120	0.01005	0.01164	-0.30120	0.01358	0.01164	0.01164	0.01164
GGA	GAA	GA	-0.02160	0.04447	0.04399	0.02160	0.04352	0.04399	0.04399	0.04399
GGA	GGT	AT	1.25925	0.00334	0.00588	-1.25925	0.01178	0.00588	0.00588	0.00588
GGA	GGC	AC	1.51574	0.01005	0.01952	-1.51574	0.04574	0.01952	0.01952	0.01952
GGG	TGG	GT	0.65040	0.01218	0.01657	-0.65040	0.02334	0.01657	0.01657	0.01657
GGG	CGG	GC	-1.75398	0.03660	0.01344	1.75398	0.00633	0.01344	0.01344	0.01344
GGG	AGG	GA	-0.90880	0.16197	0.09937	0.90880	0.06527	0.09937	0.09937	0.09937
GGG	GTG	GT	1.37211	0.01218	0.02239	-1.37211	0.04804	0.02239	0.02239	0.02239
GGG	GCG	GC	-1.92859	0.03660	0.01200	1.92859	0.00532	0.01200	0.01200	0.01200
GGG	GAG	GA	-0.24029	0.16197	0.14329	0.24029	0.12737	0.14329	0.14329	0.14329
GGG	GGT	GT	-0.40546	0.01218	0.00988	0.40546	0.00812	0.00988	0.00988	0.00988
GGG	GGC	GC	-0.14897	0.03660	0.03394	0.14897	0.03153	0.03394	0.03394	0.03394
GGG	GGA	GA	-1.66471	0.16197	0.06294	1.66471	0.03065	0.06294	0.06294	0.06294


Histograms
2Ns	FMut	FSub(CodonUsage)	FSubw(after w)

-4.53528	0.02243	0.00117	0.00117
-4.08175	0.00273	0.00023	0.00023
-3.62822	0.01516	0.00202	0.00202
-3.17470	0.02877	0.00485	0.00485
-2.72117	0.02760	0.00730	0.00730
-2.26764	0.02288	0.00740	0.00740
-1.81411	0.06502	0.03013	0.03013
-1.36058	0.16896	0.09864	0.09864
-0.90706	0.10898	0.08286	0.08286
-0.45353	0.18783	0.18409	0.18409
0.00000	0.12960	0.16260	0.16260
0.45353	0.11681	0.18409	0.18409
0.90706	0.04295	0.08286	0.08286
1.36058	0.04269	0.09864	0.09864
1.81411	0.01136	0.03013	0.03013
2.26764	0.00231	0.00740	0.00740
2.72117	0.00208	0.00730	0.00730
3.17470	0.00115	0.00485	0.00485
3.62822	0.00044	0.00202	0.00202
4.08175	0.00004	0.00023	0.00023
4.53528	0.00020	0.00117	0.00117

Proportion of advantageous (S > 0) mutations:
 0.28127

Proportions of good & bad mutations (|S| > 2.0000) among mutations:
0.00727  0.12734

mean |Ns| = 1.13234	mean Ns+ = 0.69748	mean Ns- = -1.30252

