

TREE # 1

  0  0.0000  19594.778692  x:  0.26386   0.03961   0.13436   0.08942   0.04058   0.10622   0.06316   0.02615   0.09723   0.02941   0.46864   0.04145   0.05588   0.04482   0.02682   0.05385   0.03490   0.02477   0.02729   0.01951   0.04856   0.02552   0.01120   0.01585   0.00730   0.04534   0.02529   0.02460   0.04733   0.01185   0.01790   0.02619   0.05975   0.00878   0.04308   0.00000   0.05597   0.23694   0.03119   0.31242   0.02941   0.01197   0.05804   0.01266   0.02434   0.03588   0.03501   0.03397   0.03191   0.04491   0.03548   0.05849   0.04045   0.04517   0.04818   0.01818   0.01660   0.20574   0.05322   0.00645   0.09941   0.07954   0.05226   0.05435   0.09756   3.00000   0.55930   1.03984   0.45913   1.00000  
  1 99.0000  19432.073101  x:  0.26783   0.04745   0.13992   0.09531   0.03612   0.10576   0.06527   0.02360   0.09597   0.03062   0.47317   0.03861   0.06314   0.05031   0.02717   0.04983   0.02811   0.02226   0.01816   0.01143   0.04132   0.01955   0.00559   0.01033   0.00000   0.03832   0.01719   0.01792   0.03923   0.00771   0.01395   0.02716   0.05700   0.00461   0.03958   0.01250   0.05034   0.24006   0.02197   0.31610   0.03473   0.01091   0.05909   0.00356   0.01528   0.03632   0.02605   0.02998   0.02575   0.03866   0.03552   0.05310   0.03292   0.03808   0.04163   0.00955   0.01154   0.20961   0.06426   0.01582   0.10534   0.08126   0.05061   0.05193   0.09894   3.00074   0.55741   1.04026   0.46018   0.99109  
  2 4018.9131  19379.213419  x:  0.26948   0.05046   0.14221   0.09771   0.03426   0.10557   0.06613   0.02256   0.09544   0.03111   0.47510   0.03744   0.06600   0.05241   0.02732   0.04816   0.02532   0.02138   0.01430   0.00815   0.03829   0.01719   0.00385   0.00832   0.00403   0.03541   0.01385   0.01525   0.03583   0.00642   0.01252   0.02751   0.05589   0.00321   0.03815   0.01533   0.04781   0.24138   0.01801   0.31763   0.03670   0.01053   0.05952   0.00000   0.01147   0.03650   0.02223   0.02839   0.02323   0.03606   0.03555   0.05085   0.02976   0.03512   0.03889   0.00603   0.00970   0.21121   0.06854   0.01876   0.10774   0.08193   0.04994   0.05094   0.09944   3.00106   0.55660   1.04044   0.46062   0.98725  
  3 25889.5633  19311.413354  x:  0.27240   0.05555   0.14622   0.10188   0.03102   0.10523   0.06762   0.02078   0.09452   0.03198   0.47853   0.03539   0.07088   0.05596   0.02758   0.04525   0.02044   0.01992   0.00748   0.00256   0.03293   0.01315   0.00159   0.00513   0.00977   0.03030   0.00803   0.01067   0.02981   0.00458   0.01022   0.02809   0.05396   0.00117   0.03567   0.01894   0.04326   0.24371   0.01095   0.32033   0.03999   0.00992   0.06028   0.00422   0.00490   0.03683   0.01544   0.02567   0.01886   0.03150   0.03559   0.04689   0.02419   0.02989   0.03408   0.00000   0.00678   0.21404   0.07583   0.02328   0.11191   0.08306   0.04879   0.04920   0.10028   3.00162   0.55517   1.04077   0.46141   0.98041  
  4 34479.8334  19290.076559  x:  0.27363   0.05769   0.14791   0.10364   0.02964   0.10508   0.06826   0.02003   0.09412   0.03234   0.47998   0.03452   0.07294   0.05745   0.02769   0.04402   0.01838   0.01931   0.00460   0.00029   0.03065   0.01147   0.00087   0.00385   0.01205   0.02813   0.00558   0.00876   0.02725   0.00387   0.00927   0.02833   0.05315   0.00041   0.03462   0.02039   0.04132   0.24470   0.00794   0.32148   0.04137   0.00967   0.06060   0.00585   0.00214   0.03696   0.01255   0.02453   0.01701   0.02957   0.03560   0.04521   0.02183   0.02768   0.03205   0.00081   0.00563   0.21524   0.07890   0.02515   0.11368   0.08353   0.04830   0.04846   0.10063   3.00186   0.55456   1.04090   0.46174   0.97749  
  5 55860.3796  19271.152087  x:  0.27471   0.05948   0.14938   0.10516   0.02846   0.10496   0.06880   0.01940   0.09378   0.03266   0.48127   0.03378   0.07468   0.05869   0.02778   0.04296   0.01663   0.01881   0.00217   0.00177   0.02869   0.01013   0.00188   0.00312   0.01355   0.02625   0.00362   0.00724   0.02503   0.00357   0.00859   0.02854   0.05246   0.00036   0.03375   0.02139   0.03962   0.24557   0.00529   0.32248   0.04249   0.00948   0.06086   0.00686   0.00000   0.03708   0.01003   0.02358   0.01547   0.02792   0.03562   0.04376   0.01979   0.02577   0.03030   0.00118   0.00488   0.21628   0.08149   0.02660   0.11519   0.08393   0.04789   0.04783   0.10092   3.00207   0.55402   1.04103   0.46204   0.97491  
  6 26674.8249  19255.677553  x:  0.27562   0.06099   0.15061   0.10644   0.02746   0.10485   0.06926   0.01887   0.09349   0.03293   0.48235   0.03315   0.07614   0.05973   0.02785   0.04207   0.01514   0.01839   0.00014   0.00283   0.02703   0.00901   0.00269   0.00254   0.01479   0.02467   0.00198   0.00597   0.02314   0.00334   0.00802   0.02870   0.05188   0.00036   0.03301   0.02222   0.03818   0.24630   0.00305   0.32333   0.04345   0.00932   0.06109   0.00766   0.00029   0.03718   0.00789   0.02278   0.01416   0.02652   0.03564   0.04253   0.01807   0.02415   0.02882   0.00147   0.00426   0.21716   0.08367   0.02783   0.11647   0.08427   0.04754   0.04729   0.10116   3.00225   0.55357   1.04113   0.46229   0.97272  
  7 61572.6945  19236.462221  x:  0.27683   0.06290   0.15225   0.10812   0.02615   0.10471   0.06987   0.01820   0.09311   0.03328   0.48381   0.03233   0.07802   0.06104   0.02794   0.04091   0.01326   0.01790   0.00191   0.00343   0.02487   0.00771   0.00385   0.00273   0.01604   0.02260   0.00079   0.00468   0.02064   0.00355   0.00751   0.02891   0.05113   0.00113   0.03208   0.02294   0.03625   0.24729   0.00000   0.32446   0.04461   0.00916   0.06139   0.00844   0.00049   0.03732   0.00504   0.02180   0.01255   0.02471   0.03566   0.04092   0.01582   0.02203   0.02688   0.00171   0.00398   0.21832   0.08645   0.02922   0.11814   0.08470   0.04709   0.04659   0.10146   3.00250   0.55295   1.04127   0.46263   0.96974  
  8 17058.3308  19206.709231  x:  0.27902   0.06611   0.15514   0.11107   0.02385   0.10444   0.07092   0.01709   0.09243   0.03391   0.48649   0.03089   0.08122   0.06321   0.02808   0.03891   0.01010   0.01716   0.00256   0.00366   0.02107   0.00597   0.00554   0.00441   0.01758   0.01898   0.00449   0.00353   0.01619   0.00473   0.00714   0.02923   0.04983   0.00280   0.03050   0.02347   0.03274   0.24908   0.00000   0.32653   0.04649   0.00896   0.06189   0.00936   0.00062   0.03755   0.00000   0.02022   0.00999   0.02159   0.03571   0.03807   0.01191   0.01833   0.02349   0.00194   0.00458   0.22042   0.09120   0.03125   0.12107   0.08543   0.04632   0.04537   0.10194   3.00295   0.55182   1.04152   0.46325   0.96424  
  9 20066.1173  19173.851551  x:  0.28400   0.07269   0.16162   0.11755   0.01888   0.10385   0.07323   0.01494   0.09089   0.03533   0.49277   0.02779   0.08792   0.06751   0.02830   0.03468   0.00428   0.01606   0.00275   0.00335   0.01300   0.00496   0.00821   0.00862   0.01940   0.01136   0.00783   0.00593   0.00646   0.00812   0.00810   0.02978   0.04705   0.00598   0.02724   0.02206   0.02466   0.25322   0.00000   0.33130   0.05004   0.00893   0.06295   0.01046   0.00069   0.03815   0.00771   0.01747   0.00595   0.01541   0.03585   0.03185   0.00386   0.01051   0.01629   0.00214   0.00801   0.22517   0.10113   0.03425   0.12749   0.08692   0.04473   0.04273   0.10284   3.00403   0.54914   1.04212   0.46472   0.95112  
 10 8803.6527  19139.170599  x:  0.29066   0.07901   0.16982   0.12534   0.01382   0.10307   0.07594   0.01398   0.08896   0.03713   0.50179   0.02447   0.09482   0.07114   0.02834   0.03085   0.01058   0.01683   0.00193   0.00291   0.00735   0.01401   0.00731   0.01011   0.01768   0.00701   0.00526   0.01139   0.00175   0.00972   0.01219   0.02983   0.04397   0.00684   0.02447   0.01311   0.01450   0.25895   0.00000   0.33796   0.05233   0.00970   0.06409   0.00973   0.00057   0.03869   0.00518   0.01730   0.01223   0.01106   0.03618   0.02552   0.00709   0.00620   0.01073   0.00197   0.01101   0.23141   0.11152   0.03352   0.13517   0.08835   0.04324   0.03990   0.10340   3.00565   0.54520   1.04299   0.46690   0.93134  
 11 3390.0968  19121.265889  x:  0.29628   0.08413   0.17667   0.13181   0.01013   0.10243   0.07816   0.01348   0.08736   0.03866   0.50951   0.02188   0.10044   0.07402   0.02835   0.02791   0.01209   0.01735   0.00168   0.00301   0.00544   0.01748   0.00642   0.01094   0.01647   0.00611   0.00439   0.01401   0.01023   0.01062   0.01425   0.02984   0.04157   0.00717   0.02251   0.00608   0.00730   0.26382   0.00000   0.34364   0.05407   0.01017   0.06498   0.00932   0.00054   0.03912   0.00446   0.01722   0.01431   0.00888   0.03642   0.02076   0.00730   0.00554   0.00797   0.00193   0.01268   0.23668   0.12006   0.03268   0.14153   0.08950   0.04209   0.03769   0.10383   3.00706   0.54181   1.04374   0.46878   0.91419  
 12 7316.0332  19092.437733  x:  0.30347   0.08973   0.18520   0.13966   0.00753   0.10169   0.08079   0.01397   0.08542   0.04061   0.51974   0.01931   0.10677   0.07686   0.02832   0.02540   0.01186   0.01818   0.00209   0.00389   0.01108   0.01877   0.00519   0.01069   0.01598   0.01042   0.00488   0.01523   0.00944   0.01055   0.01526   0.02967   0.03911   0.00670   0.02142   0.00061   0.00661   0.27011   0.00000   0.35104   0.05540   0.01057   0.06591   0.00932   0.00062   0.03954   0.00464   0.01787   0.01488   0.01065   0.03664   0.01706   0.00735   0.01045   0.01073   0.00204   0.01331   0.24334   0.12991   0.03017   0.14924   0.09073   0.04103   0.03549   0.10416   3.00898   0.53724   1.04474   0.47132   0.89079  
 13 4596.0987  19042.428362  x:  0.32600   0.10526   0.21156   0.16360   0.00125   0.09937   0.08874   0.01650   0.07944   0.04663   0.55235   0.01199   0.12502   0.08417   0.02815   0.01899   0.01558   0.02184   0.00381   0.00706   0.02310   0.02684   0.00387   0.01179   0.02173   0.02100   0.00776   0.02219   0.01239   0.01198   0.02051   0.02871   0.03216   0.00698   0.01940   0.01100   0.00973   0.28999   0.00000   0.37447   0.05770   0.01225   0.06859   0.01269   0.00099   0.04075   0.00651   0.02138   0.02047   0.01629   0.03737   0.00788   0.01175   0.02198   0.01782   0.00292   0.01731   0.26414   0.15847   0.01779   0.17269   0.09414   0.03821   0.02927   0.10471   3.01516   0.52260   1.04792   0.47948   0.81539  
 14 15244.3841  18962.641247  x:  0.35219   0.11900   0.24114   0.18942   0.01866   0.09740   0.09690   0.02321   0.07354   0.05358   0.59258   0.00940   0.14213   0.08894   0.02816   0.02181   0.01755   0.02440   0.00386   0.00464   0.02477   0.03086   0.01113   0.01221   0.02296   0.02363   0.00884   0.02618   0.01541   0.01157   0.02237   0.02743   0.02984   0.00783   0.02276   0.01171   0.01662   0.31346   0.00000   0.40264   0.05645   0.01248   0.07062   0.01338   0.00098   0.04122   0.00755   0.02520   0.02299   0.02050   0.03782   0.03062   0.01584   0.02427   0.02127   0.00283   0.01872   0.28803   0.18725   0.00000   0.19791   0.09704   0.03752   0.02737   0.10483   3.02320   0.50409   1.05187   0.48995   0.71719  
 15 7185.4945  18962.641247  x:  0.35219   0.11900   0.24114   0.18942   0.01866   0.09740   0.09690   0.02321   0.07354   0.05358   0.59258   0.00940   0.14213   0.08894   0.02816   0.02181   0.01755   0.02440   0.00386   0.00464   0.02477   0.03086   0.01113   0.01221   0.02296   0.02363   0.00884   0.02618   0.01541   0.01157   0.02237   0.02743   0.02984   0.00783   0.02276   0.01171   0.01662   0.31346   0.00000   0.40264   0.05645   0.01248   0.07062   0.01338   0.00098   0.04122   0.00755   0.02520   0.02299   0.02050   0.03782   0.03062   0.01584   0.02427   0.02127   0.00283   0.01872   0.28803   0.18725   0.00000   0.19791   0.09704   0.03752   0.02737   0.10483   3.02320   0.50409   1.05187   0.48995   0.71719  
 16 4083.6820  18919.210168  x:  0.35230   0.11761   0.24081   0.18847   0.01717   0.09743   0.09599   0.02201   0.07427   0.05318   0.59412   0.01228   0.14062   0.08761   0.02828   0.02483   0.01485   0.02268   0.00000   0.00288   0.02148   0.02598   0.00731   0.00919   0.01653   0.02043   0.00540   0.02122   0.01212   0.00871   0.01861   0.02776   0.03289   0.00598   0.02391   0.01043   0.01636   0.31370   0.00000   0.40329   0.05527   0.01127   0.07004   0.00686   0.00896   0.04075   0.00241   0.02386   0.01952   0.01906   0.03747   0.02959   0.01278   0.02082   0.01961   0.00141   0.01472   0.28800   0.18625   0.00613   0.19730   0.09695   0.03871   0.03036   0.10535   3.02378   0.50314   1.05200   0.49063   0.71002  
 17 2698.4880  18903.731523  x:  0.35236   0.11694   0.24065   0.18802   0.01646   0.09745   0.09555   0.02144   0.07462   0.05299   0.59485   0.01364   0.13990   0.08698   0.02833   0.02625   0.01358   0.02188   0.00088   0.00211   0.01993   0.02366   0.00554   0.00780   0.01347   0.01891   0.00381   0.01886   0.01057   0.00737   0.01683   0.02791   0.03432   0.00512   0.02446   0.00983   0.01624   0.31381   0.00000   0.40361   0.05471   0.01070   0.06977   0.00375   0.01247   0.04053   0.00000   0.02323   0.01788   0.01838   0.03731   0.02911   0.01133   0.01919   0.01883   0.00086   0.01283   0.28799   0.18577   0.00896   0.19701   0.09691   0.03928   0.03176   0.10559   3.02406   0.50269   1.05207   0.49096   0.70660  
 18 44108.4738  18889.010391  x:  0.35243   0.11610   0.24046   0.18745   0.01563   0.09748   0.09501   0.02077   0.07505   0.05270   0.59578   0.01511   0.13899   0.08619   0.02839   0.02781   0.01213   0.02095   0.00142   0.00222   0.01811   0.02079   0.00390   0.00641   0.00960   0.01714   0.00261   0.01599   0.00888   0.00609   0.01473   0.02808   0.03596   0.00432   0.02508   0.00919   0.01614   0.31395   0.00000   0.40401   0.05402   0.01011   0.06942   0.00000   0.01476   0.04029   0.00271   0.02252   0.01597   0.01773   0.03714   0.02855   0.00973   0.01725   0.01797   0.00226   0.01067   0.28798   0.18514   0.01183   0.19662   0.09681   0.03993   0.03336   0.10583   3.02442   0.50210   1.05215   0.49138   0.70222  
 19 9369.4465  18872.361540  x:  0.35260   0.11420   0.24003   0.18619   0.01397   0.09754   0.09382   0.01941   0.07597   0.05197   0.59785   0.01784   0.13697   0.08447   0.02853   0.03072   0.00937   0.01916   0.00203   0.00398   0.01448   0.01472   0.00229   0.00450   0.00117   0.01365   0.00285   0.01002   0.00600   0.00446   0.01059   0.02838   0.03916   0.00337   0.02629   0.00807   0.01606   0.31428   0.00000   0.40489   0.05255   0.00903   0.06871   0.00495   0.01642   0.03979   0.00549   0.02116   0.01215   0.01654   0.03682   0.02744   0.00682   0.01336   0.01633   0.00441   0.00658   0.28794   0.18373   0.01675   0.19573   0.09650   0.04121   0.03648   0.10621   3.02522   0.50081   1.05233   0.49232   0.69237  
 20 6161.2761  18868.142179  x:  0.35264   0.11373   0.23993   0.18589   0.01368   0.09757   0.09355   0.01916   0.07618   0.05175   0.59837   0.01825   0.13648   0.08408   0.02856   0.03117   0.00907   0.01891   0.00198   0.00412   0.01389   0.01355   0.00345   0.00489   0.00016   0.01313   0.00361   0.00901   0.00605   0.00490   0.01004   0.02841   0.03972   0.00361   0.02649   0.00798   0.01610   0.31435   0.00000   0.40511   0.05223   0.00891   0.06855   0.00466   0.01568   0.03969   0.00532   0.02095   0.01158   0.01637   0.03678   0.02726   0.00666   0.01275   0.01612   0.00424   0.00631   0.28794   0.18337   0.01739   0.19550   0.09639   0.04144   0.03702   0.10624   3.02541   0.50048   1.05238   0.49256   0.68991  
 21 3154.5289  18855.211248  x:  0.35287   0.11131   0.23941   0.18432   0.01215   0.09768   0.09212   0.01785   0.07728   0.05062   0.60101   0.02049   0.13395   0.08205   0.02877   0.03359   0.00738   0.01757   0.00180   0.00494   0.01077   0.00739   0.00794   0.00643   0.00143   0.01035   0.00684   0.00369   0.00599   0.00666   0.00704   0.02859   0.04267   0.00457   0.02757   0.00746   0.01631   0.31476   0.00000   0.40624   0.05057   0.00823   0.06773   0.00391   0.01227   0.03918   0.00485   0.01981   0.00854   0.01547   0.03658   0.02630   0.00566   0.00950   0.01496   0.00368   0.00469   0.28791   0.18152   0.02096   0.19431   0.09585   0.04266   0.03990   0.10642   3.02645   0.49882   1.05260   0.49378   0.67715  
 22 13714.5778  18833.208301  x:  0.35333   0.10672   0.23845   0.18140   0.01018   0.09794   0.08953   0.01603   0.07927   0.04836   0.60609   0.02372   0.12919   0.07840   0.02912   0.03706   0.00686   0.01613   0.00129   0.00506   0.00865   0.00176   0.00558   0.00659   0.00124   0.00838   0.00621   0.00705   0.00717   0.00683   0.00669   0.02874   0.04710   0.00485   0.02905   0.00719   0.01675   0.31555   0.00000   0.40842   0.04771   0.00776   0.06630   0.00317   0.00333   0.03836   0.00361   0.01851   0.00686   0.01466   0.03640   0.02504   0.00667   0.00716   0.01396   0.00288   0.00745   0.28787   0.17798   0.02597   0.19204   0.09472   0.04450   0.04430   0.10654   3.02844   0.49560   1.05302   0.49616   0.65239  
 23 2929.8388  18824.825505  x:  0.35350   0.10501   0.23810   0.18031   0.00951   0.09804   0.08858   0.01540   0.08000   0.04753   0.60799   0.02492   0.12742   0.07706   0.02925   0.03832   0.00667   0.01564   0.00114   0.00512   0.00809   0.00285   0.00504   0.00663   0.00121   0.00782   0.00607   0.00729   0.00739   0.00688   0.00654   0.02879   0.04871   0.00490   0.02958   0.00708   0.01690   0.31584   0.00000   0.40923   0.04666   0.00761   0.06578   0.00295   0.00049   0.03807   0.00322   0.01807   0.00642   0.01439   0.03633   0.02458   0.00685   0.00655   0.01363   0.00272   0.00786   0.28786   0.17665   0.02786   0.19119   0.09431   0.04517   0.04591   0.10659   3.02919   0.49440   1.05317   0.49706   0.64309  
 24 12044.4551  18746.071993  x:  0.35652   0.07617   0.23227   0.16219   0.00162   0.09985   0.07299   0.00716   0.09196   0.03294   0.64018   0.04066   0.09782   0.05523   0.03138   0.05489   0.00954   0.01117   0.00232   0.00805   0.00750   0.01125   0.00817   0.01390   0.00227   0.00726   0.01100   0.01744   0.01714   0.01396   0.01266   0.02904   0.07163   0.00930   0.03656   0.00796   0.01998   0.32077   0.00000   0.42298   0.03026   0.00763   0.05750   0.00588   0.00654   0.03378   0.00739   0.01341   0.00885   0.01312   0.03597   0.01874   0.01564   0.00680   0.01171   0.00306   0.02066   0.28773   0.15423   0.05010   0.17678   0.08680   0.05470   0.06894   0.10624   3.04193   0.47399   1.05574   0.51235   0.48481  
 25 8403.5759  18688.505156  x:  0.35921   0.05510   0.22844   0.14950   0.02060   0.10174   0.06382   0.01417   0.10017   0.02349   0.66552   0.04925   0.07688   0.04288   0.03241   0.06229   0.01069   0.01606   0.00252   0.00648   0.01570   0.00913   0.00969   0.01448   0.00243   0.01549   0.01168   0.01457   0.01792   0.01450   0.01354   0.02874   0.08380   0.00816   0.03864   0.00845   0.02065   0.32461   0.00000   0.43374   0.02362   0.00956   0.05305   0.00690   0.00476   0.03232   0.00854   0.01638   0.01333   0.01482   0.03652   0.01878   0.01668   0.01540   0.01521   0.00298   0.02119   0.28811   0.13753   0.06184   0.16618   0.08135   0.05922   0.08171   0.10530   3.05209   0.45801   1.05745   0.52493   0.35914  
 26 9776.4211  18651.952091  x:  0.36201   0.04729   0.22816   0.14512   0.00929   0.10237   0.06432   0.01275   0.10239   0.02173   0.68270   0.04646   0.07129   0.04989   0.03199   0.05544   0.01240   0.01888   0.00232   0.00352   0.01386   0.00763   0.01117   0.01186   0.00231   0.01287   0.00947   0.01256   0.01489   0.01157   0.01542   0.02801   0.07991   0.00504   0.03356   0.00978   0.01878   0.32715   0.00000   0.44089   0.03742   0.01158   0.05524   0.00672   0.00383   0.03550   0.00817   0.02098   0.01501   0.01784   0.03828   0.02596   0.01474   0.01271   0.01756   0.00250   0.01732   0.28991   0.12988   0.05559   0.16156   0.07947   0.05631   0.07934   0.10367   3.05912   0.44793   1.05746   0.53504   0.28152  
 27 2758.6783  18646.754934  x:  0.36362   0.04795   0.22930   0.14564   0.00982   0.10271   0.06661   0.01494   0.10241   0.02421   0.68951   0.04483   0.07275   0.05082   0.03196   0.05149   0.01086   0.01608   0.00200   0.01135   0.01339   0.00819   0.00957   0.01202   0.00221   0.01302   0.00937   0.01387   0.01463   0.01180   0.01386   0.02787   0.07639   0.00812   0.03233   0.00951   0.01868   0.32822   0.00000   0.44374   0.03625   0.00929   0.05633   0.00512   0.00434   0.03583   0.00583   0.01761   0.01236   0.01572   0.03802   0.02279   0.01404   0.01243   0.01543   0.00422   0.01671   0.29145   0.12913   0.05158   0.16130   0.08010   0.05468   0.07664   0.10373   3.06182   0.44460   1.05666   0.53995   0.26673  
 28 909.6438  18644.124531  x:  0.36503   0.04917   0.23049   0.14643   0.00997   0.10294   0.06802   0.01474   0.10236   0.02565   0.69510   0.04401   0.07428   0.05004   0.03214   0.04964   0.01031   0.01517   0.00213   0.00893   0.01321   0.00836   0.00853   0.01222   0.00213   0.01278   0.00974   0.01381   0.01466   0.01211   0.01285   0.02786   0.07422   0.00806   0.03247   0.00911   0.01891   0.32912   0.00000   0.44608   0.03284   0.00831   0.05670   0.00542   0.00450   0.03545   0.00719   0.01617   0.01165   0.01503   0.03778   0.02027   0.01393   0.01238   0.01456   0.00133   0.01637   0.29287   0.12912   0.04951   0.16150   0.08097   0.05401   0.07513   0.10425   3.06399   0.44214   1.05575   0.54422   0.26217  
 29 604.4632  18641.921131  x:  0.36680   0.05066   0.23198   0.14739   0.00995   0.10321   0.06951   0.01415   0.10231   0.02712   0.70215   0.04322   0.07609   0.04892   0.03239   0.04785   0.00999   0.01462   0.00210   0.00472   0.01296   0.00835   0.00793   0.01255   0.00208   0.01245   0.01016   0.01358   0.01486   0.01255   0.01196   0.02790   0.07187   0.00769   0.03290   0.00872   0.01924   0.33026   0.00000   0.44904   0.02863   0.00761   0.05700   0.00570   0.00450   0.03489   0.00692   0.01515   0.01125   0.01443   0.03756   0.01793   0.01402   0.01225   0.01403   0.00337   0.01623   0.29466   0.12915   0.04749   0.16180   0.08208   0.05341   0.07356   0.10501   3.06673   0.43910   1.05457   0.54962   0.25790  
 30 1764.2933  18637.102767  x:  0.37256   0.05423   0.23663   0.14994   0.00898   0.10389   0.07142   0.01186   0.10257   0.02871   0.72586   0.04310   0.08010   0.04584   0.03322   0.04733   0.01116   0.01696   0.00198   0.00763   0.01187   0.00789   0.00812   0.01170   0.00199   0.01184   0.00892   0.01195   0.01459   0.01183   0.01282   0.02881   0.06834   0.00645   0.03592   0.00859   0.02044   0.33406   0.00000   0.45892   0.02038   0.01051   0.05670   0.00529   0.00426   0.03305   0.00628   0.01894   0.01289   0.01508   0.03771   0.02124   0.01467   0.01102   0.01593   0.00329   0.01590   0.30039   0.12922   0.04648   0.16282   0.08550   0.05369   0.07201   0.10827   3.07603   0.42928   1.05040   0.56780   0.25357  
 31 648.0826  18623.767013  x:  0.39161   0.06055   0.25090   0.15622   0.00917   0.10579   0.07154   0.01434   0.10424   0.02720   0.80816   0.04644   0.08762   0.04661   0.03420   0.05313   0.01133   0.01382   0.00217   0.00599   0.01556   0.00796   0.01081   0.01116   0.00227   0.01350   0.00889   0.01320   0.01468   0.01077   0.01468   0.03200   0.06502   0.00911   0.04355   0.00864   0.02184   0.34681   0.00000   0.49264   0.03116   0.01185   0.05410   0.00611   0.00413   0.03015   0.00720   0.01571   0.00994   0.01693   0.03822   0.02555   0.01404   0.01395   0.01454   0.00334   0.01727   0.31882   0.12806   0.05093   0.16537   0.09442   0.05777   0.07306   0.11890   3.10916   0.39637   1.03597   0.63038   0.24967  
 32 1175.7510  18619.181270  x:  0.39777   0.05935   0.25484   0.15699   0.01031   0.10587   0.07004   0.01495   0.10439   0.02428   0.83867   0.04697   0.08669   0.04835   0.03303   0.05429   0.00980   0.01810   0.00218   0.00701   0.01260   0.00837   0.00922   0.01287   0.00225   0.01279   0.01052   0.01417   0.01515   0.01273   0.01306   0.03023   0.06560   0.00780   0.04104   0.00784   0.01990   0.35086   0.00000   0.50429   0.03488   0.00825   0.05460   0.00589   0.00440   0.03367   0.00710   0.01764   0.01578   0.01490   0.03789   0.02095   0.01354   0.01224   0.01530   0.00332   0.01751   0.32441   0.12707   0.05141   0.16561   0.09490   0.05823   0.07361   0.12074   3.12256   0.38587   1.03066   0.65318   0.25053  
 33 1283.1265  18615.375101  x:  0.40153   0.05317   0.25602   0.15528   0.01009   0.10488   0.06752   0.01352   0.10356   0.02074   0.86552   0.04654   0.08062   0.04970   0.03130   0.05279   0.01125   0.01573   0.00208   0.00764   0.01395   0.00812   0.00831   0.01290   0.00210   0.01339   0.00998   0.01292   0.01506   0.01294   0.01310   0.02598   0.06805   0.00604   0.03199   0.01042   0.01808   0.35308   0.00000   0.51278   0.03256   0.00905   0.05703   0.00558   0.00433   0.03875   0.00665   0.01848   0.01166   0.01510   0.03832   0.01928   0.01482   0.01259   0.01682   0.00335   0.01653   0.32709   0.12567   0.04890   0.16480   0.09080   0.05636   0.07344   0.11852   3.13658   0.38030   1.02613   0.67255   0.25385  
 34 685.6397  18613.596857  x:  0.40244   0.04824   0.25536   0.15349   0.01036   0.10402   0.06678   0.01477   0.10270   0.02176   0.87990   0.04705   0.07598   0.05051   0.03144   0.05076   0.01030   0.01629   0.00207   0.00655   0.01259   0.00823   0.00924   0.01165   0.00214   0.01243   0.00897   0.01332   0.01441   0.01154   0.01336   0.02642   0.07015   0.00912   0.02855   0.00933   0.01800   0.35328   0.00000   0.51600   0.03037   0.00879   0.05795   0.00570   0.00442   0.03833   0.00671   0.01674   0.01273   0.01562   0.03825   0.02231   0.01465   0.01213   0.01454   0.00330   0.01607   0.32713   0.12512   0.04655   0.16405   0.08682   0.05452   0.07302   0.11529   3.14579   0.38009   1.02385   0.68244   0.25601  
 35 554.5098  18612.020578  x:  0.40188   0.04336   0.25329   0.15124   0.00872   0.10294   0.06740   0.01478   0.10131   0.02454   0.89407   0.04780   0.07197   0.05184   0.03269   0.04830   0.01048   0.01634   0.00198   0.00704   0.01392   0.00798   0.00854   0.01179   0.00210   0.01318   0.00984   0.01323   0.01407   0.01153   0.01262   0.02927   0.07223   0.00759   0.03136   0.00846   0.01980   0.35207   0.00000   0.51719   0.03060   0.00859   0.05779   0.00530   0.00426   0.03438   0.00631   0.01746   0.01282   0.01470   0.03790   0.02126   0.01264   0.01264   0.01563   0.00331   0.01578   0.32543   0.12543   0.04403   0.16331   0.08202   0.05250   0.07237   0.11011   3.15746   0.38388   1.02185   0.69159   0.25775  
 36 390.1077  18611.135088  x:  0.40051   0.04253   0.25134   0.15028   0.01107   0.10253   0.06862   0.01452   0.10021   0.02456   0.90288   0.04735   0.07192   0.05199   0.03252   0.04751   0.01080   0.01598   0.00199   0.00716   0.01171   0.00840   0.00857   0.01212   0.00208   0.01206   0.00912   0.01324   0.01436   0.01215   0.01342   0.02916   0.07282   0.00620   0.03419   0.00903   0.01992   0.35027   0.00000   0.51633   0.03167   0.00943   0.05728   0.00538   0.00461   0.03381   0.00633   0.01746   0.01185   0.01601   0.03796   0.02059   0.01375   0.01149   0.01522   0.00335   0.01604   0.32327   0.12669   0.04345   0.16326   0.08019   0.05203   0.07195   0.10653   3.16700   0.38927   1.02085   0.69690   0.25780  
 37 312.9081  18608.975185  x:  0.39557   0.04436   0.24556   0.14860   0.01054   0.10179   0.07128   0.01241   0.09756   0.02205   0.92553   0.04557   0.07540   0.05049   0.03097   0.04756   0.00985   0.01648   0.00197   0.00726   0.01392   0.00789   0.00833   0.01174   0.00199   0.01273   0.00799   0.01181   0.01431   0.01201   0.01281   0.02654   0.07360   0.00834   0.03839   0.00878   0.01793   0.34428   0.00000   0.51172   0.03250   0.00860   0.05593   0.00546   0.00426   0.03627   0.00628   0.01689   0.01311   0.01577   0.03790   0.02100   0.01624   0.01229   0.01433   0.00337   0.01564   0.31631   0.13140   0.04488   0.16390   0.07835   0.05257   0.07143   0.09828   3.19520   0.40736   1.01868   0.71011   0.25670  
 38 525.5650  18606.955321  x:  0.39011   0.04790   0.23991   0.14772   0.00933   0.10166   0.07171   0.01673   0.09633   0.02186   0.94708   0.04556   0.07941   0.04922   0.03123   0.04908   0.01123   0.01619   0.00206   0.00660   0.01229   0.00831   0.00917   0.01125   0.00220   0.01306   0.01072   0.01416   0.01394   0.01080   0.01274   0.02620   0.07348   0.00801   0.03591   0.00940   0.01803   0.33810   0.00000   0.50586   0.03181   0.00859   0.05576   0.00548   0.00445   0.03816   0.00662   0.01753   0.01235   0.01405   0.03799   0.02198   0.01428   0.01260   0.01642   0.00327   0.01561   0.30916   0.13608   0.04816   0.16501   0.07909   0.05407   0.07140   0.09333   3.22505   0.42668   1.01697   0.72263   0.25509  
 39 781.7772  18605.625978  x:  0.38629   0.05038   0.23664   0.14773   0.00960   0.10202   0.07025   0.01618   0.09677   0.02312   0.96034   0.04654   0.08108   0.04996   0.03241   0.04989   0.01051   0.01652   0.00208   0.00707   0.01412   0.00819   0.00901   0.01257   0.00219   0.01254   0.01013   0.01392   0.01458   0.01244   0.01375   0.02805   0.07253   0.00681   0.03088   0.00930   0.01915   0.33429   0.00000   0.50118   0.03173   0.00924   0.05667   0.00562   0.00436   0.03736   0.00667   0.01751   0.01310   0.01634   0.03816   0.02119   0.01238   0.01197   0.01487   0.00336   0.01626   0.30467   0.13848   0.05046   0.16593   0.08101   0.05506   0.07139   0.09360   3.24631   0.43988   1.01624   0.73050   0.25395  
 40 671.0762  18604.874516  x:  0.38402   0.05115   0.23540   0.14824   0.01057   0.10257   0.06844   0.01388   0.09805   0.02361   0.96697   0.04733   0.08048   0.05148   0.03287   0.04970   0.01082   0.01652   0.00211   0.00700   0.01242   0.00817   0.00897   0.01258   0.00214   0.01356   0.00915   0.01316   0.01496   0.01255   0.01317   0.02901   0.07136   0.00765   0.02895   0.00892   0.01949   0.33263   0.00000   0.49785   0.03222   0.00882   0.05757   0.00580   0.00433   0.03553   0.00684   0.01760   0.01279   0.01512   0.03812   0.02110   0.01389   0.01323   0.01595   0.00331   0.01672   0.30257   0.13877   0.05091   0.16642   0.08266   0.05518   0.07121   0.09691   3.26024   0.44757   1.01625   0.73474   0.25348  
 41 421.7203  18604.013240  x:  0.38143   0.05092   0.23509   0.14951   0.01113   0.10355   0.06617   0.01428   0.10064   0.02277   0.97316   0.04815   0.07769   0.05283   0.03220   0.04867   0.01102   0.01650   0.00211   0.00694   0.01414   0.00836   0.00909   0.01171   0.00218   0.01214   0.01027   0.01347   0.01468   0.01144   0.01275   0.02809   0.06954   0.00768   0.03049   0.00932   0.01896   0.33169   0.00000   0.49324   0.03192   0.00850   0.05853   0.00566   0.00451   0.03449   0.00680   0.01783   0.01274   0.01422   0.03809   0.02118   0.01541   0.01130   0.01584   0.00330   0.01667   0.30107   0.13734   0.04976   0.16674   0.08461   0.05458   0.07087   0.10421   3.27918   0.45637   1.01693   0.73930   0.25341  
 42 355.1758  18603.346286  x:  0.37959   0.05039   0.23563   0.15081   0.00977   0.10425   0.06552   0.01536   0.10270   0.02157   0.97703   0.04881   0.07522   0.05281   0.03157   0.04800   0.01040   0.01646   0.00205   0.00715   0.01289   0.00812   0.00890   0.01181   0.00216   0.01312   0.01040   0.01347   0.01422   0.01159   0.01327   0.02713   0.06847   0.00723   0.03262   0.00927   0.01838   0.33164   0.00000   0.48939   0.03133   0.00881   0.05866   0.00548   0.00432   0.03531   0.00655   0.01737   0.01296   0.01589   0.03816   0.02081   0.01437   0.01285   0.01502   0.00334   0.01601   0.30062   0.13537   0.04808   0.16675   0.08569   0.05395   0.07081   0.11046   3.29561   0.46288   1.01790   0.74267   0.25358  
 43 502.2783  18602.793348  x:  0.37864   0.04994   0.23749   0.15228   0.01001   0.10447   0.06776   0.01525   0.10358   0.02087   0.97840   0.04948   0.07417   0.05124   0.03202   0.04847   0.01092   0.01639   0.00204   0.00679   0.01302   0.00821   0.00870   0.01282   0.00211   0.01290   0.00858   0.01355   0.01456   0.01286   0.01324   0.02768   0.06882   0.00817   0.03298   0.00905   0.01885   0.33279   0.00000   0.48617   0.03184   0.00880   0.05740   0.00567   0.00442   0.03741   0.00662   0.01733   0.01255   0.01498   0.03812   0.02154   0.01215   0.01211   0.01594   0.00329   0.01589   0.30160   0.13271   0.04558   0.16629   0.08540   0.05356   0.07130   0.11442   3.31163   0.46714   1.01949   0.74503   0.25373  
 44 264.2232  18602.018252  x:  0.37812   0.04984   0.24156   0.15444   0.01026   0.10411   0.07174   0.01428   0.10352   0.02106   0.97820   0.05075   0.07460   0.04884   0.03290   0.05004   0.01029   0.01624   0.00199   0.00712   0.01304   0.00826   0.00882   0.01160   0.00214   0.01258   0.01012   0.01351   0.01456   0.01137   0.01267   0.02876   0.07060   0.00674   0.03111   0.00893   0.01949   0.33570   0.00000   0.48188   0.03316   0.00863   0.05540   0.00535   0.00446   0.03850   0.00631   0.01772   0.01275   0.01500   0.03798   0.02156   0.01354   0.01284   0.01496   0.00335   0.01618   0.30453   0.12860   0.04206   0.16528   0.08405   0.05345   0.07269   0.11749   3.33728   0.47157   1.02276   0.74791   0.25379  
 45 339.0948  18601.223226  x:  0.37853   0.05042   0.24649   0.15601   0.00946   0.10314   0.07246   0.01554   0.10223   0.02150   0.97588   0.05168   0.07632   0.04908   0.03243   0.05127   0.01083   0.01704   0.00196   0.00697   0.01310   0.00809   0.00838   0.01149   0.00208   0.01396   0.00996   0.01273   0.01367   0.01127   0.01384   0.02784   0.07285   0.00797   0.03009   0.00922   0.01865   0.33954   0.00000   0.47820   0.03327   0.00903   0.05576   0.00529   0.00438   0.03617   0.00622   0.01710   0.01292   0.01612   0.03796   0.01996   0.01479   0.01119   0.01629   0.00331   0.01567   0.30867   0.12543   0.04022   0.16437   0.08287   0.05369   0.07434   0.11747   3.36656   0.47415   1.02716   0.75038   0.25371  
 46 371.6960  18600.001006  x:  0.37990   0.05142   0.25396   0.15744   0.00945   0.10163   0.07063   0.01639   0.09971   0.02128   0.97080   0.05199   0.07876   0.05143   0.03133   0.05175   0.01059   0.01656   0.00196   0.00694   0.01332   0.00814   0.00871   0.01256   0.00210   0.01162   0.00866   0.01336   0.01368   0.01253   0.01323   0.02597   0.07540   0.00739   0.03024   0.00980   0.01751   0.34565   0.00000   0.47344   0.03224   0.00882   0.05799   0.00546   0.00438   0.03326   0.00633   0.01806   0.01308   0.01514   0.03817   0.02078   0.01413   0.01345   0.01579   0.00331   0.01534   0.31541   0.12219   0.03927   0.16345   0.08195   0.05395   0.07635   0.11530   3.41343   0.47638   1.03469   0.75381   0.25352  
 47 776.8165  18598.835081  x:  0.38183   0.05176   0.26030   0.15753   0.01049   0.10075   0.06747   0.01475   0.09763   0.02060   0.96469   0.05117   0.07966   0.05387   0.03142   0.05060   0.01029   0.01633   0.00199   0.00682   0.01302   0.00843   0.00891   0.01226   0.00216   0.01458   0.00964   0.01417   0.01491   0.01216   0.01233   0.02659   0.07609   0.00644   0.03162   0.00973   0.01834   0.35121   0.00000   0.46996   0.03111   0.00845   0.06002   0.00544   0.00455   0.03457   0.00640   0.01777   0.01279   0.01485   0.03856   0.02246   0.01240   0.01180   0.01449   0.00333   0.01597   0.32167   0.12116   0.04031   0.16331   0.08237   0.05379   0.07717   0.11213   3.46054   0.47682   1.04272   0.75680   0.25351  
 48 886.5701  18597.506618  x:  0.38453   0.05096   0.26578   0.15619   0.01094   0.10091   0.06469   0.01414   0.09660   0.02094   0.95677   0.04988   0.07865   0.05482   0.03259   0.04835   0.01082   0.01664   0.00201   0.00700   0.01322   0.00828   0.00861   0.01133   0.00215   0.01222   0.01076   0.01337   0.01510   0.01102   0.01377   0.02920   0.07477   0.00788   0.03295   0.00852   0.01994   0.35655   0.00000   0.46757   0.03067   0.00850   0.06039   0.00534   0.00445   0.03831   0.00638   0.01678   0.01276   0.01599   0.03883   0.02112   0.01256   0.01297   0.01644   0.00330   0.01653   0.32783   0.12249   0.04352   0.16406   0.08414   0.05329   0.07675   0.10838   3.51511   0.47531   1.05251   0.75978   0.25394  
 49 965.1557  18595.651998  x:  0.38877   0.04793   0.27018   0.15286   0.00932   0.10284   0.06493   0.01688   0.09776   0.02331   0.94458   0.04822   0.07510   0.05243   0.03323   0.04576   0.01087   0.01600   0.00209   0.00683   0.01329   0.00808   0.00941   0.01250   0.00215   0.01325   0.00844   0.01284   0.01361   0.01236   0.01340   0.03019   0.07035   0.00742   0.03241   0.00885   0.02014   0.36194   0.00000   0.46682   0.03169   0.00875   0.05745   0.00588   0.00430   0.03949   0.00682   0.01886   0.01283   0.01456   0.03844   0.02048   0.01614   0.01239   0.01461   0.00329   0.01647   0.33433   0.12750   0.04964   0.16618   0.08736   0.05266   0.07444   0.10414   3.59310   0.47016   1.06728   0.76331   0.25516  
 50 958.4732  18594.135682  x:  0.39216   0.04483   0.27101   0.15030   0.00965   0.10486   0.06807   0.01528   0.09994   0.02403   0.93427   0.04633   0.07278   0.05001   0.03215   0.04559   0.01081   0.01719   0.00212   0.00721   0.01327   0.00823   0.00879   0.01284   0.00217   0.01290   0.00996   0.01391   0.01452   0.01287   0.01233   0.02753   0.06644   0.00681   0.03085   0.00940   0.01820   0.36420   0.00000   0.46829   0.03271   0.00841   0.05527   0.00574   0.00438   0.03612   0.00681   0.01639   0.01257   0.01570   0.03790   0.02212   0.01461   0.01236   0.01625   0.00335   0.01598   0.33748   0.13278   0.05358   0.16810   0.08883   0.05264   0.07176   0.10222   3.65705   0.46376   1.08004   0.76556   0.25629  
 51 1067.7916  18593.232856  x:  0.39391   0.04324   0.26925   0.14959   0.01026   0.10571   0.07026   0.01410   0.10172   0.02336   0.92794   0.04520   0.07305   0.04994   0.03163   0.04715   0.01098   0.01582   0.00212   0.00698   0.01286   0.00810   0.00897   0.01179   0.00219   0.01293   0.01068   0.01374   0.01518   0.01158   0.01404   0.02638   0.06530   0.00864   0.03053   0.00981   0.01817   0.36363   0.00000   0.47086   0.03295   0.00911   0.05597   0.00566   0.00428   0.03444   0.00680   0.01847   0.01328   0.01506   0.03810   0.02071   0.01220   0.01237   0.01513   0.00332   0.01609   0.33745   0.13607   0.05414   0.16901   0.08810   0.05319   0.07010   0.10248   3.69607   0.45814   1.08842   0.76629   0.25698  
 52 791.0443  18590.718026  x:  0.39778   0.04111   0.25888   0.15018   0.00928   0.10628   0.07357   0.01600   0.10684   0.02147   0.91024   0.04392   0.07824   0.05313   0.03228   0.05359   0.01023   0.01774   0.00209   0.00711   0.01322   0.00826   0.00969   0.01177   0.00217   0.01290   0.00902   0.01291   0.01524   0.01112   0.01313   0.02797   0.06617   0.00729   0.03176   0.00809   0.02016   0.35708   0.00000   0.48221   0.03123   0.00843   0.06182   0.00579   0.00442   0.03529   0.00680   0.01744   0.01182   0.01503   0.03922   0.02063   0.01372   0.01253   0.01519   0.00330   0.01765   0.33241   0.14421   0.05057   0.17052   0.08229   0.05595   0.06643   0.10655   3.80704   0.43791   1.11392   0.76655   0.25899  
 53 859.9481  18589.697295  x:  0.39871   0.04247   0.25378   0.15111   0.00975   0.10561   0.07232   0.01559   0.10746   0.02314   0.90368   0.04510   0.08023   0.05355   0.03266   0.05379   0.01032   0.01490   0.00205   0.00691   0.01302   0.00808   0.00814   0.01228   0.00209   0.01292   0.01007   0.01298   0.01391   0.01254   0.01267   0.02847   0.06756   0.00758   0.03233   0.00952   0.01980   0.35322   0.00000   0.48770   0.03110   0.00828   0.06140   0.00550   0.00432   0.03659   0.00652   0.01725   0.01390   0.01575   0.03905   0.02205   0.01452   0.01231   0.01603   0.00331   0.01607   0.32911   0.14593   0.04820   0.17067   0.08072   0.05657   0.06617   0.10826   3.85161   0.42865   1.12485   0.76580   0.25996  
 54 956.5921  18588.451401  x:  0.39905   0.04658   0.24695   0.15284   0.01009   0.10392   0.06875   0.01409   0.10611   0.02548   0.89647   0.04722   0.08193   0.05251   0.03271   0.05099   0.01072   0.01697   0.00199   0.00690   0.01315   0.00813   0.00868   0.01197   0.00215   0.01292   0.01005   0.01430   0.01325   0.01235   0.01358   0.02811   0.06982   0.00764   0.03262   0.00925   0.01759   0.34740   0.00000   0.49523   0.03172   0.00903   0.05769   0.00536   0.00436   0.03757   0.00634   0.01768   0.01208   0.01501   0.03826   0.02145   0.01374   0.01253   0.01504   0.00333   0.01420   0.32385   0.14588   0.04477   0.17040   0.08054   0.05643   0.06732   0.11001   3.90619   0.41622   1.13911   0.76373   0.26144  
 55 977.0581  18587.772423  x:  0.39849   0.04978   0.24330   0.15400   0.00965   0.10289   0.06762   0.01508   0.10378   0.02419   0.89345   0.04737   0.08185   0.05133   0.03229   0.04811   0.01028   0.01629   0.00196   0.00710   0.01294   0.00810   0.00926   0.01152   0.00211   0.01277   0.00867   0.01300   0.01487   0.01078   0.01267   0.02750   0.07056   0.00715   0.03217   0.00953   0.01874   0.34379   0.00000   0.49969   0.03225   0.00869   0.05564   0.00545   0.00437   0.03656   0.00627   0.01742   0.01277   0.01547   0.03780   0.02105   0.01303   0.01222   0.01576   0.00332   0.01590   0.32026   0.14399   0.04314   0.17000   0.08216   0.05552   0.06877   0.11039   3.93588   0.40885   1.14768   0.76148   0.26258  
 56 628.3107  18587.392384  x:  0.39748   0.05168   0.24164   0.15467   0.00957   0.10262   0.06876   0.01555   0.10157   0.02237   0.89278   0.04687   0.08096   0.05099   0.03221   0.04684   0.01089   0.01643   0.00195   0.00704   0.01279   0.00810   0.00784   0.01167   0.00202   0.01268   0.00972   0.01232   0.01430   0.01178   0.01301   0.02779   0.07028   0.00734   0.03185   0.00833   0.01952   0.34165   0.00000   0.50234   0.03250   0.00903   0.05622   0.00526   0.00441   0.03563   0.00617   0.01755   0.01243   0.01510   0.03809   0.02171   0.01331   0.01227   0.01511   0.00333   0.01628   0.31778   0.14140   0.04308   0.16964   0.08425   0.05446   0.07004   0.11010   3.95233   0.40437   1.15328   0.75904   0.26347  
 57 363.9537  18587.065243  x:  0.39593   0.05301   0.24078   0.15522   0.00967   0.10279   0.07094   0.01496   0.09943   0.02211   0.89334   0.04671   0.07975   0.05127   0.03227   0.04680   0.01038   0.01646   0.00197   0.00708   0.01295   0.00810   0.00893   0.01159   0.00212   0.01277   0.00936   0.01361   0.01304   0.01179   0.01299   0.02835   0.06933   0.00740   0.03204   0.00902   0.01982   0.33984   0.00000   0.50472   0.03228   0.00868   0.05810   0.00534   0.00436   0.03552   0.00624   0.01747   0.01258   0.01534   0.03848   0.02126   0.01349   0.01225   0.01552   0.00333   0.01526   0.31530   0.13801   0.04401   0.16926   0.08656   0.05329   0.07127   0.10943   3.96657   0.40019   1.15907   0.75559   0.26445  
 58 306.6326  18586.847820  x:  0.39439   0.05338   0.24097   0.15557   0.00957   0.10326   0.07208   0.01519   0.09857   0.02393   0.89492   0.04692   0.07921   0.05201   0.03230   0.04777   0.01095   0.01625   0.00198   0.00707   0.01302   0.00806   0.00882   0.01190   0.00210   0.01282   0.00927   0.01318   0.01465   0.01121   0.01292   0.02818   0.06804   0.00731   0.03246   0.00873   0.01855   0.33890   0.00000   0.50623   0.03212   0.00873   0.05914   0.00541   0.00433   0.03621   0.00631   0.01752   0.01270   0.01541   0.03862   0.02133   0.01364   0.01228   0.01541   0.00333   0.01521   0.31355   0.13534   0.04476   0.16901   0.08765   0.05266   0.07161   0.10870   3.97588   0.39728   1.16386   0.75191   0.26521  
 59 206.1728  18586.659360  x:  0.39268   0.05327   0.24206   0.15585   0.00944   0.10379   0.07181   0.01527   0.09872   0.02500   0.89761   0.04635   0.07951   0.05255   0.03226   0.04874   0.00995   0.01689   0.00199   0.00693   0.01294   0.00810   0.00832   0.01148   0.00206   0.01278   0.00953   0.01262   0.01467   0.01164   0.01319   0.02775   0.06661   0.00765   0.03266   0.00995   0.01893   0.33851   0.00000   0.50735   0.03199   0.00877   0.05868   0.00539   0.00438   0.03653   0.00633   0.01761   0.01225   0.01510   0.03835   0.02158   0.01352   0.01242   0.01541   0.00332   0.01609   0.31219   0.13341   0.04505   0.16890   0.08760   0.05259   0.07107   0.10798   3.98364   0.39474   1.16902   0.74719   0.26594  
 60 164.3560  18586.253658  x:  0.38894   0.05291   0.24519   0.15637   0.00954   0.10481   0.07025   0.01496   0.09983   0.02528   0.90460   0.04414   0.08084   0.05303   0.03243   0.05029   0.01051   0.01620   0.00198   0.00709   0.01291   0.00809   0.00885   0.01108   0.00209   0.01273   0.00928   0.01275   0.01295   0.01183   0.01284   0.02732   0.06394   0.00734   0.03258   0.00849   0.01908   0.33819   0.00000   0.50941   0.03173   0.00879   0.05682   0.00536   0.00436   0.03639   0.00625   0.01741   0.01246   0.01532   0.03773   0.02140   0.01312   0.01221   0.01544   0.00332   0.01673   0.30968   0.13045   0.04532   0.16886   0.08656   0.05299   0.06919   0.10675   3.99962   0.38944   1.18089   0.73571   0.26749  
 61 328.5866  18585.911170  x:  0.38610   0.05301   0.24821   0.15653   0.00936   0.10516   0.06941   0.01512   0.10098   0.02434   0.91163   0.04254   0.08184   0.05238   0.03256   0.04981   0.01031   0.01640   0.00195   0.00708   0.01278   0.00799   0.00832   0.01248   0.00205   0.01261   0.00927   0.01320   0.01409   0.01080   0.01265   0.02834   0.06341   0.00765   0.03239   0.00886   0.01962   0.33839   0.00000   0.51079   0.03192   0.00908   0.05642   0.00527   0.00432   0.03582   0.00615   0.01747   0.01238   0.01533   0.03797   0.02135   0.01354   0.01215   0.01524   0.00335   0.01436   0.30821   0.13005   0.04549   0.16911   0.08553   0.05370   0.06761   0.10650   4.01299   0.38498   1.19189   0.72464   0.26874  
 62 310.0498  18585.417378  x:  0.38295   0.05390   0.25239   0.15628   0.00922   0.10477   0.07014   0.01537   0.10221   0.02437   0.92294   0.04269   0.08237   0.05090   0.03220   0.04692   0.01021   0.01612   0.00196   0.00715   0.01281   0.00790   0.00863   0.01037   0.00205   0.01268   0.00904   0.01297   0.01493   0.01211   0.01349   0.02907   0.06524   0.00707   0.03235   0.00885   0.01869   0.33927   0.00000   0.51214   0.03246   0.00814   0.05815   0.00527   0.00427   0.03561   0.00615   0.01743   0.01240   0.01507   0.03876   0.02150   0.01345   0.01204   0.01554   0.00336   0.01408   0.30727   0.13288   0.04566   0.16990   0.08474   0.05466   0.06609   0.10742   4.03181   0.37874   1.20873   0.70729   0.27025  
 63 328.0967  18585.069870  x:  0.38131   0.05460   0.25491   0.15599   0.00930   0.10416   0.07128   0.01508   0.10246   0.02493   0.93137   0.04376   0.08230   0.05071   0.03193   0.04509   0.01090   0.01652   0.00195   0.00712   0.01277   0.00802   0.00849   0.01137   0.00205   0.01262   0.00921   0.01277   0.01361   0.01129   0.01234   0.02851   0.06690   0.00751   0.03246   0.00927   0.01868   0.34007   0.00000   0.51275   0.03280   0.00886   0.05933   0.00525   0.00434   0.03595   0.00615   0.01753   0.01238   0.01542   0.03910   0.02140   0.01303   0.01219   0.01527   0.00335   0.01566   0.30718   0.13606   0.04542   0.17057   0.08472   0.05489   0.06556   0.10838   4.04506   0.37438   1.22108   0.69453   0.27116  
 64 517.4221  18584.875753  x:  0.38141   0.05475   0.25529   0.15588   0.00943   0.10354   0.07202   0.01505   0.10143   0.02481   0.93638   0.04481   0.08185   0.05204   0.03215   0.04554   0.01020   0.01624   0.00194   0.00710   0.01285   0.00797   0.00850   0.01220   0.00205   0.01273   0.00925   0.01268   0.01338   0.01074   0.01349   0.02758   0.06716   0.00709   0.03244   0.00857   0.01935   0.34066   0.00000   0.51254   0.03239   0.00840   0.05862   0.00524   0.00431   0.03613   0.00613   0.01749   0.01229   0.01512   0.03826   0.02175   0.01318   0.01213   0.01555   0.00335   0.01543   0.30797   0.13882   0.04438   0.17099   0.08553   0.05413   0.06605   0.10897   4.05222   0.37212   1.22834   0.68710   0.27154  
 65 203.0483  18584.704862  x:  0.38215   0.05461   0.25487   0.15589   0.00932   0.10298   0.07234   0.01525   0.09999   0.02422   0.94089   0.04566   0.08142   0.05338   0.03255   0.04678   0.01072   0.01643   0.00193   0.00708   0.01286   0.00797   0.00848   0.01124   0.00204   0.01267   0.00912   0.01292   0.01391   0.01132   0.01274   0.02742   0.06678   0.00736   0.03243   0.00875   0.01982   0.34121   0.00000   0.51199   0.03197   0.00883   0.05761   0.00520   0.00432   0.03618   0.00606   0.01748   0.01237   0.01539   0.03768   0.02148   0.01329   0.01221   0.01529   0.00336   0.01474   0.30916   0.14141   0.04293   0.17134   0.08652   0.05311   0.06686   0.10940   4.05830   0.37024   1.23486   0.68055   0.27186  
 66 262.1152  18584.608571  x:  0.38347   0.05408   0.25351   0.15619   0.00932   0.10294   0.07184   0.01532   0.09896   0.02371   0.94350   0.04584   0.08151   0.05294   0.03241   0.04762   0.01014   0.01626   0.00191   0.00706   0.01280   0.00803   0.00838   0.01135   0.00203   0.01264   0.00912   0.01281   0.01369   0.01118   0.01264   0.02856   0.06575   0.00739   0.03243   0.00896   0.01850   0.34149   0.00000   0.51114   0.03195   0.00901   0.05756   0.00516   0.00437   0.03600   0.00601   0.01758   0.01225   0.01535   0.03826   0.02146   0.01314   0.01211   0.01547   0.00335   0.01515   0.31045   0.14240   0.04169   0.17143   0.08703   0.05259   0.06759   0.10939   4.06143   0.36931   1.23872   0.67697   0.27213  
 67 97.4489  18584.554583  x:  0.38469   0.05367   0.25213   0.15652   0.00930   0.10312   0.07142   0.01523   0.09858   0.02382   0.94500   0.04594   0.08180   0.05226   0.03219   0.04784   0.01076   0.01641   0.00190   0.00713   0.01275   0.00794   0.00837   0.01143   0.00202   0.01261   0.00903   0.01258   0.01350   0.01102   0.01289   0.02861   0.06505   0.00723   0.03247   0.00930   0.01871   0.34161   0.00000   0.51036   0.03215   0.00837   0.05791   0.00513   0.00432   0.03596   0.00596   0.01734   0.01234   0.01525   0.03855   0.02151   0.01303   0.01216   0.01519   0.00336   0.01508   0.31148   0.14247   0.04122   0.17140   0.08715   0.05254   0.06803   0.10931   4.06302   0.36883   1.24100   0.67509   0.27237  
 68 89.8844  18584.476639  x:  0.38696   0.05314   0.24955   0.15710   0.00929   0.10359   0.07102   0.01516   0.09846   0.02438   0.94714   0.04600   0.08241   0.05139   0.03192   0.04755   0.01039   0.01634   0.00190   0.00710   0.01276   0.00798   0.00834   0.01132   0.00202   0.01260   0.00902   0.01279   0.01364   0.01115   0.01267   0.02791   0.06430   0.00736   0.03251   0.00863   0.01954   0.34169   0.00000   0.50888   0.03263   0.00871   0.05864   0.00511   0.00435   0.03606   0.00594   0.01753   0.01227   0.01535   0.03877   0.02151   0.01312   0.01209   0.01538   0.00336   0.01479   0.31327   0.14192   0.04108   0.17129   0.08710   0.05279   0.06853   0.10917   4.06508   0.36819   1.24441   0.67260   0.27276  
 69 101.2376  18584.368911  x:  0.39082   0.05333   0.24536   0.15781   0.00925   0.10421   0.07176   0.01522   0.09929   0.02421   0.94992   0.04519   0.08312   0.05233   0.03292   0.04624   0.01048   0.01636   0.00191   0.00710   0.01278   0.00795   0.00838   0.01132   0.00202   0.01262   0.00906   0.01272   0.01364   0.01111   0.01275   0.02798   0.06460   0.00732   0.03246   0.00898   0.01895   0.34156   0.00000   0.50626   0.03229   0.00890   0.05836   0.00514   0.00432   0.03607   0.00599   0.01743   0.01233   0.01527   0.03771   0.02152   0.01309   0.01213   0.01534   0.00336   0.01491   0.31602   0.14002   0.04227   0.17111   0.08666   0.05333   0.06819   0.10912   4.06738   0.36737   1.24932   0.66986   0.27333  
 70 62.5727  18584.333212  x:  0.39206   0.05399   0.24434   0.15773   0.00926   0.10400   0.07197   0.01522   0.09964   0.02438   0.95059   0.04495   0.08290   0.05274   0.03208   0.04639   0.01054   0.01636   0.00191   0.00707   0.01279   0.00799   0.00836   0.01136   0.00203   0.01263   0.00910   0.01279   0.01366   0.01114   0.01268   0.02825   0.06501   0.00743   0.03242   0.00888   0.01906   0.34137   0.00000   0.50531   0.03209   0.00846   0.05788   0.00515   0.00434   0.03607   0.00600   0.01775   0.01213   0.01557   0.03831   0.02155   0.01311   0.01212   0.01536   0.00336   0.01494   0.31669   0.13936   0.04261   0.17114   0.08657   0.05315   0.06734   0.10908   4.06782   0.36713   1.25099   0.66949   0.27344  
 71 35.9127  18584.309921  x:  0.39278   0.05451   0.24392   0.15755   0.00927   0.10374   0.07200   0.01520   0.09981   0.02449   0.95090   0.04482   0.08264   0.05283   0.03168   0.04665   0.01053   0.01635   0.00191   0.00710   0.01279   0.00795   0.00841   0.01133   0.00203   0.01263   0.00908   0.01273   0.01363   0.01113   0.01277   0.02831   0.06526   0.00725   0.03240   0.00889   0.01918   0.34120   0.00000   0.50469   0.03208   0.00885   0.05774   0.00515   0.00432   0.03609   0.00600   0.01738   0.01235   0.01521   0.03874   0.02149   0.01310   0.01213   0.01535   0.00336   0.01490   0.31695   0.13900   0.04271   0.17120   0.08656   0.05299   0.06665   0.10903   4.06797   0.36700   1.25210   0.66949   0.27350  
 72 49.6863  18584.230224  x:  0.39460   0.05596   0.24384   0.15656   0.00927   0.10259   0.07153   0.01520   0.09989   0.02451   0.95127   0.04460   0.08166   0.05193   0.03290   0.04780   0.01037   0.01635   0.00190   0.00711   0.01273   0.00796   0.00834   0.01132   0.00202   0.01259   0.00903   0.01269   0.01358   0.01110   0.01269   0.02786   0.06561   0.00731   0.03259   0.00888   0.01908   0.34038   0.00000   0.50276   0.03250   0.00871   0.05850   0.00512   0.00433   0.03596   0.00596   0.01750   0.01225   0.01534   0.03826   0.02151   0.01309   0.01208   0.01534   0.00336   0.01490   0.31681   0.13831   0.04225   0.17153   0.08674   0.05274   0.06456   0.10880   4.06772   0.36666   1.25598   0.67084   0.27364  
 73 28.2601  18583.640287  x:  0.40239   0.05529   0.24875   0.15212   0.00924   0.10120   0.07233   0.01522   0.09859   0.02408   0.95070   0.04628   0.08209   0.05257   0.03031   0.04698   0.01049   0.01627   0.00186   0.00707   0.01268   0.00793   0.00822   0.01115   0.00199   0.01251   0.00891   0.01257   0.01340   0.01094   0.01260   0.02916   0.06365   0.00723   0.03252   0.00883   0.01911   0.33477   0.00000   0.49148   0.03234   0.00906   0.05887   0.00500   0.00433   0.03627   0.00580   0.01749   0.01215   0.01535   0.03557   0.02155   0.01293   0.01205   0.01528   0.00336   0.01464   0.31042   0.13728   0.04007   0.17321   0.08743   0.05756   0.06422   0.10882   4.06263   0.36527   1.28476   0.68649   0.27469  
 74 37.7327  18582.987003  x:  0.40873   0.05369   0.25354   0.15043   0.00917   0.10219   0.07281   0.01534   0.09779   0.02381   0.94947   0.04702   0.08414   0.05381   0.03360   0.04545   0.01035   0.01634   0.00185   0.00707   0.01266   0.00791   0.00815   0.01105   0.00198   0.01250   0.00883   0.01252   0.01331   0.01088   0.01255   0.02740   0.06297   0.00728   0.03245   0.00889   0.01899   0.33000   0.00000   0.48117   0.03201   0.00836   0.05755   0.00496   0.00433   0.03611   0.00575   0.01748   0.01219   0.01532   0.04080   0.02149   0.01286   0.01198   0.01531   0.00335   0.01444   0.30395   0.13756   0.03967   0.17389   0.08729   0.05678   0.06521   0.10932   4.05639   0.36487   1.31728   0.70471   0.27572  
 75 253.0923  18581.891422  x:  0.41280   0.05289   0.25757   0.15446   0.00902   0.10573   0.07218   0.01533   0.09832   0.02468   0.94643   0.04463   0.08676   0.05283   0.03175   0.04522   0.01053   0.01640   0.00186   0.00701   0.01270   0.00788   0.00823   0.01108   0.00199   0.01253   0.00888   0.01252   0.01329   0.01089   0.01259   0.02821   0.06469   0.00715   0.03208   0.00892   0.01898   0.32703   0.00000   0.47158   0.03271   0.00877   0.05870   0.00498   0.00429   0.03629   0.00578   0.01761   0.01223   0.01540   0.03779   0.02169   0.01277   0.01204   0.01536   0.00335   0.01447   0.29779   0.14047   0.04128   0.17268   0.08593   0.04613   0.06645   0.10986   4.04584   0.36776   1.36864   0.73380   0.27665  
 76 237.6213  18577.891202  x:  0.40421   0.05895   0.25423   0.17632   0.00842   0.10576   0.07325   0.01550   0.10006   0.03114   0.93137   0.02975   0.07422   0.05485   0.03183   0.04551   0.01030   0.01649   0.00170   0.00682   0.01247   0.00775   0.00761   0.01032   0.00186   0.01228   0.00825   0.01179   0.01223   0.01024   0.01211   0.02780   0.06425   0.00669   0.03155   0.00887   0.01885   0.33412   0.00000   0.46436   0.03341   0.00853   0.05948   0.00447   0.00428   0.03683   0.00511   0.01778   0.01196   0.01551   0.03865   0.02179   0.01216   0.01177   0.01536   0.00334   0.01342   0.29589   0.15090   0.03605   0.16699   0.08690   0.05316   0.06942   0.10550   4.00479   0.39395   1.55976   0.84109   0.28027  
 77 280.9608  18573.548620  x:  0.38536   0.05576   0.24320   0.18046   0.00818   0.09741   0.07532   0.01570   0.09486   0.02592   0.91305   0.04413   0.08006   0.05632   0.03153   0.04069   0.01053   0.01659   0.00165   0.00673   0.01229   0.00757   0.00738   0.00992   0.00181   0.01205   0.00804   0.01147   0.01184   0.00991   0.01186   0.02787   0.05650   0.00671   0.03025   0.00897   0.01853   0.34517   0.00000   0.47066   0.03402   0.00835   0.05960   0.00425   0.00417   0.03747   0.00485   0.01793   0.01187   0.01551   0.03878   0.02184   0.01169   0.01156   0.01534   0.00332   0.01255   0.30544   0.14969   0.03607   0.17044   0.08724   0.05152   0.05416   0.10566   3.96021   0.43005   1.76421   0.95449   0.28498  
 78 609.9215  18571.767670  x:  0.37778   0.05829   0.23921   0.16077   0.00812   0.10358   0.07530   0.01591   0.09440   0.02867   0.90585   0.03794   0.08561   0.05699   0.03136   0.04045   0.01043   0.01660   0.00153   0.00665   0.01212   0.00753   0.00699   0.00949   0.00173   0.01190   0.00765   0.01113   0.01123   0.00951   0.01160   0.02774   0.05923   0.00634   0.03000   0.00893   0.01852   0.34543   0.00000   0.47961   0.03444   0.00825   0.06006   0.00391   0.00420   0.03779   0.00439   0.01797   0.01173   0.01556   0.03881   0.02197   0.01113   0.01141   0.01531   0.00332   0.01186   0.31577   0.14595   0.02997   0.17779   0.08967   0.04875   0.05810   0.11003   3.94277   0.44837   1.84204   0.99680   0.28747  
 79 295.8754  18571.511674  x:  0.37956   0.05919   0.24115   0.15905   0.00817   0.09970   0.07571   0.01603   0.09415   0.02935   0.90501   0.03626   0.08555   0.05700   0.03140   0.04005   0.01047   0.01663   0.00155   0.00664   0.01213   0.00752   0.00704   0.00952   0.00174   0.01190   0.00771   0.01114   0.01128   0.00956   0.01165   0.02772   0.05639   0.00642   0.02986   0.00893   0.01852   0.34126   0.00000   0.48317   0.03455   0.00824   0.06015   0.00395   0.00419   0.03789   0.00446   0.01801   0.01174   0.01556   0.03889   0.02199   0.01114   0.01142   0.01533   0.00332   0.01193   0.31858   0.14602   0.03171   0.17594   0.08664   0.04784   0.06029   0.11211   3.94107   0.45226   1.84701   0.99918   0.28754  
 80 36.9511  18570.871941  x:  0.38813   0.05620   0.24893   0.16236   0.00805   0.10205   0.07544   0.01600   0.09397   0.02918   0.90320   0.03691   0.08506   0.05726   0.03131   0.03987   0.01048   0.01664   0.00153   0.00661   0.01211   0.00750   0.00697   0.00946   0.00173   0.01189   0.00764   0.01108   0.01117   0.00948   0.01159   0.02772   0.05812   0.00631   0.02969   0.00897   0.01847   0.32690   0.00000   0.49424   0.03458   0.00820   0.06013   0.00388   0.00418   0.03796   0.00437   0.01803   0.01173   0.01557   0.03891   0.02201   0.01105   0.01140   0.01534   0.00331   0.01176   0.32488   0.14561   0.03084   0.17145   0.09015   0.04880   0.05728   0.11114   3.93845   0.46264   1.84548   0.99777   0.28724  
 81 35.0244  18568.406018  x:  0.40804   0.06200   0.25670   0.17253   0.00792   0.10448   0.07604   0.01590   0.09886   0.02755   0.90084   0.04056   0.08031   0.05858   0.03151   0.03859   0.01047   0.01676   0.00147   0.00643   0.01215   0.00745   0.00684   0.00917   0.00169   0.01189   0.00742   0.01083   0.01094   0.00916   0.01153   0.02780   0.05425   0.00623   0.02916   0.00898   0.01845   0.32966   0.00000   0.50885   0.03477   0.00819   0.06103   0.00370   0.00416   0.03803   0.00413   0.01822   0.01172   0.01570   0.03913   0.02221   0.01085   0.01139   0.01542   0.00329   0.01133   0.31706   0.14160   0.02797   0.19770   0.08386   0.04614   0.06139   0.10597   3.93401   0.47394   1.78371   0.97492   0.28473  
 82 28.4054  18562.402813  x:  0.43226   0.05237   0.26170   0.17819   0.00765   0.09509   0.07676   0.01627   0.08330   0.03607   0.89847   0.02303   0.08674   0.05886   0.03124   0.03702   0.01049   0.01693   0.00140   0.00601   0.01206   0.00727   0.00660   0.00878   0.00162   0.01179   0.00708   0.01033   0.01029   0.00877   0.01139   0.02756   0.05807   0.00565   0.02868   0.00913   0.01822   0.34897   0.00000   0.52173   0.03557   0.00842   0.06051   0.00343   0.00404   0.03860   0.00380   0.01851   0.01161   0.01588   0.03900   0.02273   0.01024   0.01128   0.01558   0.00324   0.01054   0.29696   0.13903   0.02992   0.20847   0.09006   0.04731   0.05226   0.11698   3.92549   0.48098   1.62631   0.92216   0.28166  
 83 228.0721  18548.950140  x:  0.45363   0.06944   0.26876   0.16659   0.00705   0.10419   0.08097   0.01597   0.09129   0.03668   0.89522   0.02404   0.09436   0.06367   0.03146   0.03142   0.01009   0.01713   0.00102   0.00524   0.01162   0.00683   0.00543   0.00699   0.00135   0.01130   0.00553   0.00865   0.00828   0.00684   0.01053   0.02819   0.04315   0.00491   0.02787   0.00895   0.01806   0.38055   0.00000   0.52518   0.03702   0.00859   0.06309   0.00222   0.00388   0.03910   0.00222   0.01910   0.01103   0.01637   0.03903   0.02386   0.00839   0.01071   0.01572   0.00314   0.00745   0.27734   0.14460   0.01836   0.17074   0.09538   0.04436   0.04410   0.11629   3.90757   0.47179   1.26974   0.81012   0.28069  
 84 627.1310  18540.022453  x:  0.41813   0.06730   0.27426   0.17936   0.00663   0.10240   0.08295   0.01595   0.08670   0.04080   0.89448   0.01606   0.09530   0.06550   0.03160   0.02878   0.01004   0.01733   0.00086   0.00462   0.01154   0.00660   0.00500   0.00617   0.00123   0.01114   0.00481   0.00777   0.00734   0.00594   0.01024   0.02826   0.03915   0.00444   0.02749   0.00896   0.01790   0.35078   0.00000   0.49529   0.03790   0.00885   0.06387   0.00170   0.00375   0.03935   0.00156   0.01957   0.01082   0.01671   0.03905   0.02464   0.00765   0.01051   0.01592   0.00305   0.00611   0.31242   0.15213   0.01569   0.19061   0.09418   0.04305   0.03930   0.11560   3.89517   0.43486   1.02113   0.74251   0.27635  
 85 365.6723  18540.016184  x:  0.41809   0.06701   0.27424   0.17938   0.00664   0.10173   0.08300   0.01594   0.08744   0.04081   0.89449   0.01598   0.09552   0.06550   0.03160   0.02876   0.01004   0.01733   0.00086   0.00462   0.01154   0.00660   0.00499   0.00616   0.00122   0.01114   0.00480   0.00776   0.00734   0.00594   0.01023   0.02826   0.03923   0.00443   0.02750   0.00896   0.01789   0.35076   0.00000   0.49527   0.03790   0.00884   0.06388   0.00169   0.00375   0.03936   0.00155   0.01957   0.01082   0.01671   0.03906   0.02465   0.00765   0.01050   0.01592   0.00305   0.00610   0.31242   0.15205   0.01552   0.19066   0.09474   0.04287   0.03956   0.11533   3.89515   0.43484   1.02099   0.74249   0.27639  
 86  7.3764  18533.441654  x:  0.39539   0.07433   0.27585   0.18227   0.01100   0.10073   0.08878   0.01792   0.08813   0.04291   0.89047   0.02195   0.10614   0.07045   0.03112   0.03329   0.00962   0.01874   0.00102   0.00290   0.01316   0.00743   0.00560   0.00743   0.00133   0.01259   0.00444   0.00717   0.00858   0.00777   0.01015   0.02792   0.04279   0.00480   0.02708   0.00886   0.01688   0.34202   0.00000   0.48205   0.04190   0.00870   0.06650   0.00204   0.00380   0.03926   0.00222   0.02063   0.01148   0.01704   0.03923   0.02632   0.00807   0.01181   0.01663   0.00260   0.01182   0.32991   0.16065   0.02027   0.19095   0.09883   0.04275   0.04398   0.11217   3.83274   0.44490   1.03616   0.79271   0.27858  
 87  0.1466  18531.927635  x:  0.38834   0.07748   0.27350   0.18214   0.01240   0.10115   0.09012   0.01895   0.08665   0.04400   0.88925   0.02204   0.10919   0.07235   0.03091   0.03354   0.00978   0.01919   0.00090   0.00457   0.01378   0.00763   0.00568   0.00742   0.00139   0.01309   0.00538   0.00859   0.00865   0.00735   0.01056   0.02780   0.04433   0.00502   0.02687   0.00898   0.01662   0.33890   0.00000   0.48075   0.04432   0.00872   0.06711   0.00116   0.00365   0.03944   0.00137   0.02101   0.01168   0.01730   0.03932   0.02685   0.00851   0.01237   0.01682   0.00265   0.00951   0.33386   0.16288   0.02066   0.19059   0.09825   0.04355   0.04479   0.11233   3.81065   0.45458   1.10674   0.83357   0.27913  
 88  0.1922  18531.307450  x:  0.39129   0.07994   0.27049   0.18041   0.01324   0.10165   0.09045   0.01973   0.08610   0.04497   0.89028   0.02070   0.11123   0.07371   0.03090   0.03286   0.01007   0.01950   0.00094   0.00355   0.01408   0.00779   0.00612   0.00748   0.00142   0.01332   0.00484   0.00908   0.00889   0.00717   0.01100   0.02775   0.04447   0.00509   0.02695   0.00910   0.01672   0.34106   0.00000   0.48595   0.04641   0.00871   0.06710   0.00118   0.00342   0.03965   0.00155   0.02127   0.01187   0.01735   0.03941   0.02718   0.00889   0.01267   0.01697   0.00234   0.00771   0.33010   0.16255   0.02030   0.18863   0.09756   0.04430   0.04442   0.11325   3.78321   0.46613   1.07766   0.84249   0.27669  
 89  0.0709  18531.052488  x:  0.39258   0.08073   0.26823   0.17940   0.01363   0.10135   0.09024   0.02026   0.08632   0.04545   0.89161   0.01941   0.11220   0.07451   0.03095   0.03217   0.01021   0.01959   0.00094   0.00368   0.01417   0.00803   0.00594   0.00711   0.00138   0.01336   0.00477   0.00838   0.00846   0.00702   0.01103   0.02767   0.04316   0.00491   0.02697   0.00918   0.01681   0.34161   0.00000   0.48829   0.04821   0.00868   0.06685   0.00098   0.00326   0.03987   0.00140   0.02134   0.01188   0.01740   0.03947   0.02734   0.00849   0.01277   0.01702   0.00224   0.00878   0.32759   0.16186   0.01918   0.18811   0.09732   0.04421   0.04315   0.11359   3.77865   0.47116   1.07259   0.84967   0.27525  
 90  0.0199  18530.917935  x:  0.39137   0.08013   0.26753   0.17964   0.01382   0.10061   0.08968   0.02062   0.08668   0.04511   0.89378   0.01986   0.11207   0.07470   0.03108   0.03203   0.01019   0.01958   0.00105   0.00356   0.01414   0.00841   0.00562   0.00739   0.00136   0.01334   0.00474   0.00836   0.00859   0.00727   0.01086   0.02764   0.04229   0.00486   0.02690   0.00920   0.01682   0.34033   0.00000   0.48660   0.04987   0.00860   0.06643   0.00124   0.00303   0.03997   0.00170   0.02123   0.01188   0.01736   0.03952   0.02732   0.00828   0.01281   0.01701   0.00222   0.00862   0.32754   0.16139   0.01917   0.18927   0.09742   0.04354   0.04277   0.11322   3.79577   0.46933   1.08913   0.85570   0.27492  
 91  0.0226  18530.815704  x:  0.39270   0.07968   0.26840   0.17991   0.01396   0.10062   0.08922   0.02083   0.08644   0.04474   0.89421   0.02069   0.11157   0.07463   0.03117   0.03252   0.01008   0.01948   0.00111   0.00381   0.01412   0.00884   0.00554   0.00728   0.00137   0.01337   0.00490   0.00840   0.00859   0.00714   0.01075   0.02765   0.04307   0.00497   0.02689   0.00918   0.01682   0.34095   0.00000   0.48591   0.05115   0.00855   0.06617   0.00123   0.00279   0.03991   0.00167   0.02110   0.01184   0.01737   0.03954   0.02720   0.00841   0.01284   0.01695   0.00236   0.00856   0.32670   0.16103   0.01944   0.18954   0.09734   0.04348   0.04360   0.11318   3.80211   0.46756   1.06436   0.84788   0.27464  
 92  0.0351  18530.743596  x:  0.39228   0.07924   0.26937   0.18009   0.01395   0.10098   0.08906   0.02086   0.08634   0.04469   0.89291   0.02034   0.11097   0.07441   0.03112   0.03265   0.00999   0.01937   0.00114   0.00360   0.01407   0.00919   0.00570   0.00705   0.00137   0.01335   0.00471   0.00830   0.00842   0.00694   0.01075   0.02768   0.04367   0.00495   0.02692   0.00912   0.01680   0.34082   0.00000   0.48532   0.05187   0.00852   0.06617   0.00115   0.00254   0.03984   0.00154   0.02101   0.01176   0.01739   0.03953   0.02711   0.00851   0.01278   0.01689   0.00245   0.00844   0.32798   0.16121   0.01932   0.18963   0.09724   0.04377   0.04390   0.11315   3.80480   0.46640   1.08338   0.85244   0.27547  
 93  0.0271  18530.699822  x:  0.39280   0.07901   0.27011   0.17994   0.01384   0.10125   0.08924   0.02066   0.08683   0.04474   0.89106   0.01975   0.11066   0.07413   0.03101   0.03247   0.00996   0.01932   0.00119   0.00367   0.01401   0.00950   0.00568   0.00733   0.00138   0.01328   0.00487   0.00844   0.00857   0.00721   0.01085   0.02768   0.04334   0.00486   0.02699   0.00908   0.01675   0.34143   0.00000   0.48631   0.05175   0.00848   0.06642   0.00109   0.00239   0.03981   0.00149   0.02097   0.01169   0.01737   0.03950   0.02707   0.00840   0.01268   0.01688   0.00241   0.00847   0.32852   0.16138   0.01966   0.18902   0.09750   0.04405   0.04350   0.11311   3.79536   0.46664   1.08076   0.85003   0.27606  
 94  0.0110  18530.671685  x:  0.39239   0.07901   0.26975   0.17995   0.01361   0.10105   0.08955   0.02035   0.08653   0.04456   0.89178   0.02033   0.11047   0.07390   0.03098   0.03233   0.01008   0.01933   0.00125   0.00372   0.01394   0.00974   0.00576   0.00725   0.00139   0.01323   0.00477   0.00838   0.00860   0.00708   0.01089   0.02765   0.04309   0.00501   0.02694   0.00913   0.01679   0.34110   0.00000   0.48677   0.05104   0.00853   0.06661   0.00114   0.00233   0.03983   0.00153   0.02104   0.01170   0.01736   0.03951   0.02709   0.00854   0.01260   0.01691   0.00229   0.00862   0.32842   0.16153   0.01925   0.18872   0.09751   0.04393   0.04337   0.11341   3.78995   0.46664   1.07776   0.84642   0.27604  
 95  0.0063  18530.659675  x:  0.39210   0.07925   0.26913   0.17993   0.01351   0.10102   0.08966   0.02026   0.08636   0.04462   0.89234   0.02036   0.11059   0.07390   0.03102   0.03248   0.01010   0.01938   0.00128   0.00360   0.01392   0.00988   0.00560   0.00721   0.00138   0.01324   0.00488   0.00833   0.00850   0.00714   0.01084   0.02765   0.04324   0.00492   0.02690   0.00916   0.01680   0.34086   0.00000   0.48658   0.05051   0.00857   0.06661   0.00112   0.00233   0.03984   0.00149   0.02109   0.01176   0.01738   0.03950   0.02714   0.00845   0.01263   0.01693   0.00228   0.00855   0.32803   0.16156   0.01922   0.18884   0.09735   0.04381   0.04349   0.11347   3.79122   0.46661   1.07661   0.84512   0.27581  
 96  0.0028  18530.652705  x:  0.39207   0.07945   0.26879   0.17988   0.01349   0.10107   0.08968   0.02027   0.08647   0.04476   0.89218   0.02010   0.11084   0.07398   0.03105   0.03250   0.01008   0.01941   0.00131   0.00367   0.01394   0.00998   0.00560   0.00724   0.00137   0.01326   0.00472   0.00832   0.00853   0.00715   0.01081   0.02767   0.04330   0.00488   0.02691   0.00916   0.01680   0.34089   0.00000   0.48631   0.05015   0.00859   0.06653   0.00114   0.00234   0.03983   0.00146   0.02112   0.01179   0.01739   0.03949   0.02717   0.00841   0.01267   0.01693   0.00231   0.00852   0.32779   0.16152   0.01947   0.18901   0.09731   0.04379   0.04353   0.11332   3.79341   0.46669   1.07610   0.84486   0.27571  
 97  0.0035  18530.648609  x:  0.39216   0.07954   0.26880   0.17987   0.01354   0.10107   0.08963   0.02034   0.08661   0.04485   0.89187   0.01997   0.11108   0.07408   0.03106   0.03240   0.01006   0.01943   0.00134   0.00365   0.01395   0.01006   0.00564   0.00721   0.00138   0.01329   0.00483   0.00835   0.00855   0.00705   0.01083   0.02768   0.04323   0.00493   0.02696   0.00914   0.01679   0.34103   0.00000   0.48615   0.04995   0.00860   0.06646   0.00116   0.00236   0.03983   0.00146   0.02113   0.01179   0.01738   0.03949   0.02718   0.00845   0.01270   0.01692   0.00234   0.00853   0.32787   0.16150   0.01952   0.18912   0.09738   0.04385   0.04349   0.11317   3.79508   0.46682   1.07695   0.84575   0.27571  
 98  0.0027  18530.645396  x:  0.39230   0.07955   0.26910   0.17994   0.01362   0.10104   0.08954   0.02044   0.08650   0.04485   0.89189   0.02017   0.11123   0.07419   0.03104   0.03238   0.01005   0.01942   0.00138   0.00367   0.01397   0.01012   0.00562   0.00724   0.00138   0.01331   0.00480   0.00834   0.00852   0.00714   0.01087   0.02769   0.04320   0.00495   0.02697   0.00912   0.01679   0.34112   0.00000   0.48618   0.04990   0.00859   0.06641   0.00115   0.00237   0.03983   0.00144   0.02111   0.01178   0.01738   0.03948   0.02716   0.00848   0.01272   0.01693   0.00234   0.00848   0.32808   0.16150   0.01921   0.18912   0.09743   0.04392   0.04348   0.11321   3.79548   0.46701   1.07812   0.84723   0.27572  
 99  0.0019  18530.641528  x:  0.39239   0.07942   0.26958   0.17996   0.01368   0.10106   0.08944   0.02051   0.08649   0.04482   0.89230   0.02018   0.11115   0.07425   0.03100   0.03249   0.01010   0.01940   0.00144   0.00367   0.01397   0.01012   0.00563   0.00722   0.00138   0.01331   0.00480   0.00830   0.00856   0.00708   0.01086   0.02767   0.04328   0.00488   0.02687   0.00914   0.01680   0.34109   0.00000   0.48656   0.04994   0.00858   0.06649   0.00114   0.00239   0.03983   0.00145   0.02108   0.01180   0.01739   0.03949   0.02713   0.00840   0.01272   0.01694   0.00230   0.00851   0.32830   0.16146   0.01937   0.18895   0.09746   0.04382   0.04347   0.11330   3.79367   0.46709   1.07860   0.84870   0.27564  
100  0.0013  18530.638201  x:  0.39232   0.07933   0.26958   0.17994   0.01368   0.10110   0.08944   0.02047   0.08651   0.04480   0.89254   0.02006   0.11095   0.07420   0.03103   0.03241   0.01009   0.01939   0.00150   0.00364   0.01394   0.01006   0.00559   0.00722   0.00138   0.01330   0.00479   0.00830   0.00849   0.00714   0.01082   0.02767   0.04324   0.00497   0.02694   0.00915   0.01680   0.34096   0.00000   0.48659   0.05001   0.00859   0.06654   0.00114   0.00241   0.03982   0.00144   0.02108   0.01181   0.01739   0.03949   0.02712   0.00849   0.01270   0.01694   0.00231   0.00854   0.32819   0.16140   0.01952   0.18891   0.09741   0.04383   0.04353   0.11337   3.79317   0.46687   1.07816   0.84872   0.27559  
101  0.0006  18530.635742  x:  0.39226   0.07932   0.26927   0.17991   0.01363   0.10105   0.08951   0.02039   0.08650   0.04475   0.89250   0.02013   0.11084   0.07412   0.03106   0.03242   0.01005   0.01939   0.00154   0.00363   0.01392   0.00998   0.00560   0.00723   0.00138   0.01329   0.00479   0.00833   0.00858   0.00711   0.01083   0.02768   0.04322   0.00492   0.02699   0.00914   0.01679   0.34092   0.00000   0.48636   0.05009   0.00859   0.06653   0.00114   0.00241   0.03982   0.00141   0.02109   0.01178   0.01739   0.03949   0.02714   0.00845   0.01270   0.01693   0.00233   0.00853   0.32799   0.16140   0.01934   0.18900   0.09738   0.04389   0.04350   0.11337   3.79400   0.46672   1.07789   0.84814   0.27563  
102  0.0011  18530.635102  x:  0.39232   0.07937   0.26916   0.17991   0.01361   0.10104   0.08955   0.02038   0.08654   0.04476   0.89221   0.02015   0.11090   0.07411   0.03105   0.03244   0.01006   0.01940   0.00156   0.00365   0.01392   0.00995   0.00560   0.00722   0.00138   0.01329   0.00480   0.00834   0.00852   0.00711   0.01086   0.02768   0.04324   0.00491   0.02694   0.00914   0.01679   0.34104   0.00000   0.48632   0.05013   0.00859   0.06650   0.00114   0.00239   0.03982   0.00141   0.02110   0.01178   0.01739   0.03949   0.02715   0.00845   0.01270   0.01693   0.00232   0.00852   0.32800   0.16143   0.01937   0.18904   0.09740   0.04387   0.04346   0.11328   3.79428   0.46687   1.07800   0.84784   0.27569  
103  0.0007  18530.634972  x:  0.39231   0.07940   0.26916   0.17991   0.01361   0.10106   0.08956   0.02039   0.08652   0.04478   0.89210   0.02013   0.11094   0.07411   0.03104   0.03243   0.01007   0.01940   0.00156   0.00365   0.01392   0.00994   0.00559   0.00721   0.00138   0.01329   0.00480   0.00833   0.00854   0.00711   0.01085   0.02768   0.04324   0.00492   0.02693   0.00913   0.01679   0.34106   0.00000   0.48633   0.05014   0.00858   0.06648   0.00114   0.00239   0.03983   0.00141   0.02110   0.01178   0.01739   0.03949   0.02715   0.00845   0.01270   0.01693   0.00231   0.00851   0.32804   0.16146   0.01937   0.18904   0.09741   0.04386   0.04349   0.11326   3.79423   0.46696   1.07805   0.84768   0.27571  
104  0.0004  18530.634937  x:  0.39227   0.07942   0.26918   0.17992   0.01360   0.10106   0.08955   0.02040   0.08651   0.04479   0.89210   0.02013   0.11098   0.07412   0.03103   0.03243   0.01007   0.01940   0.00156   0.00365   0.01392   0.00994   0.00559   0.00722   0.00138   0.01329   0.00479   0.00834   0.00853   0.00710   0.01084   0.02767   0.04324   0.00492   0.02694   0.00914   0.01679   0.34104   0.00000   0.48634   0.05014   0.00858   0.06648   0.00114   0.00239   0.03983   0.00141   0.02110   0.01178   0.01739   0.03949   0.02715   0.00845   0.01270   0.01693   0.00231   0.00852   0.32806   0.16148   0.01936   0.18903   0.09741   0.04386   0.04350   0.11327   3.79415   0.46697   1.07785   0.84741   0.27572  
105  0.0004  18530.634930  x:  0.39226   0.07942   0.26918   0.17992   0.01360   0.10106   0.08955   0.02040   0.08652   0.04479   0.89211   0.02013   0.11100   0.07412   0.03104   0.03243   0.01007   0.01940   0.00156   0.00365   0.01392   0.00994   0.00559   0.00722   0.00138   0.01329   0.00479   0.00834   0.00854   0.00711   0.01084   0.02768   0.04324   0.00492   0.02694   0.00914   0.01679   0.34103   0.00000   0.48634   0.05014   0.00858   0.06648   0.00114   0.00239   0.03983   0.00141   0.02110   0.01178   0.01739   0.03949   0.02715   0.00845   0.01269   0.01693   0.00231   0.00852   0.32806   0.16148   0.01937   0.18903   0.09741   0.04386   0.04349   0.11328   3.79416   0.46694   1.07778   0.84726   0.27571  
106  0.0002  18530.634929  x:  0.39226   0.07942   0.26918   0.17992   0.01360   0.10106   0.08955   0.02040   0.08652   0.04479   0.89211   0.02013   0.11100   0.07412   0.03104   0.03243   0.01007   0.01940   0.00156   0.00365   0.01392   0.00994   0.00559   0.00722   0.00138   0.01329   0.00479   0.00834   0.00854   0.00711   0.01085   0.02768   0.04324   0.00492   0.02694   0.00914   0.01679   0.34103   0.00000   0.48634   0.05014   0.00858   0.06648   0.00114   0.00239   0.03983   0.00141   0.02110   0.01178   0.01739   0.03949   0.02715   0.00845   0.01269   0.01693   0.00231   0.00852   0.32806   0.16148   0.01937   0.18903   0.09741   0.04386   0.04349   0.11328   3.79419   0.46691   1.07777   0.84719   0.27571  
107  0.0001  18530.634928  x:  0.39227   0.07942   0.26918   0.17992   0.01360   0.10106   0.08954   0.02040   0.08652   0.04479   0.89211   0.02013   0.11100   0.07412   0.03104   0.03243   0.01007   0.01940   0.00156   0.00365   0.01392   0.00994   0.00559   0.00722   0.00138   0.01329   0.00479   0.00834   0.00854   0.00711   0.01085   0.02768   0.04324   0.00492   0.02694   0.00914   0.01679   0.34103   0.00000   0.48634   0.05014   0.00858   0.06648   0.00114   0.00239   0.03983   0.00141   0.02110   0.01178   0.01739   0.03949   0.02715   0.00845   0.01269   0.01693   0.00231   0.00852   0.32805   0.16148   0.01937   0.18903   0.09741   0.04386   0.04349   0.11328   3.79420   0.46689   1.07776   0.84716   0.27571  
108  0.0000  18530.634928  x:  0.39227   0.07942   0.26918   0.17992   0.01361   0.10106   0.08955   0.02040   0.08652   0.04479   0.89211   0.02013   0.11100   0.07412   0.03104   0.03243   0.01007   0.01940   0.00156   0.00365   0.01392   0.00994   0.00559   0.00722   0.00138   0.01329   0.00479   0.00834   0.00854   0.00711   0.01084   0.02768   0.04324   0.00492   0.02694   0.00914   0.01679   0.34103   0.00000   0.48634   0.05014   0.00858   0.06648   0.00114   0.00239   0.03983   0.00141   0.02110   0.01178   0.01739   0.03949   0.02715   0.00845   0.01269   0.01693   0.00231   0.00852   0.32805   0.16147   0.01937   0.18903   0.09741   0.04386   0.04349   0.11328   3.79420   0.46689   1.07776   0.84715   0.27571  
109  0.0000  18530.634928  x:  0.39227   0.07942   0.26918   0.17992   0.01361   0.10106   0.08955   0.02040   0.08652   0.04479   0.89211   0.02013   0.11100   0.07412   0.03104   0.03243   0.01007   0.01940   0.00156   0.00365   0.01392   0.00994   0.00559   0.00722   0.00138   0.01329   0.00479   0.00834   0.00854   0.00711   0.01085   0.02768   0.04324   0.00492   0.02694   0.00914   0.01679   0.34103   0.00000   0.48634   0.05014   0.00858   0.06648   0.00114   0.00239   0.03983   0.00141   0.02110   0.01178   0.01739   0.03949   0.02715   0.00845   0.01269   0.01693   0.00231   0.00852   0.32805   0.16147   0.01937   0.18903   0.09741   0.04386   0.04349   0.11328   3.79419   0.46689   1.07775   0.84714   0.27571  
110  0.0000  18530.634928  x:  0.39227   0.07942   0.26918   0.17992   0.01361   0.10106   0.08955   0.02040   0.08652   0.04479   0.89211   0.02013   0.11100   0.07412   0.03104   0.03243   0.01007   0.01940   0.00156   0.00365   0.01392   0.00994   0.00559   0.00722   0.00138   0.01329   0.00479   0.00834   0.00854   0.00711   0.01085   0.02768   0.04324   0.00492   0.02694   0.00914   0.01679   0.34103   0.00000   0.48634   0.05014   0.00858   0.06648   0.00114   0.00239   0.03983   0.00141   0.02110   0.01178   0.01739   0.03949   0.02715   0.00845   0.01269   0.01693   0.00231   0.00852   0.32805   0.16147   0.01937   0.18903   0.09741   0.04386   0.04349   0.11328   3.79419   0.46689   1.07775   0.84714   0.27571  
111  0.0000  18530.634928  x:  0.39227   0.07942   0.26918   0.17992   0.01361   0.10106   0.08955   0.02040   0.08652   0.04479   0.89211   0.02013   0.11100   0.07412   0.03104   0.03243   0.01007   0.01940   0.00156   0.00365   0.01392   0.00994   0.00559   0.00722   0.00138   0.01329   0.00479   0.00834   0.00854   0.00711   0.01085   0.02768   0.04324   0.00492   0.02694   0.00914   0.01679   0.34103   0.00000   0.48634   0.05014   0.00858   0.06648   0.00114   0.00239   0.03983   0.00141   0.02110   0.01178   0.01739   0.03949   0.02715   0.00845   0.01269   0.01693   0.00231   0.00852   0.32805   0.16148   0.01937   0.18903   0.09741   0.04386   0.04349   0.11328   3.79420   0.46689   1.07776   0.84715   0.27571  
112  0.0000  18530.634928  x:  0.39227   0.07942   0.26918   0.17992   0.01361   0.10106   0.08955   0.02040   0.08652   0.04479   0.89211   0.02013   0.11100   0.07412   0.03104   0.03243   0.01007   0.01940   0.00156   0.00365   0.01392   0.00994   0.00559   0.00722   0.00138   0.01329   0.00479   0.00834   0.00854   0.00711   0.01085   0.02768   0.04324   0.00492   0.02694   0.00914   0.01679   0.34103   0.00000   0.48634   0.05014   0.00858   0.06648   0.00114   0.00239   0.03983   0.00141   0.02110   0.01178   0.01739   0.03949   0.02715   0.00845   0.01269   0.01693   0.00231   0.00852   0.32805   0.16148   0.01937   0.18903   0.09741   0.04386   0.04349   0.11328   3.79420   0.46689   1.07776   0.84715   0.27571  
113  0.0000  18530.634928  x:  0.39227   0.07942   0.26918   0.17992   0.01361   0.10106   0.08955   0.02040   0.08652   0.04479   0.89211   0.02013   0.11100   0.07412   0.03104   0.03243   0.01007   0.01940   0.00156   0.00365   0.01392   0.00994   0.00559   0.00722   0.00138   0.01329   0.00479   0.00834   0.00854   0.00711   0.01085   0.02768   0.04324   0.00492   0.02694   0.00914   0.01679   0.34103   0.00000   0.48634   0.05014   0.00858   0.06648   0.00114   0.00239   0.03983   0.00141   0.02110   0.01178   0.01739   0.03949   0.02715   0.00845   0.01269   0.01693   0.00231   0.00852   0.32805   0.16148   0.01937   0.18903   0.09741   0.04386   0.04349   0.11328   3.79420   0.46689   1.07776   0.84716   0.27571  
114  0.0000  18530.634928  x:  0.39227   0.07942   0.26918   0.17992   0.01361   0.10106   0.08955   0.02040   0.08652   0.04479   0.89211   0.02013   0.11100   0.07412   0.03104   0.03243   0.01007   0.01940   0.00156   0.00365   0.01392   0.00994   0.00559   0.00722   0.00138   0.01329   0.00479   0.00834   0.00854   0.00711   0.01085   0.02768   0.04324   0.00492   0.02694   0.00914   0.01679   0.34103   0.00000   0.48634   0.05014   0.00858   0.06648   0.00114   0.00239   0.03983   0.00141   0.02110   0.01178   0.01739   0.03949   0.02715   0.00845   0.01269   0.01693   0.00231   0.00852   0.32805   0.16148   0.01937   0.18903   0.09741   0.04386   0.04349   0.11328   3.79420   0.46689   1.07776   0.84716   0.27571  
115  0.0000  18530.634928  x:  0.39227   0.07942   0.26918   0.17992   0.01361   0.10106   0.08955   0.02040   0.08652   0.04479   0.89211   0.02013   0.11100   0.07412   0.03104   0.03243   0.01007   0.01940   0.00156   0.00365   0.01392   0.00994   0.00559   0.00722   0.00138   0.01329   0.00479   0.00834   0.00854   0.00711   0.01085   0.02768   0.04324   0.00492   0.02694   0.00914   0.01679   0.34103   0.00000   0.48634   0.05014   0.00858   0.06648   0.00114   0.00239   0.03983   0.00141   0.02110   0.01178   0.01739   0.03949   0.02715   0.00845   0.01269   0.01693   0.00231   0.00852   0.32805   0.16148   0.01937   0.18903   0.09741   0.04386   0.04349   0.11328   3.79420   0.46689   1.07776   0.84716   0.27571  